boundaryCurve{1} = [333.277, 294.013; 331.303, 293.686; 329.327, 293.361; 327.349, 293.04; 325.372, 292.722; 323.394, 292.409; 321.415, 292.1; 319.435, 291.795; 317.455, 291.497; 315.474, 291.203; 313.491, 290.915; 311.508, 290.635; 309.525, 290.361; 307.539, 290.093; 305.553, 289.834; 303.567, 289.582; 301.579, 289.339; 299.59, 289.104; 297.599, 288.878; 295.608, 288.662; 293.617, 288.456; 291.623, 288.26; 289.629, 288.075; 287.634, 287.901; 285.638, 287.738; 283.64, 287.587; 281.643, 287.449; 279.644, 287.323; 277.644, 287.211; 275.644, 287.112; 273.643, 287.027; 271.641, 286.957; 269.64, 286.901; 267.638, 286.861; 265.635, 286.836; 263.632, 286.828; 261.63, 286.836; 259.627, 286.86; 257.625, 286.902; 255.623, 286.962; 253.622, 287.04; 251.622, 287.137; 249.623, 287.253; 247.624, 287.387; 245.628, 287.542; 243.634, 287.717; 241.64, 287.912; 240.169, 288.067; 239.65, 288.119; 239.571, 288.126; 238.936, 288.178; 238.269, 288.217; 237.65, 288.237; 237.576, 288.238; 236.86, 288.236; 236.126, 288.203; 235.65, 288.164; 235.379, 288.135; 234.624, 288.026; 233.864, 287.869; 233.678, 287.823; 233.104, 287.66; 232.35, 287.392; 231.796, 287.151; 231.605, 287.059; 230.874, 286.657; 230.162, 286.178; 230.084, 286.12; 229.474, 285.618; 228.826, 284.986; 228.619, 284.758; 228.241, 284.303; 227.719, 283.569; 227.454, 283.135; 227.26, 282.786; 226.865, 281.954; 226.618, 281.32; 226.533, 281.074; 226.264, 280.147; 226.098, 279.389; 226.059, 279.173; 225.918, 278.155; 225.856, 277.404; 225.84, 277.092; 225.827, 275.985; 225.846, 275.404; 225.879, 274.836; 225.994, 273.644; 226.024, 273.408; 226.175, 272.412; 226.358, 271.435; 226.42, 271.14; 226.73, 269.828; 226.82, 269.481; 227.193, 268.113; 227.355, 267.551; 227.696, 266.416; 227.94, 265.636; 228.234, 264.737; 228.573, 263.736; 228.805, 263.074; 229.248, 261.851; 229.407, 261.427; 229.963, 259.98; 230.036, 259.796; 230.689, 258.179; 230.712, 258.123; 231.365, 256.575; 231.493, 256.279; 232.06, 254.984; 232.3, 254.446; 232.771, 253.405; 233.13, 252.623; 233.495, 251.838; 233.979, 250.809; 234.231, 250.281; 234.844, 249.003; 234.974, 248.733; 235.719, 247.202; 235.722, 247.195; 236.473, 245.664; 236.601, 245.403; 237.224, 244.141; 237.414, 243.755; 237.487, 243.607; 237.604, 243.369; 237.795, 242.983; 237.985, 242.597; 238.174, 242.211; 238.364, 241.824; 238.371, 241.81; 238.553, 241.438; 238.742, 241.052; 238.931, 240.666; 239.119, 240.279; 239.25, 240.011; 239.307, 239.892; 239.494, 239.505; 239.681, 239.118; 239.867, 238.731; 240.053, 238.344; 240.119, 238.206; 240.238, 237.956; 240.978, 236.386; 241.814, 234.574; 242.638, 232.741; 243.439, 230.914; 244.228, 229.065; 244.991, 227.224; 245.742, 225.357; 246.467, 223.498; 247.175, 221.618; 247.858, 219.739; 248.52, 217.846; 249.157, 215.949; 249.77, 214.044; 250.358, 212.126; 250.918, 210.211; 251.454, 208.274; 251.959, 206.34; 252.437, 204.393; 252.884, 202.441; 253.299, 200.486; 253.684, 198.516; 254.035, 196.547; 254.352, 194.57; 254.635, 192.586; 254.882, 190.602; 255.093, 188.608; 255.267, 186.613; 255.402, 184.618; 255.498, 182.614; 255.551, 180.615; 255.563, 178.609; 255.531, 176.609; 255.456, 174.606; 255.338, 172.607; 255.176, 170.612; 254.969, 168.618; 254.718, 166.635; 254.42, 164.651; 254.077, 162.681; 253.687, 160.714; 253.249, 158.761; 252.763, 156.819; 252.228, 154.887; 251.644, 152.977; 251.007, 151.073; 250.321, 149.193; 249.582, 147.333; 248.788, 145.492; 247.943, 143.681; 247.039, 141.89; 246.081, 140.132; 245.067, 138.409; 243.992, 136.715; 242.862, 135.064; 241.672, 133.455; 240.422, 131.892; 239.112, 130.379; 237.743, 128.917; 236.32, 127.508; 234.844, 126.156; 233.316, 124.861; 231.74, 123.625; 230.12, 122.451; 228.454, 121.338; 226.748, 120.289; 225.004, 119.307; 223.223, 118.391; 221.408, 117.545; 219.563, 116.769; 217.688, 116.065; 215.787, 115.436; 213.863, 114.882; 211.918, 114.405; 209.956, 114.008; 207.979, 113.691; 205.991, 113.456; 203.994, 113.306; 201.993, 113.241; 199.991, 113.263; 197.992, 113.372; 195.999, 113.568; 194.018, 113.847; 192.048, 114.209; 190.094, 114.65; 188.161, 115.167; 186.249, 115.761; 184.359, 116.427; 182.499, 117.163; 180.665, 117.969; 178.861, 118.841; 177.093, 119.775; 175.356, 120.773; 173.655, 121.831; 171.993, 122.946; 170.368, 124.118; 168.785, 125.343; 167.244, 126.62; 165.743, 127.95; 164.291, 129.325; 162.882, 130.749; 161.52, 132.219; 160.209, 133.729; 158.944, 135.284; 157.732, 136.877; 156.573, 138.506; 155.46, 140.177; 154.403, 141.871; 153.392, 143.602; 152.431, 145.357; 151.517, 147.138; 150.649, 148.947; 149.831, 150.77; 149.054, 152.622; 148.326, 154.481; 147.639, 156.365; 146.996, 158.26; 146.394, 160.17; 145.834, 162.094; 145.315, 164.026; 144.834, 165.973; 144.394, 167.923; 143.99, 169.889; 143.626, 171.854; 143.297, 173.835; 143.006, 175.811; 142.749, 177.803; 142.529, 179.787; 142.342, 181.787; 142.19, 183.778; 142.071, 185.783; 141.985, 187.778; 141.932, 189.785; 141.911, 191.783; 141.921, 193.79; 141.962, 195.796; 142.031, 197.796; 142.128, 199.798; 142.251, 201.796; 142.4, 203.794; 142.575, 205.788; 142.774, 207.781; 142.997, 209.771; 143.242, 211.759; 143.51, 213.743; 143.799, 215.726; 144.109, 217.703; 144.438, 219.68; 144.787, 221.651; 145.154, 223.621; 145.538, 225.586; 145.939, 227.549; 146.356, 229.507; 146.789, 231.463; 147.235, 233.415; 147.696, 235.365; 148.169, 237.311; 148.654, 239.254; 149.151, 241.194; 149.659, 243.131; 150.176, 245.067; 150.702, 246.998; 151.237, 248.93; 151.778, 250.856; 152.328, 252.785; 152.881, 254.706; 153.425, 256.613; 153.43, 256.632; 153.952, 258.55; 153.956, 258.564; 154.447, 260.491; 154.45, 260.505; 154.899, 262.435; 154.903, 262.456; 155.298, 264.377; 155.305, 264.418; 155.633, 266.315; 155.645, 266.392; 155.895, 268.244; 155.91, 268.377; 156.072, 270.162; 156.086, 270.372; 156.155, 272.065; 156.159, 272.373; 156.133, 273.95; 156.112, 274.375; 155.996, 275.813; 155.931, 276.368; 155.733, 277.652; 155.598, 278.341; 155.334, 279.463; 155.104, 280.279; 154.789, 281.242; 154.439, 282.165; 154.087, 282.986; 153.603, 283.981; 153.218, 284.692; 152.597, 285.717; 151.428, 287.341; 150.102, 288.839; 148.633, 290.198; 147.041, 291.41; 145.346, 292.475; 143.567, 293.395; 141.725, 294.178; 141.397, 294.301; 139.833, 294.835; 139.409, 294.964; 137.904, 295.377; 137.415, 295.496; 135.949, 295.815; 135.437, 295.912; 133.975, 296.159; 133.5, 296.229; 131.989, 296.422; 131.625, 296.462; 129.998, 296.613; 129.836, 296.626; 128.155, 296.737; 127.998, 296.746; 126.605, 296.811; 125.983, 296.835; 125.209, 296.863; 124.002, 296.906; 122, 296.977; 119.999, 297.047; 117.997, 297.118; 115.996, 297.189; 113.994, 297.26; 111.993, 297.33; 109.991, 297.401; 107.989, 297.472; 105.988, 297.543; 103.986, 297.613; 101.985, 297.684; 99.9834, 297.755; 97.9819, 297.826; 95.9804, 297.897; 93.9789, 297.967; 91.9774, 298.038; 89.9758, 298.109; 87.9743, 298.18; 85.9728, 298.25; 83.9713, 298.321; 81.9698, 298.392; 79.9683, 298.463; 77.9668, 298.533; 75.9652, 298.604; 73.9637, 298.675; 71.9622, 298.746; 69.9607, 298.816; 69.6414, 298.828; 69.582, 297.145; 69.5114, 295.144; 69.4407, 293.142; 69.3701, 291.141; 69.3592, 290.834; 71.0534, 290.774; 73.0549, 290.703; 75.0564, 290.632; 77.0579, 290.561; 79.0594, 290.491; 81.061, 290.42; 83.0625, 290.349; 85.064, 290.278; 87.0655, 290.208; 89.067, 290.137; 91.0685, 290.066; 93.07, 289.995; 95.0716, 289.925; 97.0731, 289.854; 99.0746, 289.783; 101.076, 289.712; 103.078, 289.641; 105.079, 289.571; 107.081, 289.5; 109.082, 289.429; 111.084, 289.358; 113.085, 289.288; 115.087, 289.217; 117.088, 289.146; 119.09, 289.075; 121.091, 289.005; 123.093, 288.934; 125.094, 288.863; 126.586, 288.799; 127.096, 288.772; 128.235, 288.701; 129.095, 288.636; 129.866, 288.569; 131.088, 288.442; 131.473, 288.397; 133.048, 288.177; 133.071, 288.174; 134.584, 287.904; 135.043, 287.808; 136.074, 287.569; 136.986, 287.325; 137.512, 287.168; 138.883, 286.696; 138.889, 286.693; 140.2, 286.138; 140.716, 285.885; 141.436, 285.495; 142.436, 284.867; 142.591, 284.759; 