boundaryCurve{1} = [333.277, 294.013; 331.305, 293.686; 329.331, 293.363; 327.354, 293.042; 325.376, 292.725; 323.396, 292.412; 321.414, 292.101; 319.433, 291.795; 317.454, 291.497; 315.473, 291.204; 313.491, 290.918; 311.507, 290.637; 309.522, 290.362; 307.535, 290.093; 305.549, 289.833; 303.561, 289.582; 301.573, 289.34; 299.584, 289.106; 297.594, 288.88; 295.602, 288.663; 293.61, 288.455; 291.615, 288.26; 289.62, 288.075; 287.625, 287.902; 285.628, 287.74; 283.632, 287.589; 281.634, 287.45; 279.635, 287.323; 277.634, 287.211; 275.633, 287.113; 273.632, 287.029; 271.631, 286.959; 269.629, 286.903; 267.628, 286.861; 265.625, 286.836; 263.622, 286.828; 261.619, 286.837; 259.616, 286.863; 257.614, 286.905; 255.612, 286.964; 253.611, 287.041; 251.612, 287.138; 249.614, 287.254; 247.617, 287.39; 245.62, 287.545; 243.624, 287.72; 241.629, 287.914; 239.64, 288.12; 239.571, 288.126; 238.269, 288.217; 237.648, 288.237; 236.86, 288.236; 235.641, 288.163; 235.379, 288.135; 233.864, 287.869; 233.666, 287.82; 232.35, 287.392; 231.785, 287.146; 230.874, 286.657; 230.076, 286.114; 229.474, 285.618; 228.614, 284.753; 228.241, 284.303; 227.45, 283.13; 227.26, 282.786; 226.615, 281.315; 226.533, 281.074; 226.097, 279.384; 226.059, 279.173; 225.855, 277.398; 225.84, 277.092; 225.845, 275.397; 226.022, 273.427; 226.354, 271.453; 226.82, 269.48; 227.355, 267.548; 227.941, 265.634; 228.574, 263.733; 229.249, 261.848; 229.964, 259.978; 230.714, 258.119; 231.494, 256.276; 232.301, 254.441; 233.132, 252.619; 233.981, 250.805; 234.846, 248.997; 235.721, 247.198; 236.604, 245.396; 237.489, 243.603; 237.604, 243.369; 237.985, 242.597; 238.364, 241.825; 238.373, 241.805; 238.742, 241.052; 239.119, 240.279; 239.252, 240.005; 239.494, 239.506; 239.868, 238.731; 240.122, 238.201; 240.238, 237.956; 240.989, 236.364; 241.832, 234.533; 242.65, 232.714; 243.443, 230.906; 244.238, 229.041; 245.009, 227.181; 245.752, 225.333; 246.471, 223.488; 247.186, 221.59; 247.871, 219.703; 248.526, 217.828; 249.163, 215.932; 249.78, 214.009; 250.366, 212.099; 250.921, 210.201; 251.461, 208.249; 251.968, 206.307; 252.441, 204.377; 252.888, 202.422; 253.306, 200.453; 253.688, 198.495; 254.037, 196.533; 254.357, 194.542; 254.639, 192.563; 254.884, 190.59; 255.096, 188.585; 255.269, 186.59; 255.403, 184.606; 255.499, 182.593; 255.552, 180.588; 255.563, 178.592; 255.531, 176.594; 255.455, 174.582; 255.337, 172.583; 255.175, 170.598; 254.967, 168.599; 254.714, 166.606; 254.417, 164.631; 254.075, 162.668; 253.682, 160.69; 253.243, 158.735; 252.76, 156.805; 252.222, 154.868; 251.635, 152.946; 251.001, 151.055; 250.316, 149.179; 249.571, 147.307; 248.779, 145.472; 247.939, 143.673; 247.037, 141.886; 246.079, 140.128; 245.063, 138.402; 243.991, 136.712; 242.859, 135.061; 241.668, 133.451; 240.418, 131.888; 239.108, 130.374; 237.74, 128.913; 236.314, 127.504; 234.836, 126.15; 233.309, 124.856; 231.735, 123.621; 230.115, 122.448; 228.452, 121.337; 226.748, 120.289; 225.003, 119.307; 223.22, 118.39; 221.404, 117.543; 219.558, 116.767; 217.684, 116.064; 215.784, 115.435; 213.86, 114.881; 211.916, 114.405; 209.954, 114.007; 207.978, 113.691; 205.99, 113.457; 203.994, 113.306; 201.993, 113.241; 199.992, 113.263; 197.993, 113.373; 196.001, 113.568; 194.019, 113.847; 192.05, 114.209; 190.097, 114.649; 188.164, 115.166; 186.252, 115.76; 184.364, 116.426; 182.502, 117.162; 180.669, 117.967; 178.867, 118.838; 177.097, 119.773; 175.361, 120.771; 173.66, 121.828; 171.998, 122.942; 170.374, 124.114; 168.79, 125.339; 167.249, 126.616; 165.75, 127.944; 164.296, 129.32; 162.888, 130.743; 161.527, 132.212; 160.214, 133.723; 158.95, 135.276; 157.738, 136.869; 156.585, 138.488; 155.48, 140.146; 154.415, 141.851; 153.4, 143.587; 152.446, 145.328; 151.532, 147.11; 150.656, 148.932; 149.842, 150.745; 149.07, 152.583; 148.335, 154.457; 147.645, 156.348; 147.007, 158.227; 146.405, 160.135; 145.84, 162.074; 145.321, 164.004; 144.843, 165.935; 144.401, 167.891; 143.994, 169.873; 143.631, 171.828; 143.304, 173.794; 143.01, 175.781; 142.751, 177.788; 142.532, 179.761; 142.346, 181.746; 142.192, 183.749; 142.072, 185.768; 141.986, 187.753; 141.933, 189.746; 141.911, 191.753; 141.921, 193.774; 141.962, 195.785; 142.03, 197.789; 142.126, 199.788; 142.25, 201.783; 142.399, 203.783; 142.573, 205.78; 142.772, 207.772; 142.995, 209.759; 143.241, 211.75; 143.508, 213.737; 143.797, 215.717; 144.107, 217.692; 144.437, 219.673; 144.785, 221.646; 145.151, 223.613; 145.536, 225.576; 145.938, 227.544; 146.354, 229.504; 146.786, 231.457; 147.234, 233.408; 147.695, 235.363; 148.168, 237.31; 148.652, 239.248; 149.15, 241.19; 149.658, 243.133; 150.175, 245.068; 150.7, 246.993; 151.236, 248.929; 151.779, 250.863; 152.327, 252.786; 152.88, 254.7; 153.428, 256.626; 153.954, 258.56; 154.45, 260.505; 154.902, 262.452; 155.306, 264.422; 155.644, 266.388; 155.91, 268.382; 156.086, 270.366; 156.159, 272.367; 156.114, 274.368; 155.931, 276.361; 155.601, 278.334; 155.106, 280.272; 154.442, 282.159; 153.606, 283.976; 152.603, 285.707; 151.435, 287.331; 150.109, 288.831; 148.642, 290.191; 147.05, 291.404; 145.355, 292.469; 143.577, 293.39; 141.735, 294.173; 139.846, 294.831; 137.918, 295.372; 135.965, 295.812; 133.959, 296.162; 131.994, 296.421; 129.959, 296.616; 128.002, 296.746; 125.952, 296.837; 124.013, 296.906; 122.011, 296.976; 120.009, 297.047; 118.007, 297.118; 116.005, 297.189; 114.004, 297.259; 112.002, 297.33; 110, 297.401; 107.998, 297.472; 105.996, 297.543; 103.994, 297.613; 101.992, 297.684; 99.9905, 297.755; 97.9887, 297.826; 95.9868, 297.896; 93.985, 297.967; 91.9831, 298.038; 89.9812, 298.109; 87.9794, 298.179; 85.9775, 298.25; 83.9756, 298.321; 81.9738, 298.392; 79.9719, 298.463; 77.97, 298.533; 75.9682, 298.604; 73.9663, 298.675; 71.9644, 298.746; 69.9626, 298.816; 69.6414, 298.828; 69.5821, 297.147; 69.5114, 295.145; 69.4407, 293.143; 69.37, 291.141; 69.3592, 290.834; 71.0532, 290.774; 73.0551, 290.703; 75.0569, 290.632; 77.0588, 290.561; 79.0606, 290.491; 81.0625, 290.42; 83.0644, 290.349; 85.0662, 290.278; 87.0681, 290.208; 89.07, 290.137; 91.0718, 290.066; 93.0737, 289.995; 95.0756, 289.924; 97.0774, 289.854; 99.0793, 289.783; 101.081, 289.712; 103.083, 289.641; 105.085, 289.571; 107.087, 289.5; 109.089, 289.429; 111.09, 289.358; 113.092, 289.288; 115.094, 289.217; 117.096, 289.146; 119.098, 289.075; 121.1, 289.004; 123.102, 288.934; 125.104, 288.863; 127.109, 288.771; 129.11, 288.635; 131.101, 288.441; 133.095, 288.17; 135.049, 287.808; 136.991, 287.323; 138.891, 286.693; 140.721, 285.884; 142.44, 284.864; 144, 283.613; 145.343, 282.131; 146.422, 280.448; 147.223, 278.618; 147.754, 276.691; 148.048, 274.712; 148.145, 272.714; 148.081, 270.713; 147.89, 268.734; 147.593, 266.743; 147.22, 264.784; 146.78, 262.822; 146.293, 260.879; 145.769, 258.943; 145.221, 257.015; 144.67, 255.101; 144.123, 253.179; 143.579, 251.246; 143.04, 249.307; 142.515, 247.384; 141.998, 245.451; 141.487, 243.509; 140.986, 241.563; 140.501, 239.628; 140.025, 237.683; 139.56, 235.73; 139.108, 233.775; 138.673, 231.826; 138.252, 229.868; 137.844, 227.903; 137.451, 225.936; 137.078, 223.973; 136.722, 222.003; 136.382, 220.025; 136.06, 218.046; 135.761, 216.07; 135.481, 214.088; 135.22, 212.099; 134.981, 210.107; 134.765, 208.121; 134.573, 206.129; 134.402, 204.13; 134.255, 202.129; 134.135, 200.136; 134.04, 198.137; 133.97, 196.133; 133.925, 194.121; 133.91, 192.101; 133.926, 190.092; 133.971, 188.094; 134.047, 186.107; 134.154, 184.101; 134.293, 182.092; 134.464, 180.096; 134.665, 178.115; 134.899, 176.132; 135.169, 174.132; 135.47, 172.149; 135.804, 170.183; 136.171, 168.229; 136.579, 166.249; 137.02, 164.29; 137.494, 162.352; 138.001, 160.435; 138.556, 158.489; 139.145, 156.569; 139.768, 154.674; 140.425, 152.803; 141.136, 150.908; 141.882, 149.044; 142.663, 147.21; 143.483, 145.398; 144.359, 143.578; 145.271, 141.792; 146.219, 140.041; 147.214, 138.309; 148.263, 136.588; 149.349, 134.908; 150.473, 133.268; 151.647, 131.653; 152.871, 130.067; 154.139, 128.519; 