boundaryCurve{1} = [333.277, 294.013; 331.304, 293.686; 329.328, 293.361; 327.351, 293.04; 325.374, 292.722; 323.398, 292.409; 321.419, 292.1; 319.439, 291.796; 317.46, 291.497; 315.48, 291.204; 313.498, 290.916; 311.516, 290.636; 309.532, 290.362; 307.548, 290.094; 305.563, 289.835; 303.576, 289.583; 301.589, 289.34; 299.601, 289.105; 297.611, 288.88; 295.621, 288.664; 293.63, 288.457; 291.637, 288.261; 289.643, 288.076; 287.649, 287.902; 285.653, 287.739; 283.657, 287.589; 281.66, 287.45; 279.662, 287.324; 277.662, 287.212; 275.663, 287.113; 273.663, 287.028; 271.662, 286.957; 269.661, 286.902; 267.659, 286.861; 265.657, 286.836; 263.655, 286.828; 261.653, 286.835; 259.652, 286.86; 257.65, 286.902; 255.649, 286.962; 253.649, 287.039; 251.649, 287.135; 249.651, 287.251; 247.653, 287.385; 245.657, 287.539; 243.663, 287.714; 241.67, 287.909; 240.169, 288.067; 239.681, 288.116; 239.571, 288.126; 238.936, 288.178; 238.269, 288.217; 237.682, 288.237; 237.576, 288.238; 236.86, 288.236; 236.126, 288.203; 235.683, 288.167; 235.379, 288.135; 234.624, 288.026; 233.864, 287.869; 233.71, 287.831; 233.104, 287.66; 232.35, 287.392; 231.827, 287.166; 231.605, 287.059; 230.874, 286.657; 230.162, 286.178; 230.111, 286.14; 229.474, 285.618; 228.826, 284.986; 228.642, 284.784; 228.241, 284.303; 227.719, 283.569; 227.472, 283.166; 227.26, 282.786; 226.865, 281.954; 226.63, 281.355; 226.533, 281.074; 226.264, 280.147; 226.105, 279.426; 226.059, 279.173; 225.918, 278.155; 225.859, 277.442; 225.84, 277.092; 225.827, 275.985; 225.844, 275.442; 225.879, 274.836; 225.994, 273.644; 226.019, 273.447; 226.175, 272.412; 226.35, 271.474; 226.42, 271.14; 226.73, 269.828; 226.809, 269.52; 227.193, 268.113; 227.343, 267.591; 227.696, 266.416; 227.928, 265.676; 228.234, 264.737; 228.559, 263.776; 228.805, 263.074; 229.234, 261.891; 229.407, 261.427; 229.947, 260.021; 230.036, 259.796; 230.689, 258.179; 230.695, 258.164; 231.365, 256.575; 231.475, 256.32; 232.06, 254.984; 232.281, 254.487; 232.771, 253.405; 233.111, 252.665; 233.495, 251.838; 233.959, 250.852; 234.231, 250.281; 234.823, 249.045; 234.974, 248.733; 235.698, 247.245; 235.722, 247.195; 236.473, 245.664; 236.58, 245.447; 237.224, 244.141; 237.414, 243.755; 237.465, 243.652; 237.604, 243.369; 237.795, 242.983; 237.985, 242.597; 238.174, 242.211; 238.349, 241.855; 238.364, 241.824; 238.553, 241.438; 238.742, 241.052; 238.931, 240.666; 239.119, 240.279; 239.227, 240.056; 239.307, 239.892; 239.494, 239.505; 239.681, 239.118; 239.867, 238.731; 240.053, 238.344; 240.097, 238.253; 240.238, 237.956; 240.956, 236.433; 241.792, 234.622; 242.616, 232.79; 243.418, 230.964; 244.207, 229.116; 244.971, 227.275; 245.722, 225.409; 246.446, 223.551; 247.155, 221.672; 247.838, 219.794; 248.501, 217.902; 249.138, 216.005; 249.752, 214.101; 250.341, 212.185; 250.901, 210.269; 251.438, 208.334; 251.944, 206.401; 252.422, 204.455; 252.87, 202.504; 253.286, 200.549; 253.672, 198.581; 254.024, 196.613; 254.342, 194.635; 254.626, 192.653; 254.874, 190.67; 255.087, 188.676; 255.261, 186.682; 255.398, 184.688; 255.51, 182.69; 255.614, 180.69; 255.708, 178.69; 255.791, 176.689; 255.859, 174.687; 255.911, 172.685; 255.943, 170.683; 255.956, 168.68; 255.944, 166.678; 255.907, 164.675; 255.84, 162.677; 255.741, 160.673; 255.607, 158.682; 255.433, 156.68; 255.217, 154.693; 254.953, 152.706; 254.638, 150.729; 254.268, 148.765; 253.835, 146.806; 253.339, 144.872; 252.767, 142.95; 252.12, 141.056; 251.391, 139.197; 250.571, 137.368; 249.661, 135.588; 248.654, 133.86; 247.549, 132.193; 246.338, 130.583; 245.082, 129.014; 243.8, 127.473; 242.502, 125.979; 241.137, 124.489; 239.741, 123.054; 238.303, 121.678; 236.804, 120.356; 235.237, 119.101; 233.609, 117.937; 231.917, 116.876; 230.158, 115.93; 228.336, 115.11; 226.458, 114.423; 224.533, 113.873; 222.578, 113.457; 220.603, 113.166; 218.615, 112.986; 216.616, 112.906; 214.609, 112.911; 212.607, 112.989; 210.582, 113.127; 208.597, 113.308; 206.613, 113.542; 204.625, 113.838; 202.66, 114.199; 200.716, 114.633; 198.778, 115.154; 196.87, 115.764; 195, 116.469; 193.171, 117.273; 191.389, 118.18; 189.66, 119.188; 187.994, 120.292; 186.392, 121.486; 184.854, 122.764; 183.377, 124.12; 181.964, 125.537; 180.616, 127.005; 179.316, 128.526; 178.057, 130.099; 176.859, 131.686; 175.691, 133.323; 174.582, 134.997; 173.539, 136.696; 172.549, 138.438; 171.615, 140.21; 170.738, 142.004; 169.908, 143.835; 169.136, 145.673; 168.41, 147.542; 167.733, 149.425; 167.103, 151.322; 166.515, 153.242; 165.974, 155.162; 165.47, 157.111; 165.012, 159.048; 164.588, 161.015; 164.206, 162.97; 163.857, 164.95; 163.546, 166.919; 163.266, 168.909; 163.021, 170.888; 162.806, 172.888; 162.624, 174.872; 162.47, 176.879; 162.346, 178.866; 162.249, 180.876; 162.18, 182.867; 162.138, 184.875; 162.121, 186.871; 162.128, 188.876; 162.167, 190.884; 162.27, 192.884; 162.439, 194.879; 162.669, 196.866; 162.955, 198.847; 163.292, 200.821; 163.678, 202.788; 164.105, 204.742; 164.571, 206.688; 165.073, 208.627; 165.608, 210.558; 166.169, 212.478; 166.757, 214.392; 167.368, 216.3; 167.998, 218.2; 168.644, 220.095; 169.306, 221.985; 169.98, 223.871; 170.662, 225.753; 171.353, 227.633; 172.048, 229.51; 172.746, 231.386; 173.275, 232.807; 173.444, 233.262; 173.734, 234.045; 174.14, 235.14; 174.194, 235.286; 174.652, 236.531; 174.831, 237.019; 175.108, 237.778; 175.515, 238.9; 175.561, 239.026; 176.009, 240.276; 176.19, 240.785; 176.452, 241.526; 176.853, 242.674; 176.889, 242.776; 177.318, 244.025; 177.502, 244.569; 177.738, 245.272; 178.134, 246.468; 178.149, 246.516; 178.549, 247.758; 178.745, 248.376; 178.938, 248.995; 179.314, 250.228; 179.332, 250.289; 179.676, 251.456; 179.893, 252.21; 180.225, 253.384; 180.434, 254.138; 180.752, 255.321; 180.949, 256.074; 181.247, 257.262; 181.428, 258.018; 181.699, 259.206; 181.863, 259.973; 182.098, 261.149; 182.243, 261.939; 182.434, 263.086; 182.556, 263.916; 182.695, 265.016; 182.788, 265.905; 182.873, 266.934; 182.927, 267.902; 182.956, 268.837; 182.957, 269.903; 182.934, 270.722; 182.861, 271.901; 182.796, 272.586; 182.624, 273.887; 182.533, 274.424; 182.232, 275.849; 182.134, 276.235; 181.674, 277.77; 181.589, 278.014; 180.944, 279.632; 180.887, 279.759; 180.043, 281.419; 180.018, 281.465; 178.977, 283.112; 177.748, 284.69; 176.367, 286.137; 174.85, 287.441; 173.215, 288.599; 171.488, 289.607; 169.684, 290.474; 168.197, 291.072; 167.823, 291.209; 166.209, 291.735; 165.917, 291.821; 164.215, 292.267; 163.979, 292.322; 162.238, 292.683; 162.017, 292.724; 160.301, 293; 160.038, 293.037; 158.426, 293.233; 158.047, 293.272; 156.637, 293.398; 156.047, 293.441; 154.956, 293.509; 154.044, 293.555; 153.406, 293.583; 152.058, 293.633; 152.01, 293.635; 150.064, 293.71; 148.069, 293.797; 146.074, 293.892; 144.077, 293.994; 142.075, 294.102; 140.067, 294.214; 138.071, 294.33; 136.077, 294.448; 134.075, 294.571; 132.071, 294.695; 130.079, 294.821; 128.079, 294.949; 126.076, 295.079; 124.083, 295.21; 122.083, 295.343; 120.084, 295.476; 118.087, 295.61; 116.087, 295.745; 114.09, 295.881; 112.092, 296.017; 110.094, 296.153; 108.096, 296.29; 106.1, 296.426; 104.102, 296.563; 102.104, 296.699; 100.106, 296.835; 98.108, 296.97; 96.1087, 297.106; 94.1134, 297.24; 92.1125, 297.373; 90.1137, 297.506; 88.1198, 297.637; 86.1162, 297.767; 84.1182, 297.895; 82.125, 298.022; 80.1194, 298.147; 78.1204, 298.269; 76.13, 298.388; 74.1239, 298.504; 72.12, 298.617; 70.8772, 298.685; 70.8428, 297.942; 70.7502, 295.942; 70.6576, 293.942; 70.565, 291.942; 70.5072, 290.694; 71.2462, 290.654; 73.2544, 290.541; 75.2473, 290.426; 77.2427, 290.307; 79.2458, 290.185; 81.2478, 290.061; 83.2406, 289.935; 85.2416, 289.807; 87.2427, 289.677; 89.2369, 289.546; 91.2376, 289.414; 93.2359, 289.28; 95.2326, 289.146; 97.2328, 289.011; 99.2295, 288.876; 101.228, 288.74; 103.226, 288.604; 105.224, 288.467; 107.22, 288.331; 109.218, 288.194; 111.216, 288.058; 113.214, 287.922; 115.212, 287.786; 117.211, 287.651; 119.206, 287.517; 121.208, 287.383; 123.206, 287.251; 