boundaryCurve{1} = [32, 129.554; 33.38, 128.084; 34.7941, 126.649; 36.2415, 125.247; 37.7216, 123.881; 39.2338, 122.55; 40.7774, 121.255; 42.352, 119.996; 43.9543, 118.773; 45.5773, 117.577; 47.2202, 116.41; 48.8826, 115.272; 50.5643, 114.162; 52.2649, 113.081; 53.9839, 112.029; 55.721, 111.006; 57.475, 110.013; 59.2415, 109.042; 61.02, 108.093; 62.8102, 107.168; 64.6119, 106.265; 66.4249, 105.385; 68.249, 104.528; 70.084, 103.694; 71.9296, 102.884; 73.7515, 102.108; 75.5536, 101.36; 77.3783, 100.625; 79.2255, 99.9021; 81.0951, 99.1922; 82.9873, 98.495; 84.9019, 97.8105; 86.8391, 97.1386; 88.7987, 96.4794; 90.7808, 95.8328; 92.678, 95.2322; 94.5534, 94.6557; 96.446, 94.0907; 98.3558, 93.5374; 100.283, 92.9957; 102.227, 92.4657; 104.188, 91.9472; 106.166, 91.4404; 108.162, 90.9453; 110.174, 90.4617; 112.171, 89.9974; 114.087, 89.5663; 116.015, 89.1462; 117.957, 88.7368; 119.912, 88.3384; 121.88, 87.9508; 123.861, 87.574; 125.856, 87.2081; 127.864, 86.853; 129.885, 86.5089; 131.919, 86.1755; 133.955, 85.8547; 135.903, 85.5604; 137.862, 85.2763; 139.83, 85.0024; 141.809, 84.7389; 143.798, 84.4856; 145.797, 84.2428; 147.806, 84.0104; 149.824, 83.7884; 151.851, 83.5769; 153.888, 83.376; 155.933, 83.1856; 157.959, 83.0083; 159.931, 82.8464; 161.911, 82.6943; 163.899, 82.5521; 165.895, 82.4198; 167.898, 82.2975; 169.909, 82.1853; 171.927, 82.083; 173.952, 81.9909; 175.984, 81.9089; 178.023, 81.837; 180.068, 81.7754; 182.12, 81.724; ];
boundaryCurve{2} = [44.407, 132.768; 45.3936, 130.991; 46.4349, 129.247; 47.5302, 127.537; 48.6786, 125.862; 49.8794, 124.224; 51.1313, 122.623; 52.4258, 121.056; 53.7582, 119.523; 55.1279, 118.023; 56.5342, 116.557; 57.9766, 115.127; 59.4543, 113.732; 60.9622, 112.369; 62.4955, 111.036; 64.054, 109.733; 65.6371, 108.46; 67.2445, 107.217; 68.8757, 106.006; 70.53, 104.825; 72.2028, 103.671; 73.8925, 102.543; 75.5987, 101.44; 77.3212, 100.362; 79.0598, 99.3107; 80.814, 98.2853; 82.5836, 97.2861; 84.313, 96.3377; 86.0637, 95.4058; 87.8424, 94.487; 89.6491, 93.5813; 91.4838, 92.6887; 93.3465, 91.8093; 95.2371, 90.9429; 97.1523, 90.0913; 98.9642, 89.3087; 100.798, 88.539; 102.654, 87.782; 104.532, 87.0379; 106.432, 86.3065; 108.354, 85.588; 110.298, 84.8822; 112.264, 84.1893; 114.18, 83.5332; 116.062, 82.907; 117.962, 82.2926; 119.881, 81.69; 121.818, 81.0993; 123.773, 80.5203; 125.747, 79.9531; 127.739, 79.3978; 129.75, 78.8543; 131.714, 78.3395; 133.641, 77.8495; 135.583, 77.3709; 137.54, 76.9037; 139.511, 76.4479; 141.497, 76.0035; 143.497, 75.5706; 145.511, 75.149; 147.54, 74.7388; 149.584, 74.34; ];
openCurve = [true true ];
