b{1}=[255.9,24.5;254.437889,23.135363;252.975779,21.770727;251.513668,20.40609;250.051558,19.041454;248.589447,17.676817;247.127337,16.312181;245.665226,14.947544;244.203116,13.582908;242.636391,12.345829;241.071688,11.137607;239.245848,10.208527;237.317276,9.900355;235.413018,10.344884;233.985766,11.763689;233.123753,13.52879;232.666077,15.471387;232.33055,17.473575;232.040829,19.418786;231.787822,21.412098;231.681475,23.407273;231.466758,25.398084;231.4,27.38592;231.305138,29.375605;231.3,31.374731;231.3,33.378962;231.3,34.3;];
clusterIdx(1)=1;
b{2}=[235.9,18.3;237.080239,19.920507;238.01391,21.668695;238.714044,23.559104;239.170622,25.462773;239.411275,27.505282;239.426219,29.511723;239.207228,31.452091;238.781709,33.411386;238.2,35.1;];
clusterIdx(2)=1;
b{3}=[249.3,18.3;251.080164,19.222293;252.884221,20.030536;254.781085,20.724388;256.697547,21.289381;258.648291,21.744992;260.589278,22.217856;262.580242,22.62306;264.50478,23.020956;266.465941,23.413188;268.427102,23.80542;270.408961,24.20641;272.320075,24.70667;274.201157,25.254783;276.128666,25.957162;277.987334,26.655183;279.771142,27.533945;281.529132,28.53776;283.153139,29.689894;284.704636,30.947096;286.137143,32.370659;287.32962,33.947393;288.338811,35.657986;289.131443,37.504062;289.564208,39.460993;289.749403,41.444631;290.044155,43.446294;290.890057,45.204066;292.343578,46.55787;294.120069,47.404014;296.033047,47.977682;297.930414,48.610138;299.82778,49.242593;301.725147,49.875049;303.622513,50.507504;305.51988,51.13996;307.417247,51.772416;309.32173,52.380432;311.211058,53.029147;313.010107,53.858923;314.703137,54.935948;316.046458,56.387754;316.806734,58.233597;316.898952,60.203152;316.043308,61.956692;314.362737,62.945555;312.365863,62.975703;311.3,62.2;];
clusterIdx(3)=1;
b{4}=[311.4,62.5;310.133588,64.056328;308.877329,65.570671;307.521543,67.080547;306.158419,68.528733;304.723267,69.966671;303.268383,71.283907;301.72764,72.550135;300.080718,73.650655;298.300124,74.637885;296.459328,75.413557;294.527089,75.979607;292.564221,76.330982;290.579101,76.4;288.579101,76.4;286.579101,76.4;284.573315,76.401839;282.579003,76.45298;280.592132,76.550488;278.567445,76.729139;276.587837,76.996656;274.643562,77.366692;272.697418,77.824137;270.750584,78.282216;268.815853,78.745017;266.908539,79.306101;265.001224,79.953029;263.095738,80.626821;261.210627,81.321109;259.376681,82.066562;257.572411,82.841386;255.716533,83.615835;253.835872,84.394472;251.989109,85.218591;250.186945,86.048729;248.390226,86.854122;246.586802,87.713691;244.783378,88.608317;242.982402,89.481839;241.181705,90.352176;239.381007,91.222513;237.580309,92.092851;235.779611,92.963188;233.978913,93.833525;232.178215,94.703863;230.377517,95.5742;228.576819,96.444537;226.776121,97.314875;224.975423,98.185212;223.174725,99.055549;221.374028,99.925887;219.57333,100.796224;217.772632,101.666561;215.971934,102.536899;214.171236,103.407236;212.370538,104.277573;210.56984,105.147911;208.769142,106.018248;206.968444,106.888585;205.167746,107.758923;203.367049,108.62926;201.566351,109.499597;199.765653,110.369935;197.964955,111.240272;196.6,111.9;];
clusterIdx(4)=1;
b{5}=[300.8,72.7;298.8,72.7;296.810628,72.598471;294.818212,72.379725;292.844392,72.061098;290.900184,71.59235;290.5,71.5;];
clusterIdx(5)=1;
b{6}=[222.6,45.8;222.739769,47.80221;222.697369,49.7923;222.610573,51.790305;222.38839,53.772813;222.030879,55.745605;221.638647,57.706766;221.154408,59.632491;220.564874,61.566844;219.972081,63.461551;219.365985,65.356704;218.656538,67.259988;218.040243,69.13249;217.326743,71.052207;216.599796,72.841291;215.726348,74.646264;214.804098,76.456998;213.885299,78.229315;212.878658,79.968286;211.781698,81.627453;210.672297,83.291554;209.511301,84.954826;208.339509,86.513238;207.132245,88.086324;205.846986,89.718724;204.577892,91.210917;204.5,91.3;];
clusterIdx(6)=1;
b{7}=[209.6,72.9;208.495863,74.579117;207.342591,76.209099;206.168839,77.815173;204.991105,79.41078;203.78134,81.006388;202.522186,82.59245;201.255726,84.132664;199.989266,85.670578;198.71045,87.230056;197.377479,88.709557;196.010247,90.161042;194.632454,91.626562;193.254046,93.061392;191.875639,94.51144;190.471985,95.946681;189.017183,97.303171;187.537189,98.658258;186.051804,99.997462;184.539029,101.28951;182.976324,102.560134;181.430453,103.826594;179.895862,105.093054;178.9,105.9;];
clusterIdx(7)=1;
b{8}=[187.4,99.8;188.153392,101.645225;189.099778,103.412658;190.214392,105.084505;191.479827,106.577605;192.745864,108.156056;194.012259,109.68217;195.278487,111.239318;196.493193,112.891978;197.588126,114.454544;198.775794,116.142123;199.819771,117.837228;200.831393,119.555805;201.843314,121.275995;202.738296,123.061976;203.583534,124.926381;204.298483,126.709751;205.006374,128.62516;205.694435,130.491587;206.17413,132.407946;206.334851,134.412441;206.198609,136.405591;205.699786,138.335742;204.721554,140.067669;203.515194,141.657044;202.059833,143.033646;200.524074,144.303498;198.967798,145.551507;197.3927,146.787941;195.802088,147.984903;194.211795,149.205011;192.556605,150.36575;190.915614,151.472906;189.274504,152.585971;187.544072,153.610979;185.808578,154.631805;184.057364,155.585616;182.8,156.3;];
clusterIdx(8)=1;
b{9}=[188.9,136.3;189.108981,138.293943;189.123379,140.287886;188.969932,142.272505;188.705525,144.268145;188.275108,146.226426;187.746882,148.145082;187.101732,150.034699;186.311847,151.879995;185.373319,153.625259;184.288067,155.319044;183.125005,156.91737;182.6,157.6;];
clusterIdx(9)=1;
b{10}=[153.8,53.2;152.948406,55.009637;152.096812,56.819275;151.245218,58.628912;150.393624,60.43855;149.54203,62.248187;148.697631,64.056553;147.895943,65.892806;147.097286,67.732089;146.303971,69.549013;145.51329,71.402339;144.728412,73.249862;143.986325,75.105856;143.249599,76.951176;142.512874,78.810589;141.793649,80.692927;141.102867,82.548786;140.390812,84.427542;139.721848,86.341004;139.031734,88.227188;138.374061,90.059661;137.741618,91.932821;137.109174,93.8605;136.467867,95.769728;135.83817,97.668743;135.278316,99.587619;134.723727,101.507198;134.215253,103.438989;133.73107,105.385023;133.366657,107.343677;133.024653,109.31614;132.783923,111.265978;132.597521,113.328342;132.5,114.5;];
clusterIdx(10)=1;
b{11}=[132.3,112.1;133.127163,113.896136;134.357932,115.455064;135.885418,116.789063;137.523277,117.911321;139.339791,118.732526;141.160538,119.597374;143.03301,120.296571;144.901107,120.992367;146.789168,121.601427;148.743536,122.158188;150.658278,122.715919;152.622142,123.251526;154.527245,123.713483;156.4638,124.213239;158.400355,124.712995;160.336909,125.212751;162.273464,125.712507;164.200107,126.248418;166.119945,126.805983;167.985576,127.382401;169.966237,128.073731;171.82581,128.686292;173.685851,129.35649;175.547559,130.142805;177.394082,130.978009;179.118892,131.802444;180.930564,132.765124;182.725974,133.785977;184.326041,134.804353;186.00482,135.980764;187.566116,137.175304;188.8,138.2;];
clusterIdx(11)=1;
b{12}=[92.3,54.2;91.72879,52.286369;91.819592,52.642962;92.361079,54.557835;92.888569,56.538916;93.309375,58.421701;93.79862,60.39911;94.310539,62.308522;94.788695,64.262063;95.240737,66.184063;95.611643,68.170416;96.045504,70.12672;96.419645,72.082727;96.856672,74.038539;97.261761,76.00437;97.588287,77.970866;97.956864,79.93661;98.325441,81.902354;98.667076,83.878463;98.942914,85.8572;99.190251,87.825103;99.416902,89.790717;99.588476,91.811409;99.706073,93.827698;99.786343,95.794414;99.799314,97.849577;99.777686,99.839555;99.692837,101.811998;99.507022,103.827777;99.214463,105.796041;98.834883,107.765487;98.387358,109.700306;97.830326,111.59827;97.189343,113.481517;96.454089,115.364765;95.605479,117.195077;94.692102,118.963906;93.695159,120.670274;92.642925,122.37656;91.515933,124.051055;90.384896,125.683252;89.240153,127.341122;88.016592,128.919978;86.77123,130.47116;85.608288,132.096985;84.484685,133.768248;83.353648,135.404347;82.221183,137.070771;81.160858,138.797216;80.230645,140.529698;79.364603,142.307837;78.564028,144.150493;78.5,144.3;];
