boundaryCurve{1} = [385.7, 994; 387.615, 992.905; 389.523, 991.807; 391.424, 990.705; 393.319, 989.599; 395.206, 988.49; 397.087, 987.377; 398.962, 986.261; 400.83, 985.141; 402.691, 984.018; 404.546, 982.891; 406.394, 981.762; 408.236, 980.629; 410.071, 979.492; 411.9, 978.353; 413.723, 977.21; 415.54, 976.064; 417.351, 974.915; 419.155, 973.763; 420.953, 972.608; 422.745, 971.45; 424.532, 970.289; 426.312, 969.126; 428.086, 967.959; 429.855, 966.789; 431.618, 965.617; 433.375, 964.442; 435.126, 963.264; 436.872, 962.084; 438.612, 960.901; 440.346, 959.715; 442.075, 958.527; 443.798, 957.336; 445.516, 956.143; 447.229, 954.947; 448.936, 953.749; 450.638, 952.549; 452.335, 951.346; 454.026, 950.141; 455.713, 948.934; 457.394, 947.724; 459.07, 946.512; 460.741, 945.298; 462.407, 944.082; 464.069, 942.864; 465.725, 941.644; 467.377, 940.422; 469.023, 939.198; 470.665, 937.973; 472.303, 936.745; 473.935, 935.515; 475.564, 934.284; 477.187, 933.051; 478.806, 931.816; 480.421, 930.579; 482.031, 929.341; 483.637, 928.101; 485.238, 926.86; 486.835, 925.617; 488.428, 924.373; 490.017, 923.127; 491.602, 921.88; 493.182, 920.631; 494.759, 919.381; 496.332, 918.13; 497.9, 916.877; 499.465, 915.624; 501.026, 914.369; 502.583, 913.113; 504.136, 911.856; 505.686, 910.598; 507.232, 909.338; 508.774, 908.078; 510.313, 906.817; 511.848, 905.555; 513.379, 904.292; 514.908, 903.028; 516.433, 901.763; 517.954, 900.498; 519.472, 899.232; 520.987, 897.965; 522.499, 896.698; 524.008, 895.43; 525.513, 894.161; 527.016, 892.892; 528.515, 891.622; 530.012, 890.352; 531.505, 889.082; 532.996, 887.811; 534.484, 886.54; 535.969, 885.268; 537.451, 883.996; 538.931, 882.724; 540.408, 881.452; 541.882, 880.18; 543.354, 878.907; 544.823, 877.635; 546.29, 876.362; 547.755, 875.09; 549.217, 873.817; 550.676, 872.545; 552.134, 871.273; 553.589, 870; 555.042, 868.728; 556.493, 867.457; 557.942, 866.185; 559.389, 864.914; 560.834, 863.643; 562.277, 862.373; 563.717, 861.103; 565.157, 859.833; 566.594, 858.564; 568.029, 857.296; 569.463, 856.028; 570.895, 854.761; 572.326, 853.494; 573.755, 852.228; 575.182, 850.963; 576.608, 849.698; 578.033, 848.435; 579.456, 847.172; 580.878, 845.91; 582.298, 844.649; 583.718, 843.389; 585.136, 842.13; 586.552, 840.872; 587.968, 839.615; 589.383, 838.359; 590.797, 837.104; 592.209, 835.851; 593.621, 834.599; 595.032, 833.348; 596.442, 832.098; 597.851, 830.85; 599.26, 829.603; 600.668, 828.357; 602.075, 827.113; 603.482, 825.871; 604.888, 824.629; 606.293, 823.39; 607.698, 822.152; 609.103, 820.916; 610.507, 819.681; 611.911, 818.449; 613.315, 817.218; 614.718, 815.988; 616.122, 814.761; 617.525, 813.535; 618.928, 812.312; 620.331, 811.09; 621.734, 809.87; 623.137, 808.653; 624.54, 807.437; 625.944, 806.224; 627.347, 805.012; 628.751, 803.803; 630.155, 802.596; 631.56, 801.392; 632.964, 800.189; 634.369, 798.989; 635.775, 797.792; 637.181, 796.597; 638.588, 795.404; 639.995, 794.214; 641.403, 793.026; 642.812, 791.841; 644.221, 790.658; 645.632, 789.478; 647.043, 788.301; 648.455, 787.126; 649.868, 785.955; 651.282, 784.786; 652.697, 783.619; 654.112, 782.456; 655.53, 781.296; 656.948, 780.138; 658.367, 778.984; 659.788, 777.833; 661.21, 776.684; 662.634, 775.539; 664.058, 774.397; 665.485, 773.258; 666.912, 772.122; 668.342, 770.99; 669.773, 769.861; 671.205, 768.735; 672.639, 767.612; 674.075, 766.493; 675.513, 765.378; 676.952, 764.266; 678.394, 763.157; 679.837, 762.052; 681.282, 760.951; 682.729, 759.853; 684.179, 758.759; 685.63, 757.668; 687.084, 756.582; 688.539, 755.499; 689.997, 754.42; 691.457, 753.345; 692.92, 752.273; 694.385, 751.206; 695.852, 750.143; 697.322, 749.083; 698.795, 748.028; 700.269, 746.977; 701.747, 745.93; 703.227, 744.887; 704.71, 743.848; 706.196, 742.814; 707.684, 741.784; 709.175, 740.758; 710.669, 739.737; 712.166, 738.72; 713.667, 737.707; 715.17, 736.699; 716.676, 735.695; 718.185, 734.696; 719.697, 733.702; 721.213, 732.712; 722.732, 731.727; 724.254, 730.747; 725.78, 729.771; 727.309, 728.8; 728.841, 727.834; 730.377, 726.873; 731.917, 725.917; 733.46, 724.965; 735.006, 724.019; 736.557, 723.077; 738.111, 722.141; 739.668, 721.21; 741.23, 720.284; 742.796, 719.363; 744.365, 718.447; 745.938, 717.537; 747.516, 716.631; 749.097, 715.732; 750.683, 714.837; 752.272, 713.948; 753.866, 713.064; 755.464, 712.186; 757.067, 711.313; 758.673, 710.446; 760.284, 709.585; 761.9, 708.729; 763.52, 707.878; 765.144, 707.034; 766.773, 706.195; 768.407, 705.362; 770.045, 704.535; 771.688, 703.713; 773.336, 702.898; 774.989, 702.088; 776.646, 701.285; 778.308, 700.487; 779.975, 699.696; 781.648, 698.91; 783.325, 698.131; 785.007, 697.358; 786.695, 696.591; 788.387, 695.83; 790.085, 695.076; 791.788, 694.328; 793.496, 693.586; 795.21, 692.851; 796.929, 692.122; 798.654, 691.399; 800.384, 690.683; 802.119, 689.974; 803.86, 689.271; 805.607, 688.575; 807.359, 687.885; 809.118, 687.202; 810.882, 686.526; 812.651, 685.857; 814.427, 685.194; 816.208, 684.539; 817.996, 683.89; 819.789, 683.248; 821.589, 682.613; 823.395, 681.985; 825.206, 681.364; 827.024, 680.75; 828.848, 680.144; 830.679, 679.544; 832.516, 678.952; 834.359, 678.367; 836.209, 677.789; 838.065, 677.218; 839.927, 676.655; 841.796, 676.1; 843.672, 675.551; 845.554, 675.01; 847.443, 674.477; 849.339, 673.951; 851.242, 673.433; 853.151, 672.922; 855.068, 672.419; 856.991, 671.924; 858.921, 671.436; 860.859, 670.957; 862.803, 670.485; 864.754, 670.02; 866.713, 669.564; 868.679, 669.116; 870.652, 668.675; 872.632, 668.243; 874.62, 667.819; 876.615, 667.402; 878.618, 666.994; 880.628, 666.594; 882.646, 666.202; 884.671, 665.819; 886.704, 665.444; 888.744, 665.076; 890.793, 664.718; 892.849, 664.367; 894.912, 664.026; 896.984, 663.692; 899.064, 663.367; 901.151, 663.051; 903.247, 662.743; 905.35, 662.444; 907.462, 662.153; 909.582, 661.871; 911.71, 661.598; 913.846, 661.334; 915.991, 661.078; 918.144, 660.831; 920.305, 660.594; 922.474, 660.365; 924.653, 660.145; 926.839, 659.934; 929.034, 659.732; 931.238, 659.539; 933.451, 659.355; 935.672, 659.18; 937.902, 659.015; 940.14, 658.859; 942.388, 658.712; 944.644, 658.574; 946.91, 658.446; 949.184, 658.327; 951.467, 658.217; 953.76, 658.117; 956.061, 658.026; 958.372, 657.945; 960.692, 657.874; 963.021, 657.812; 965.359, 657.759; 967.707, 657.717; 970.064, 657.684; 972.431, 657.661; 974.807, 657.647; 977.193, 657.644; 979.588, 657.65; 981.993, 657.667; 984.407, 657.693; 986.832, 657.729; 989.266, 657.775; 991.71, 657.832; 994.163, 657.898; 996.627, 657.975; 999.101, 658.061; 1001.58, 658.158; 1004.08, 658.266; 1006.58, 658.383; 1009.1, 658.511; 1011.62, 658.649; 1014.15, 658.798; 1016.7, 658.957; 1019.25, 659.126; 1021.82, 659.306; 1024.39, 659.497; 1026.98, 659.698; 1029.58, 659.91; 1032.18, 660.133; 1034.8, 660.366; 1037.43, 660.61; 1040.07, 660.865; 1042.72, 661.13; 1044.91, 661.295; 1046.93, 661.429; 1048.95, 661.571; 1050.97, 661.721; 1052.99, 661.88; 1055.01, 662.046; 1057.03, 662.22; 1059.04, 662.402; 1061.05, 662.592; 1063.06, 662.789; 1065.07, 662.995; 1067.08, 663.208; 1069.08, 663.43; 1071.09, 663.659; 1073.09, 663.895; 1075.09, 664.14; 1077.09, 664.392; 1079.08, 664.652; 1081.08, 664.92; 1083.07, 665.195; 1085.06, 665.478; 1087.05, 665.768; 1089.04, 666.066; 1091.02, 666.372; 1093.01, 666.685; 1094.99, 667.005; 1096.97, 667.334; 1098.95, 667.669; 1100.92, 668.012; 1102.9, 668.363; 1104.87, 668.721; 1106.84, 669.086; 1108.81, 669.459; 1110.77, 669.839; 1112.74, 670.226; 1114.7, 670.62; 1116.66, 671.022; 1118.62, 671.431; 1120.58, 671.848; 1122.53, 672.271; 1124.48, 672.702; 1126.44, 673.14; 1128.38, 673.585; 1130.33, 674.037; 1132.28, 674.497; 1134.22, 674.963; 1136.16, 675.436; 1138.1, 675.917; 1140.04, 676.404; 1141.97, 676.899; 1143.9, 677.4; 1145.83, 677.909; 1147.76, 678.424; 1149.69, 678.946; 1151.61, 679.475; 1153.53, 680.011; 1155.45, 680.554; 1157.37, 681.104; 1159.29, 681.66; 1161.2, 682.223; 1163.11, 682.793; 1165.02, 683.37; 1166.93, 683.953; 1168.83, 684.543; 1170.74, 685.14; 1172.64, 685.743; 1174.54, 