boundaryCurve{1} = [161.321, 176.547; 159.964, 175.07; 158.636, 173.569; 157.336, 172.043; 156.066, 170.493; 154.825, 168.919; 153.614, 167.323; 152.433, 165.703; 151.283, 164.062; 150.163, 162.398; 149.075, 160.713; 148.024, 159.006; 147.011, 157.277; 146.037, 155.526; 145.101, 153.755; 144.204, 151.963; 143.347, 150.152; 142.529, 148.322; 141.751, 146.474; 141.016, 144.607; 140.332, 142.721; 139.701, 140.819; 139.121, 138.901; 138.593, 136.969; 138.118, 135.022; 137.696, 133.063; 137.327, 131.092; 137.011, 129.11; 136.756, 127.119; 136.567, 125.123; 136.442, 123.123; 136.382, 121.121; 136.386, 119.118; 136.456, 117.116; 136.59, 115.117; 136.789, 113.122; 137.053, 111.132; 137.363, 109.149; 137.741, 107.18; 138.187, 105.227; 138.701, 103.291; 139.283, 101.374; 139.931, 99.478; 140.645, 97.6049; 141.424, 95.7562; 142.28, 93.9402; 143.209, 92.1633; 144.208, 90.4267; 145.276, 88.7326; 146.412, 87.083; 147.614, 85.4799; 148.88, 83.9255; 150.212, 82.4237; 151.601, 80.9762; 153.038, 79.5789; 154.522, 78.2329; 156.052, 76.9394; 157.626, 75.6996; 159.243, 74.5146; 160.901, 73.3857; 162.594, 72.3106; 164.312, 71.2779; 166.054, 70.2871; 167.819, 69.3385; 169.606, 68.4325; 171.415, 67.5696; 173.244, 66.7501; 175.092, 65.9744; 176.946, 65.2092; 178.81, 64.4708; 180.691, 63.7778; 182.587, 63.1306; 184.499, 62.5293; 186.425, 61.9743; 188.365, 61.4655; 190.317, 61.0073; 192.282, 60.6152; 194.258, 60.2896; 196.245, 60.0306; 198.239, 59.8385; 200.239, 59.7135; 202.245, 59.6558; 204.25, 59.6899; 206.249, 59.8272; 208.237, 60.0671; 210.21, 60.409; 212.164, 60.8524; 214.095, 61.3967; 215.991, 62.0607; 217.833, 62.85; 219.616, 63.7591; 221.332, 64.7845; 222.978, 65.9227; 224.546, 67.1703; 226.03, 68.5236; 227.434, 69.9548; 228.773, 71.4462; 230.045, 72.9955; 231.253, 74.5945; 232.404, 76.2347; 233.497, 77.9146; 234.534, 79.6288; 235.522, 81.3726; 236.464, 83.1426; 237.365, 84.9367; 238.227, 86.7509; 239.052, 88.5773; 239.843, 90.4134; 240.585, 92.2757; 241.264, 94.1612; 241.879, 96.0682; 242.43, 97.9951; 242.916, 99.9404; 243.338, 101.901; 243.696, 103.873; 243.989, 105.855; 244.219, 107.846; 244.384, 109.844; 244.484, 111.849; 244.521, 113.854; 244.496, 115.859; 244.407, 117.86; 244.257, 119.857; 244.043, 121.848; 243.768, 123.831; 243.431, 125.806; 243.031, 127.771; 242.57, 129.723; 242.058, 131.664; 241.514, 133.593; 240.924, 135.509; 240.289, 137.411; 239.611, 139.297; 238.888, 141.167; 238.126, 143.021; 237.329, 144.86; 236.496, 146.683; 235.628, 148.489; 234.726, 150.279; 233.794, 152.053; 232.833, 153.811; 231.844, 155.555; 230.829, 157.284; 229.789, 158.999; 228.725, 160.701; 227.64, 162.389; 226.535, 164.063; 225.412, 165.724; 224.273, 167.37; 223.119, 169.007; 221.952, 170.638; 220.772, 172.259; 219.581, 173.872; 218.382, 175.478; 217.173, 177.078; 215.957, 178.673; 214.737, 180.264; 213.512, 181.851; 212.284, 183.437; 211.055, 185.021; 209.825, 186.604; 208.588, 188.199; 207.339, 189.781; 206.106, 191.349; 204.899, 192.932; 203.761, 194.582; 202.724, 196.297; 201.814, 198.082; 201.137, 199.963; 200.708, 201.917; 200.575, 203.917; 200.729, 205.91; 201.16, 207.865; 201.803, 209.765; 202.556, 211.622; 203.425, 213.428; 204.386, 215.183; 205.418, 216.899; 206.506, 218.588; 207.626, 220.25; 208.766, 221.901; 209.908, 223.549; 211.039, 225.212; 212.137, 226.89; 213.187, 228.589; 214.23, 230.301; 215.249, 232.028; 216.243, 233.769; 217.212, 235.525; 218.156, 237.293; 219.075, 239.076; 219.968, 240.871; 220.836, 242.678; 221.678, 244.498; 222.493, 246.33; 223.214, 248.059; 223.923, 249.82; 224.635, 251.637; 225.345, 253.505; 226.05, 255.422; 226.744, 257.382; 227.424, 259.382; 228.071, 261.359; 228.669, 263.273; 229.233, 265.197; 229.765, 267.129; 230.264, 269.071; 230.73, 271.02; 231.162, 272.978; 231.561, 274.942; 231.929, 276.914; 232.249, 278.893; 232.508, 280.88; 232.707, 282.873; 232.845, 284.871; 232.922, 286.872; 232.938, 288.876; 232.894, 290.88; 232.787, 292.885; 232.58, 294.88; 232.259, 296.857; 231.826, 298.811; 231.282, 300.736; 230.628, 302.628; 229.866, 304.482; 228.993, 306.291; 228.005, 308.037; 226.925, 309.725; 225.757, 311.351; 224.502, 312.911; 223.164, 314.402; 221.746, 315.821; 220.253, 317.162; 218.702, 318.433; 217.098, 319.633; 215.441, 320.759; 213.736, 321.81; 211.984, 322.785; 210.19, 323.684; 208.367, 324.517; 206.517, 325.286; 204.642, 325.99; 202.743, 326.628; 200.822, 327.2; 198.882, 327.705; 196.927, 328.151; 194.96, 328.539; 192.984, 328.868; 190.999, 329.138; 189.006, 329.349; 187.007, 329.501; 185.009, 329.602; 183.007, 329.683; 180.998, 329.739; 178.992, 329.761; 176.986, 329.74; 174.984, 329.666; 172.985, 329.53; 170.992, 329.319; 169.009, 329.03; 167.041, 328.649; 165.096, 328.165; 163.181, 327.569; 161.323, 326.812; 159.533, 325.918; 157.816, 324.89; 156.182, 323.732; 154.637, 322.45; 153.181, 321.073; 151.803, 319.62; 150.508, 318.094; 149.299, 316.498; 148.177, 314.837; 147.13, 313.127; 146.149, 311.379; 145.235, 309.596; 144.39, 307.78; 143.614, 305.932; 142.901, 304.057; 142.245, 302.163; 141.647, 300.25; 141.109, 298.32; 140.63, 296.373; 140.216, 294.409; 139.877, 292.431; 139.611, 290.444; 139.42, 288.45; 139.303, 286.452; 139.26, 284.451; 139.291, 282.45; 139.397, 280.45; 139.576, 278.455; 139.83, 276.464; 140.16, 274.483; 140.568, 272.518; 141.032, 270.567; 141.553, 268.632; 142.129, 266.713; 142.76, 264.812; 143.447, 262.931; 144.188, 261.069; 144.982, 259.229; 145.831, 257.412; 146.732, 255.618; 147.668, 253.845; 148.63, 252.086; 149.62, 250.343; 150.636, 248.616; 151.679, 246.904; 152.748, 245.209; 153.843, 243.531; 154.964, 241.869; 156.111, 240.225; 157.284, 238.598; 158.466, 236.97; 159.662, 235.349; 160.87, 233.738; 162.088, 232.135; 163.314, 230.541; 164.545, 228.954; 165.78, 227.375; 167.015, 225.802; 168.25, 224.237; 169.48, 222.678; 170.701, 221.106; 171.931, 219.519; 173.145, 217.915; 174.308, 216.281; 175.389, 214.599; 176.348, 212.84; 177.154, 211.005; 177.751, 209.094; 178.107, 207.123; 178.207, 205.119; 178.123, 203.12; 177.857, 201.137; 177.409, 199.184; 176.786, 197.277; 176.033, 195.421; 175.165, 193.617; 174.185, 191.871; 173.096, 190.188; 171.936, 188.553; 170.726, 186.955; 169.468, 185.395; 168.162, 183.874; 166.805, 182.37; 165.424, 180.875; 164.04, 179.407; 162.667, 177.965; ];
openCurve = [false ];
