boundaryCurve{1} = [161.321, 176.547; 159.973, 175.066; 158.65, 173.561; 157.351, 172.032; 156.08, 170.481; 154.838, 168.908; 153.624, 167.312; 152.438, 165.693; 151.286, 164.053; 150.166, 162.391; 149.077, 160.707; 148.024, 159; 147.007, 157.273; 146.027, 155.525; 145.085, 153.754; 144.183, 151.964; 143.323, 150.155; 142.505, 148.324; 141.732, 146.475; 141.004, 144.608; 140.323, 142.723; 139.692, 140.821; 139.111, 138.903; 138.58, 136.97; 138.104, 135.026; 137.683, 133.067; 137.315, 131.094; 137.007, 129.111; 136.762, 127.122; 136.579, 125.127; 136.459, 123.127; 136.401, 121.125; 136.405, 119.121; 136.472, 117.117; 136.602, 115.117; 136.796, 113.122; 137.053, 111.135; 137.373, 109.156; 137.759, 107.19; 138.21, 105.237; 138.725, 103.301; 139.307, 101.383; 139.956, 99.4876; 140.671, 97.6153; 141.454, 95.7711; 142.305, 93.9574; 143.224, 92.1762; 144.21, 90.4323; 145.265, 88.7293; 146.387, 87.0693; 147.576, 85.4555; 148.832, 83.8936; 150.153, 82.3857; 151.537, 80.9334; 152.977, 79.5409; 154.471, 78.2049; 156.014, 76.925; 157.599, 75.6999; 159.226, 74.5275; 160.887, 73.4067; 162.582, 72.3345; 164.304, 71.309; 166.053, 70.3277; 167.823, 69.3876; 169.615, 68.4867; 171.424, 67.6217; 173.249, 66.7906; 175.087, 65.9905; 176.928, 65.226; 178.79, 64.4957; 180.681, 63.8011; 182.58, 63.151; 184.491, 62.5466; 186.419, 61.9886; 188.362, 61.4804; 190.317, 61.0257; 192.28, 60.629; 194.251, 60.2923; 196.237, 60.0218; 198.231, 59.8214; 200.231, 59.6926; 202.234, 59.6473; 204.237, 59.6885; 206.237, 59.818; 208.227, 60.0491; 210.203, 60.3841; 212.159, 60.825; 214.084, 61.3826; 215.971, 62.0567; 217.812, 62.8482; 219.597, 63.7593; 221.317, 64.7868; 222.966, 65.9279; 224.535, 67.1739; 226.025, 68.5131; 227.438, 69.9347; 228.776, 71.4266; 230.043, 72.9804; 231.245, 74.5849; 232.386, 76.2338; 233.473, 77.9186; 234.511, 79.6354; 235.504, 81.3746; 236.458, 83.1384; 237.37, 84.9242; 238.238, 86.7314; 239.06, 88.5601; 239.835, 90.4096; 240.558, 92.2794; 241.229, 94.1684; 241.846, 96.0759; 242.406, 98.0009; 242.905, 99.9422; 243.342, 101.898; 243.716, 103.868; 244.022, 105.849; 244.258, 107.84; 244.425, 109.837; 244.523, 111.838; 244.552, 113.843; 244.515, 115.846; 244.414, 117.847; 244.248, 119.845; 244.024, 121.835; 243.741, 123.819; 243.399, 125.795; 243.006, 127.758; 242.559, 129.713; 242.06, 131.656; 241.516, 133.583; 240.924, 135.499; 240.287, 137.402; 239.609, 139.287; 238.889, 141.158; 238.129, 143.015; 237.334, 144.855; 236.501, 146.679; 235.633, 148.488; 234.733, 150.281; 233.801, 152.054; 232.837, 153.811; 231.847, 155.555; 230.83, 157.282; 229.789, 158.995; 228.726, 160.695; 227.641, 162.381; 226.537, 164.054; 225.415, 165.715; 224.276, 167.366; 223.122, 169.005; 221.955, 170.635; 220.774, 172.256; 219.583, 173.869; 218.384, 175.475; 217.175, 177.075; 215.959, 178.67; 214.739, 180.261; 213.514, 181.849; 212.286, 183.434; 211.057, 185.018; 209.827, 186.601; 208.597, 188.186; 207.371, 189.772; 206.148, 191.36; 205.019, 192.838; 204.931, 192.954; 204.352, 193.738; 203.757, 194.579; 203.706, 194.654; 203.093, 195.588; 202.681, 196.27; 202.523, 196.545; 202.01, 197.528; 201.767, 198.053; 201.562, 198.542; 201.193, 199.59; 201.092, 199.939; 200.702, 201.902; 200.604, 203.902; 200.778, 205.897; 201.186, 207.857; 201.79, 209.767; 202.545, 211.621; 203.418, 213.417; 204.388, 215.176; 205.426, 216.894; 206.515, 218.583; 207.636, 220.246; 208.778, 221.902; 209.91, 223.544; 211.027, 225.209; 212.119, 226.89; 213.187, 228.587; 214.231, 230.299; 215.25, 232.026; 216.243, 233.767; 217.212, 235.522; 218.156, 237.29; 219.075, 239.072; 219.968, 240.868; 220.836, 242.675; 221.677, 244.495; 222.493, 246.326; 223.283, 248.168; 224.046, 250.022; 224.783, 251.886; 225.494, 253.762; 226.178, 255.646; 226.835, 257.54; 227.465, 259.443; 228.067, 261.355; 228.642, 263.276; 229.19, 265.204; 229.71, 267.141; 230.203, 269.085; 230.666, 271.035; 231.102, 272.991; 231.505, 274.952; 231.874, 276.926; 232.199, 278.904; 232.478, 280.891; 232.702, 282.883; 232.869, 284.882; 232.97, 286.884; 233, 288.889; 232.951, 290.892; 232.817, 292.892; 232.591, 294.882; 232.266, 296.859; 231.836, 298.816; 231.296, 300.746; 230.644, 302.641; 229.876, 304.491; 228.995, 306.291; 228.01, 308.035; 226.925, 309.72; 225.748, 311.342; 224.486, 312.897; 223.145, 314.384; 221.729, 315.804; 220.248, 317.153; 218.703, 318.432; 217.103, 319.637; 215.448, 320.771; 213.748, 321.831; 212.001, 322.817; 210.215, 323.728; 208.393, 324.562; 206.539, 325.324; 204.659, 326.017; 202.755, 326.642; 200.83, 327.201; 198.888, 327.697; 196.931, 328.132; 194.962, 328.509; 192.983, 328.831; 190.997, 329.1; 189.004, 329.318; 187.006, 329.49; 185.005, 329.616; 183.001, 329.7; 180.996, 329.744; 178.992, 329.751; 176.99, 329.721; 174.984, 329.647; 172.983, 329.516; 170.988, 329.317; 169.003, 329.035; 167.033, 328.659; 165.089, 328.175; 163.179, 327.57; 161.317, 326.831; 159.519, 325.949; 157.797, 324.921; 157.407, 324.659; 156.166, 323.756; 155.737, 323.417; 154.627, 322.474; 154.165, 322.05; 153.18, 321.087; 152.687, 320.574; 151.82, 319.615; 151.3, 319.003; 150.545, 318.067; 150, 317.353; 149.349, 316.458; 148.784, 315.64; 148.226, 314.795; 147.648, 313.878; 147.172, 313.092; 146.182, 311.35; 145.255, 309.572; 144.394, 307.763; 143.598, 305.924; 142.868, 304.057; 142.205, 302.166; 141.609, 300.251; 141.08, 298.319; 140.619, 296.368; 140.227, 294.402; 139.904, 292.425; 139.649, 290.436; 139.465, 288.44; 139.352, 286.439; 139.309, 284.435; 139.338, 282.432; 139.438, 280.429; 139.612, 278.433; 139.858, 276.444; 140.177, 274.464; 140.562, 272.497; 141.012, 270.544; 141.527, 268.606; 142.104, 266.687; 142.737, 264.786; 143.426, 262.904; 144.169, 261.043; 144.961, 259.203; 145.8, 257.384; 146.683, 255.585; 147.608, 253.804; 148.568, 252.049; 149.564, 250.311; 150.594, 248.589; 151.654, 246.884; 152.738, 245.201; 153.848, 243.532; 154.98, 241.875; 156.133, 240.232; 157.301, 238.603; 158.485, 236.985; 159.682, 235.376; 160.891, 233.775; 162.11, 232.179; 163.334, 230.59; 164.562, 229.008; 165.795, 227.424; 167.033, 225.838; 168.265, 224.257; 169.49, 222.679; 170.729, 221.078; 171.943, 219.508; 173.158, 217.895; 174.318, 216.261; 175.393, 214.589; 176.357, 212.833; 177.16, 210.998; 177.756, 209.087; 178.115, 207.118; 178.234, 205.12; 178.127, 203.121; 177.829, 201.141; 177.373, 199.191; 176.771, 197.28; 176.034, 195.418; 175.17, 193.61; 174.196, 191.859; 173.125, 190.167; 171.972, 188.528; 170.752, 186.939; 169.477, 185.391; 168.161, 183.879; 166.814, 182.392; 165.447, 180.925; 164.069, 179.467; 162.69, 178.01; ];
openCurve = [false ];
