boundaryCurve{1} = [176.943, 183.609; 175.869, 181.917; 174.747, 180.258; 173.584, 178.629; 172.385, 177.026; 171.157, 175.445; 169.906, 173.88; 168.638, 172.327; 167.361, 170.784; 166.079, 169.244; 164.799, 167.703; 163.525, 166.156; 162.265, 164.597; 161.024, 163.025; 159.809, 161.433; 158.626, 159.816; 157.479, 158.174; 156.366, 156.509; 155.289, 154.821; 154.246, 153.112; 153.24, 151.381; 152.269, 149.629; 151.335, 147.857; 150.437, 146.065; 149.573, 144.258; 148.741, 142.436; 147.943, 140.599; 147.177, 138.749; 146.446, 136.884; 145.748, 135.007; 145.084, 133.117; 144.453, 131.215; 143.852, 129.304; 143.281, 127.384; 142.739, 125.456; 142.228, 123.519; 141.746, 121.575; 141.295, 119.624; 140.873, 117.665; 140.481, 115.7; 140.116, 113.731; 139.777, 111.756; 139.464, 109.778; 139.178, 107.795; 138.918, 105.809; 138.686, 103.82; 138.479, 101.827; 138.298, 99.8337; 138.143, 97.8383; 138.016, 95.8386; 137.92, 93.8361; 137.857, 91.832; 137.83, 89.8273; 137.842, 87.8235; 137.895, 85.822; 137.991, 83.8243; 138.133, 81.8269; 138.326, 79.8341; 138.572, 77.8471; 138.87, 75.867; 139.223, 73.8951; 139.639, 71.9359; 140.118, 69.9913; 140.659, 68.0631; 141.267, 66.1531; 141.95, 64.2684; 142.702, 62.4122; 143.522, 60.5863; 144.409, 58.7926; 145.362, 57.033; 146.38, 55.3093; 147.463, 53.6233; 148.608, 51.9768; 149.809, 50.3711; 151.063, 48.8095; 152.371, 47.2933; 153.729, 45.8237; 155.138, 44.4022; 156.596, 43.0299; 158.101, 41.7083; 159.653, 40.4385; 161.247, 39.2212; 162.881, 38.0628; 164.555, 36.9644; 166.267, 35.927; 168.014, 34.9516; 169.796, 34.039; 171.61, 33.1903; 173.455, 32.4064; 175.329, 31.6897; 177.227, 31.0486; 179.148, 30.4842; 181.089, 29.9972; 183.047, 29.588; 185.021, 29.2571; 187.007, 29.005; 189.004, 28.8323; 191.009, 28.7482; 193.013, 28.7521; 195.014, 28.8388; 197.007, 29.0079; 198.992, 29.2591; 200.965, 29.5921; 202.923, 30.0066; 204.866, 30.5022; 206.788, 31.0761; 208.686, 31.7207; 210.557, 32.4359; 212.398, 33.2208; 214.207, 34.0745; 215.984, 34.9959; 217.725, 35.9842; 219.429, 37.0385; 221.094, 38.1568; 222.717, 39.3348; 224.291, 40.5737; 225.814, 41.872; 227.285, 43.228; 228.702, 44.6403; 230.064, 46.1073; 231.369, 47.6274; 232.616, 49.1989; 233.797, 50.82; 234.905, 52.4892; 235.937, 54.2038; 236.892, 55.9613; 237.768, 57.759; 238.565, 59.5944; 239.282, 61.4649; 239.916, 63.3679; 240.459, 65.2957; 240.925, 67.2427; 241.315, 69.2067; 241.633, 71.1823; 241.884, 73.1687; 242.073, 75.164; 242.202, 77.1612; 242.277, 79.1628; 242.301, 81.167; 242.278, 83.1715; 242.213, 85.1743; 242.109, 87.1734; 241.966, 89.1716; 241.792, 91.1673; 241.587, 93.1597; 241.352, 95.1482; 241.086, 97.1327; 240.79, 99.1126; 240.463, 101.088; 240.106, 103.058; 239.719, 105.022; 239.302, 106.98; 238.854, 108.933; 238.376, 110.878; 237.869, 112.817; 237.335, 114.748; 236.779, 116.673; 236.198, 118.59; 235.594, 120.499; 234.967, 122.401; 234.317, 124.295; 233.643, 126.181; 232.947, 128.058; 232.227, 129.927; 231.484, 131.787; 230.719, 133.638; 229.93, 135.48; 229.121, 137.314; 228.295, 139.139; 227.452, 140.956; 226.593, 142.766; 225.717, 144.567; 224.824, 146.36; 223.915, 148.145; 222.99, 149.921; 222.048, 151.689; 221.09, 153.448; 220.116, 155.198; 219.125, 156.94; 218.119, 158.672; 217.1, 160.402; 216.069, 162.125; 215.025, 163.839; 213.968, 165.545; 212.9, 167.244; 211.821, 168.934; 210.73, 170.616; 209.63, 172.291; 208.52, 173.956; 207.4, 175.614; 206.271, 177.263; 205.135, 178.904; 203.992, 180.535; 202.843, 182.169; 201.697, 183.816; 200.566, 185.479; 199.463, 187.16; 198.4, 188.861; 197.39, 190.584; 196.436, 192.34; 195.562, 194.141; 194.778, 195.984; 194.086, 197.866; 193.518, 199.79; 193.098, 201.746; 192.829, 203.724; 192.712, 205.717; 192.745, 207.716; 192.932, 209.712; 193.26, 211.692; 193.688, 213.648; 194.215, 215.579; 194.836, 217.482; 195.522, 219.355; 196.269, 221.213; 197.065, 223.058; 197.898, 224.889; 198.756, 226.706; 199.625, 228.509; 200.496, 230.302; 201.366, 232.107; 202.23, 233.915; 203.086, 235.726; 203.936, 237.54; 204.78, 239.357; 205.616, 241.177; 206.446, 243.001; 207.268, 244.827; 208.084, 246.657; 208.894, 248.489; 209.699, 250.324; 210.497, 252.161; 211.29, 254.001; 212.076, 255.844; 212.856, 257.689; 213.63, 259.537; 214.398, 261.387; 215.161, 263.24; 215.917, 265.096; 216.668, 266.953; 217.414, 268.812; 218.155, 270.673; 218.89, 272.537; 219.621, 274.402; 220.346, 276.27; 221.065, 278.14; 221.779, 280.011; 222.489, 281.886; 223.192, 283.762; 223.893, 285.639; 224.588, 287.518; 225.279, 289.398; 225.966, 291.28; 226.648, 293.164; 227.325, 295.049; 227.998, 296.936; 228.666, 298.825; 229.33, 300.715; 229.986, 302.599; 230.634, 304.482; 231.273, 306.377; 231.898, 308.283; 232.507, 310.198; 233.096, 312.122; 233.663, 314.05; 234.201, 315.98; 234.702, 317.919; 235.166, 319.867; 235.594, 321.824; 235.984, 323.789; 236.336, 325.761; 236.635, 327.742; 236.872, 329.73; 237.045, 331.725; 237.156, 333.724; 237.204, 335.726; 237.187, 337.73; 237.089, 339.73; 236.902, 341.723; 236.628, 343.704; 236.266, 345.672; 235.818, 347.623; 235.28, 349.554; 234.639, 351.453; 233.904, 353.315; 233.078, 355.138; 232.162, 356.917; 231.157, 358.649; 230.066, 360.331; 228.898, 361.958; 227.66, 363.531; 226.353, 365.046; 224.981, 366.502; 223.545, 367.895; 222.047, 369.225; 220.493, 370.49; 218.889, 371.688; 217.238, 372.818; 215.541, 373.877; 213.8, 374.865; 212.018, 375.779; 210.199, 376.62; 208.348, 377.382; 206.466, 378.063; 204.557, 378.661; 202.624, 379.177; 200.669, 379.608; 198.695, 379.952; 196.709, 380.21; 194.715, 380.388; 192.717, 380.485; 190.716, 380.502; 188.715, 380.438; 186.716, 380.293; 184.725, 380.073; 182.744, 379.781; 180.776, 379.417; 178.823, 378.982; 176.886, 378.476; 174.967, 377.899; 173.066, 377.253; 171.19, 376.545; 169.341, 375.775; 167.521, 374.944; 165.731, 374.052; 163.972, 373.101; 162.247, 372.092; 160.556, 371.025; 158.901, 369.901; 157.284, 368.722; 155.706, 367.487; 154.168, 366.198; 152.677, 364.859; 151.234, 363.47; 149.841, 362.029; 148.506, 360.537; 147.234, 358.99; 146.03, 357.39; 144.904, 355.735; 143.861, 354.026; 142.91, 352.265; 142.061, 350.453; 141.318, 348.593; 140.685, 346.694; 140.157, 344.763; 139.737, 342.804; 139.413, 340.828; 139.174, 338.839; 139.022, 336.842; 138.951, 334.841; 138.944, 332.838; 139, 330.837; 139.118, 328.837; 139.285, 326.837; 139.496, 324.844; 139.747, 322.86; 140.031, 320.878; 140.345, 318.899; 140.688, 316.925; 141.057, 314.957; 141.453, 312.995; 141.874, 311.038; 142.32, 309.087; 142.789, 307.141; 143.281, 305.2; 143.794, 303.265; 144.328, 301.334; 144.882, 299.408; 145.455, 297.487; 146.045, 295.573; 146.651, 293.665; 147.273, 291.761; 147.91, 289.862; 148.561, 287.967; 149.226, 286.076; 149.903, 284.19; 150.591, 282.307; 151.289, 280.428; 151.997, 278.553; 152.713, 276.681; 153.437, 274.813; 154.168, 272.949; 154.904, 271.088; 155.647, 269.227; 156.394, 267.368; 157.147, 265.512; 157.904, 263.657; 158.667, 261.805; 159.435, 259.954; 160.208, 258.106; 160.986, 256.259; 161.769, 254.415; 162.557, 252.573; 163.35, 250.733; 164.148, 248.896; 164.951, 247.06; 165.759, 245.227; 166.572, 243.396; 167.391, 241.567; 168.214, 239.741; 169.042, 237.916; 169.875, 236.094; 170.713, 234.275; 171.556, 232.457; 172.404, 230.642; 173.257, 228.829; 174.115, 227.019; 174.978, 225.211; 175.851, 223.408; 176.709, 221.598; 177.535, 219.774; 178.328, 217.935; 179.088, 216.083; 179.816, 214.217; 180.495, 212.332; 181.083, 210.419; 181.576, 208.479; 181.972, 206.518; 182.271, 204.538; 182.444, 202.54; 182.471, 200.539; 182.354, 198.542; 182.095, 196.558; 181.695, 194.594; 181.148, 192.665; 180.499, 190.771; 179.751, 188.914; 178.909, 187.099; 177.972, 185.33; ];
openCurve = [false ];
