boundaryCurve{1} = [176.943, 183.609; 175.87, 181.916; 174.748, 180.259; 173.584, 178.628; 172.384, 177.025; 171.156, 175.442; 169.905, 173.877; 168.638, 172.325; 167.36, 170.782; 166.078, 169.242; 164.798, 167.701; 163.525, 166.155; 162.265, 164.596; 161.024, 163.024; 159.809, 161.431; 158.624, 159.815; 157.474, 158.173; 156.362, 156.508; 155.286, 154.821; 154.246, 153.11; 153.24, 151.379; 152.27, 149.627; 151.336, 147.856; 150.436, 146.067; 149.571, 144.262; 148.739, 142.44; 147.942, 140.602; 147.179, 138.75; 146.449, 136.887; 145.751, 135.01; 145.085, 133.119; 144.452, 131.218; 143.851, 129.309; 143.279, 127.39; 142.739, 125.459; 142.229, 123.521; 141.748, 121.578; 141.297, 119.627; 140.875, 117.668; 140.481, 115.703; 140.114, 113.734; 139.775, 111.76; 139.464, 109.781; 139.179, 107.797; 138.92, 105.809; 138.687, 103.82; 138.48, 101.829; 138.299, 99.836; 138.144, 97.8389; 138.016, 95.8385; 137.921, 93.8378; 137.857, 91.8348; 137.831, 89.8316; 137.842, 87.8286; 137.896, 85.8253; 137.992, 83.8254; 138.135, 81.8265; 138.327, 79.8334; 138.571, 77.8449; 138.87, 75.8647; 139.225, 73.8939; 139.64, 71.9348; 140.117, 69.9903; 140.659, 68.0626; 141.266, 66.1522; 141.946, 64.2684; 142.697, 62.4124; 143.519, 60.5862; 144.41, 58.792; 145.366, 57.032; 146.385, 55.3083; 147.466, 53.6225; 148.608, 51.9764; 149.807, 50.3718; 151.061, 48.8106; 152.368, 47.2941; 153.729, 45.8237; 155.139, 44.4013; 156.598, 43.0289; 158.102, 41.7078; 159.653, 40.439; 161.246, 39.2246; 162.88, 38.0673; 164.554, 36.9681; 166.266, 35.9281; 168.014, 34.9494; 169.795, 34.0356; 171.609, 33.1876; 173.454, 32.4063; 175.326, 31.6939; 177.224, 31.0547; 179.144, 30.4895; 181.086, 29.999; 183.046, 29.5851; 185.021, 29.252; 187.007, 29.0004; 189.002, 28.8304; 191.004, 28.7452; 193.006, 28.7464; 195.007, 28.8329; 197.002, 29.0047; 198.989, 29.2607; 200.963, 29.5965; 202.922, 30.011; 204.863, 30.5038; 206.783, 31.0736; 208.68, 31.7164; 210.55, 32.4312; 212.392, 33.2169; 214.204, 34.0726; 215.981, 34.9953; 217.723, 35.9838; 219.426, 37.037; 221.089, 38.1537; 222.709, 39.332; 224.282, 40.5707; 225.806, 41.8686; 227.281, 43.2241; 228.702, 44.6358; 230.065, 46.1025; 231.369, 47.6224; 232.611, 49.1937; 233.788, 50.8148; 234.894, 52.4836; 235.928, 54.1981; 236.888, 55.9558; 237.771, 57.754; 238.57, 59.5896; 239.285, 61.4595; 239.914, 63.3608; 240.459, 65.2893; 240.923, 67.2369; 241.314, 69.2013; 241.633, 71.1782; 241.884, 73.1657; 242.072, 75.16; 242.202, 77.1584; 242.276, 79.1609; 242.301, 81.1639; 242.279, 83.1671; 242.213, 85.17; 242.11, 87.1702; 241.97, 89.1684; 241.799, 91.1641; 241.595, 93.1567; 241.359, 95.1457; 241.092, 97.1308; 240.793, 99.1115; 240.462, 101.088; 240.103, 103.058; 239.715, 105.022; 239.298, 106.98; 238.851, 108.932; 238.375, 110.877; 237.872, 112.815; 237.344, 114.745; 236.791, 116.668; 236.212, 118.584; 235.606, 120.493; 234.975, 122.396; 234.319, 124.292; 233.644, 126.173; 232.946, 128.048; 232.226, 129.915; 231.484, 131.776; 230.719, 133.629; 229.932, 135.476; 229.128, 137.309; 228.307, 139.133; 227.467, 140.949; 226.607, 142.758; 225.729, 144.56; 224.832, 146.354; 223.918, 148.139; 222.991, 149.913; 222.049, 151.679; 221.091, 153.437; 220.117, 155.188; 219.127, 156.932; 218.122, 158.668; 217.106, 160.395; 216.078, 162.114; 215.037, 163.825; 213.983, 165.528; 212.916, 167.224; 211.837, 168.911; 210.746, 170.595; 209.644, 172.272; 208.533, 173.94; 207.413, 175.601; 206.283, 177.253; 205.143, 178.897; 203.995, 180.532; 202.843, 182.171; 201.698, 183.817; 200.571, 185.474; 199.471, 187.15; 198.409, 188.848; 197.395, 190.577; 196.441, 192.34; 195.565, 194.138; 194.776, 195.98; 194.092, 197.859; 193.531, 199.78; 193.104, 201.737; 192.83, 203.719; 192.714, 205.715; 192.755, 207.717; 192.938, 209.711; 193.254, 211.685; 193.685, 213.642; 194.216, 215.57; 194.834, 217.478; 195.522, 219.357; 196.271, 221.217; 197.065, 223.057; 197.895, 224.882; 198.75, 226.693; 199.622, 228.501; 200.495, 230.299; 201.365, 232.104; 202.228, 233.912; 203.084, 235.723; 203.934, 237.537; 204.776, 239.355; 205.613, 241.175; 206.442, 242.999; 207.266, 244.825; 208.083, 246.654; 208.893, 248.486; 209.697, 250.321; 210.496, 252.158; 211.288, 253.998; 212.074, 255.841; 212.853, 257.686; 213.627, 259.534; 214.396, 261.384; 215.158, 263.237; 215.916, 265.092; 216.667, 266.949; 217.413, 268.808; 218.153, 270.669; 218.888, 272.533; 219.618, 274.399; 220.343, 276.267; 221.062, 278.136; 221.777, 280.008; 222.486, 281.881; 223.191, 283.756; 223.891, 285.634; 224.587, 287.512; 225.277, 289.393; 225.963, 291.275; 226.644, 293.159; 227.321, 295.045; 227.994, 296.932; 228.663, 298.82; 229.328, 300.71; 229.986, 302.596; 230.636, 304.487; 231.277, 306.389; 231.903, 308.296; 232.51, 310.204; 233.096, 312.121; 233.659, 314.046; 234.194, 315.978; 234.698, 317.917; 235.168, 319.863; 235.601, 321.824; 235.99, 323.788; 236.334, 325.757; 236.628, 327.744; 236.867, 329.731; 237.047, 331.719; 237.164, 333.718; 237.211, 335.719; 237.187, 337.722; 237.085, 339.721; 236.899, 341.714; 236.631, 343.698; 236.274, 345.667; 235.825, 347.618; 235.285, 349.545; 234.647, 351.444; 233.912, 353.306; 233.083, 355.129; 232.163, 356.909; 231.159, 358.641; 230.071, 360.323; 228.906, 361.952; 227.668, 363.526; 226.359, 365.041; 224.984, 366.497; 223.547, 367.89; 222.051, 369.22; 220.497, 370.488; 218.891, 371.689; 217.239, 372.819; 215.543, 373.878; 213.804, 374.864; 212.025, 375.777; 210.208, 376.615; 208.356, 377.376; 206.471, 378.06; 204.559, 378.662; 202.625, 379.179; 200.671, 379.609; 198.698, 379.953; 196.714, 380.212; 194.72, 380.389; 192.72, 380.484; 190.718, 380.499; 188.717, 380.436; 186.72, 380.294; 184.73, 380.076; 182.749, 379.784; 180.781, 379.419; 178.826, 378.982; 176.889, 378.476; 174.971, 377.901; 173.074, 377.26; 171.201, 376.554; 169.352, 375.784; 167.53, 374.951; 165.738, 374.058; 163.978, 373.105; 162.25, 372.095; 160.557, 371.026; 158.9, 369.901; 157.281, 368.722; 155.704, 367.488; 154.17, 366.201; 152.681, 364.864; 151.236, 363.474; 149.844, 362.034; 148.509, 360.541; 147.235, 358.995; 146.032, 357.394; 144.904, 355.739; 143.863, 354.028; 142.912, 352.266; 142.061, 350.454; 141.317, 348.591; 140.684, 346.693; 140.16, 344.762; 139.738, 342.804; 139.411, 340.83; 139.177, 338.841; 139.024, 336.844; 138.95, 334.843; 138.945, 332.838; 139.003, 330.837; 139.119, 328.836; 139.285, 326.84; 139.497, 324.846; 139.748, 322.859; 140.033, 320.876; 140.346, 318.898; 140.689, 316.925; 141.059, 314.957; 141.454, 312.993; 141.876, 311.035; 142.323, 309.082; 142.792, 307.135; 143.283, 305.193; 143.798, 303.257; 144.332, 301.326; 144.885, 299.401; 145.457, 297.481; 146.048, 295.567; 146.654, 293.658; 147.276, 291.754; 147.915, 289.854; 148.565, 287.96; 149.229, 286.07; 149.906, 284.184; 150.594, 282.302; 151.291, 280.424; 151.999, 278.55; 152.716, 276.679; 153.439, 274.81; 154.17, 272.945; 154.907, 271.083; 155.65, 269.222; 156.397, 267.363; 157.15, 265.507; 157.907, 263.652; 158.67, 261.8; 159.438, 259.95; 160.211, 258.101; 160.989, 256.255; 161.772, 254.411; 162.56, 252.569; 163.353, 250.729; 164.151, 248.892; 164.954, 247.056; 165.762, 245.223; 166.575, 243.392; 167.393, 241.564; 168.216, 239.737; 169.044, 237.913; 169.877, 236.091; 170.715, 234.271; 171.558, 232.454; 172.406, 230.639; 173.259, 228.826; 174.117, 227.016; 174.98, 225.208; 175.858, 223.376; 176.723, 221.538; 177.545, 219.738; 178.348, 217.906; 179.121, 216.038; 179.828, 214.199; 180.486, 212.324; 181.074, 210.41; 181.582, 208.473; 181.987, 206.513; 182.277, 204.533; 182.444, 202.538; 182.47, 200.536; 182.354, 198.536; 182.094, 196.551; 181.694, 194.59; 181.161, 192.659; 180.511, 190.765; 179.749, 188.913; 178.892, 187.104; 177.957, 185.335; ];
openCurve = [false ];
