boundaryCurve{1} = [172.575, 12.712; 166.995, 17.752; 161.414, 22.792; 155.834, 27.831; 150.254, 32.871; 144.674, 37.91; 139.094, 42.95; 133.514, 47.99; 127.933, 53.029; 122.353, 58.069; 116.773, 63.109; 111.193, 68.148; 105.613, 73.188; 100.033, 78.227; 94.452, 83.267; 88.872, 88.307; 83.292, 93.346; 77.712, 98.386; 72.132, 103.426; 66.551, 108.465; 60.971, 113.505; 55.391, 118.544; 49.811, 123.584; 44.231, 128.624; 38.651, 133.663; 33.07, 138.703; 27.49, 143.743; 21.91, 148.782; 16.33, 153.822; 10.75, 158.861; 0.168, 156.472; 5.748, 151.432; 11.328, 146.393; 16.908, 141.353; 22.488, 136.313; 28.068, 131.274; 33.648, 126.234; 39.229, 121.195; 44.809, 116.155; 50.389, 111.115; 55.969, 106.076; 61.549, 101.036; 67.129, 95.997; 72.709, 90.957; 78.29, 85.917; 83.87, 80.878; 89.45, 75.838; 95.03, 70.798; 100.61, 65.759; 106.19, 60.719; 111.77, 55.68; 117.351, 50.64; 122.931, 45.6; 128.511, 40.561; 134.091, 35.521; 139.671, 30.482; 145.251, 25.442; 150.831, 20.402; 156.411, 15.363; 161.992, 10.323; 167.572, 5.283; ];
openCurve = [true ];
