boundaryCurve{1} = [333.277, 294.013; 331.306, 293.686; 329.332, 293.363; 327.356, 293.043; 325.379, 292.726; 323.4, 292.412; 321.419, 292.102; 319.438, 291.796; 317.459, 291.498; 315.479, 291.205; 313.498, 290.919; 311.515, 290.638; 309.53, 290.363; 307.545, 290.094; 305.559, 289.834; 303.572, 289.583; 301.584, 289.341; 299.596, 289.107; 297.606, 288.882; 295.616, 288.665; 293.624, 288.457; 291.63, 288.261; 289.636, 288.077; 287.641, 287.903; 285.645, 287.741; 283.649, 287.591; 281.653, 287.451; 279.654, 287.324; 277.654, 287.212; 275.654, 287.114; 273.653, 287.03; 271.653, 286.96; 269.652, 286.904; 267.651, 286.861; 265.649, 286.836; 263.646, 286.828; 261.644, 286.837; 259.643, 286.863; 257.641, 286.905; 255.64, 286.963; 253.64, 287.039; 251.641, 287.136; 249.644, 287.252; 247.647, 287.388; 245.651, 287.543; 243.656, 287.717; 241.662, 287.91; 239.675, 288.116; 239.571, 288.126; 238.269, 288.217; 237.682, 288.237; 236.86, 288.236; 235.676, 288.167; 235.379, 288.135; 233.864, 287.869; 233.701, 287.829; 232.35, 287.392; 231.818, 287.162; 230.874, 286.657; 230.105, 286.136; 229.474, 285.618; 228.639, 284.781; 228.241, 284.303; 227.47, 283.163; 227.26, 282.786; 226.628, 281.352; 226.533, 281.074; 226.104, 279.423; 226.059, 279.173; 225.858, 277.439; 225.84, 277.092; 225.844, 275.438; 226.016, 273.469; 226.346, 271.495; 226.809, 269.522; 227.343, 267.59; 227.928, 265.676; 228.559, 263.776; 229.233, 261.891; 229.946, 260.022; 230.695, 258.163; 231.475, 256.32; 232.281, 254.486; 233.111, 252.664; 233.96, 250.85; 234.824, 249.043; 235.698, 247.244; 236.581, 245.444; 237.465, 243.651; 237.604, 243.369; 237.985, 242.597; 238.35, 241.854; 238.364, 241.825; 238.742, 241.052; 239.119, 240.279; 239.228, 240.055; 239.494, 239.506; 239.868, 238.731; 240.098, 238.251; 240.238, 237.956; 240.965, 236.415; 241.809, 234.585; 242.627, 232.766; 243.42, 230.959; 244.215, 229.096; 244.986, 227.236; 245.73, 225.389; 246.448, 223.546; 247.164, 221.648; 247.85, 219.762; 248.506, 217.887; 249.142, 215.993; 249.761, 214.071; 250.348, 212.161; 250.903, 210.263; 251.443, 208.314; 251.951, 206.372; 252.425, 204.442; 252.873, 202.49; 253.292, 200.521; 253.675, 198.564; 254.025, 196.603; 254.346, 194.613; 254.629, 192.634; 254.875, 190.663; 255.088, 188.659; 255.263, 186.664; 255.399, 184.68; 255.511, 182.684; 255.615, 180.683; 255.709, 178.682; 255.791, 176.68; 255.86, 174.672; 255.911, 172.668; 255.944, 170.671; 255.956, 168.666; 255.944, 166.652; 255.906, 164.651; 255.84, 162.665; 255.74, 160.65; 255.604, 158.643; 255.431, 156.658; 255.215, 154.679; 254.949, 152.673; 254.633, 150.697; 254.266, 148.754; 253.838, 146.806; 253.337, 144.869; 252.766, 142.951; 252.122, 141.056; 251.39, 139.193; 250.569, 137.367; 249.66, 135.583; 248.652, 133.855; 247.544, 132.188; 246.323, 130.564; 245.027, 128.946; 243.753, 127.417; 242.496, 125.972; 241.09, 124.439; 239.7, 123.014; 238.305, 121.678; 236.804, 120.355; 235.241, 119.106; 233.615, 117.94; 231.92, 116.879; 230.159, 115.93; 228.335, 115.11; 226.457, 114.423; 224.534, 113.874; 222.578, 113.457; 220.598, 113.166; 218.606, 112.984; 216.645, 112.906; 214.673, 112.91; 212.621, 112.989; 210.544, 113.13; 208.541, 113.314; 206.609, 113.543; 204.646, 113.833; 202.678, 114.197; 200.724, 114.631; 198.791, 115.15; 196.886, 115.76; 195.012, 116.463; 193.181, 117.268; 191.398, 118.175; 189.67, 119.183; 188.002, 120.287; 186.398, 121.483; 184.858, 122.761; 183.384, 124.114; 181.971, 125.531; 180.616, 127.004; 179.34, 128.498; 178.109, 130.033; 176.882, 131.655; 175.697, 133.316; 174.591, 134.984; 173.543, 136.689; 172.561, 138.416; 171.637, 140.166; 170.754, 141.969; 169.916, 143.817; 169.153, 145.632; 168.428, 147.493; 167.742, 149.398; 167.113, 151.291; 166.532, 153.185; 165.986, 155.119; 165.475, 157.092; 165.022, 159.006; 164.602, 160.951; 164.214, 162.93; 163.861, 164.928; 163.553, 166.872; 163.275, 168.845; 163.026, 170.847; 162.809, 172.866; 162.628, 174.826; 162.475, 176.811; 162.349, 178.821; 162.25, 180.855; 162.182, 182.827; 162.139, 184.812; 162.121, 186.818; 162.128, 188.845; 162.166, 190.862; 162.268, 192.857; 162.437, 194.86; 162.665, 196.839; 162.951, 198.823; 163.289, 200.8; 163.672, 202.758; 164.1, 204.721; 164.566, 206.666; 165.067, 208.602; 165.603, 210.54; 166.163, 212.456; 166.751, 214.371; 167.362, 216.283; 167.991, 218.181; 168.639, 220.077; 169.301, 221.969; 169.974, 223.855; 170.657, 225.738; 171.348, 227.62; 172.044, 229.499; 172.741, 231.373; 173.438, 233.247; 174.134, 235.125; 174.826, 237.006; 175.511, 238.887; 176.186, 240.773; 176.85, 242.663; 177.499, 244.558; 178.13, 246.457; 178.742, 248.366; 179.33, 250.282; 179.89, 252.198; 180.431, 254.127; 180.947, 256.064; 181.427, 258.01; 181.862, 259.965; 182.242, 261.933; 182.555, 263.91; 182.788, 265.899; 182.928, 267.888; 182.956, 269.889; 182.863, 271.887; 182.626, 273.873; 182.236, 275.835; 181.679, 277.755; 180.951, 279.617; 180.053, 281.403; 178.988, 283.097; 177.761, 284.676; 176.38, 286.124; 174.865, 287.43; 173.232, 288.587; 171.506, 289.599; 169.702, 290.466; 167.842, 291.202; 165.938, 291.814; 164.001, 292.317; 162.034, 292.721; 160.027, 293.039; 158.056, 293.272; 156.03, 293.442; 154.018, 293.556; 152.073, 293.633; 150.156, 293.706; 148.101, 293.795; 146.139, 293.889; 144.127, 293.991; 142.11, 294.1; 140.135, 294.21; 138.099, 294.328; 136.118, 294.446; 134.125, 294.568; 132.09, 294.694; 130.115, 294.819; 128.118, 294.947; 126.094, 295.078; 124.111, 295.209; 122.114, 295.341; 120.101, 295.475; 118.107, 295.609; 116.11, 295.744; 114.107, 295.88; 112.105, 296.016; 110.106, 296.152; 108.108, 296.289; 106.113, 296.425; 104.116, 296.562; 102.117, 296.698; 100.116, 296.834; 98.112, 296.97; 96.1142, 297.105; 94.1239, 297.239; 92.1091, 297.374; 90.1098, 297.506; 88.129, 297.636; 86.1063, 297.768; 84.1046, 297.896; 82.1323, 298.021; 80.101, 298.148; 78.1001, 298.27; 76.137, 298.387; 74.0901, 298.506; 72.1021, 298.618; 70.8776, 298.685; 70.8436, 297.95; 70.751, 295.949; 70.6584, 293.949; 70.5658, 291.949; 70.5077, 290.694; 71.2257, 290.655; 73.1975, 290.545; 75.2309, 290.427; 77.2165, 290.309; 79.2074, 290.188; 81.2397, 290.062; 83.2185, 289.937; 85.214, 289.809; 87.2368, 289.677; 89.2226, 289.547; 91.2183, 289.415; 93.2305, 289.281; 95.2262, 289.147; 97.2223, 289.012; 99.2259, 288.876; 101.228, 288.74; 103.227, 288.604; 105.225, 288.467; 107.22, 288.331; 109.217, 288.194; 111.216, 288.058; 113.216, 287.922; 115.221, 287.786; 117.219, 287.651; 119.208, 287.517; 121.223, 287.382; 123.223, 287.25; 125.205, 287.119; 127.226, 286.988; 129.229, 286.859; 131.203, 286.734; 133.231, 286.608; 135.234, 286.485; 137.193, 286.368; 139.242, 286.249; 141.233, 286.136; 143.219, 286.029; 145.255, 285.924; 147.202, 285.829; 149.264, 285.737; 151.225, 285.659; 153.196, 285.58; 155.192, 285.461; 157.195, 285.289; 159.185, 285.048; 161.152, 284.72; 163.1, 284.283; 165.017, 283.71; 166.874, 282.967; 168.638, 282.027; 170.262, 280.862; 171.689, 279.461; 172.866, 277.846; 173.766, 276.063; 174.391, 274.165; 174.767, 272.202; 174.932, 270.209; 174.921, 268.208; 174.772, 266.217; 174.513, 264.24; 174.164, 262.267; 173.745, 260.3; 173.276, 258.358; 172.764, 256.417; 172.224, 254.488; 171.664, 252.569; 171.076, 250.654; 170.463, 248.746; 169.83, 246.847; 169.179, 244.955; 168.513, 243.068; 167.835, 241.183; 167.147, 239.299; 166.455, 237.423; 165.759, 235.547; 165.06, 233.668; 164.364, 231.794; 163.669, 229.914; 162.978, 228.032; 162.298, 226.149; 161.626, 224.262; 160.965, 222.37; 160.321, 220.474; 159.692, 218.574; 159.082, 216.664; 158.495, 214.749; 157.932, 212.83; 157.395, 210.898; 156.889, 208.96; 156.415, 207.019; 155.976, 205.061; 155.577, 203.099; 155.219, 201.134; 154.906, 199.152; 154.641, 197.169; 154.429, 195.181; 154.271, 193.184; 154.172, 191.186; 154.131, 189.167; 154.119, 187.133; 154.13, 185.12; 154.165, 183.13; 154.223, 181.161; 154.307, 179.151; 154.418, 177.126; 154.555, 175.125; 154.718, 173.149; 154.907, 171.19; 155.133, 169.163; 155.387, 167.164; 155.669, 165.192; 155.98, 