boundaryCurve{1} = [318.843, 295.434; 316.789, 295.376; 314.756, 295.319; 312.742, 295.264; 310.749, 295.209; 308.776, 295.155; 306.822, 295.103; 304.808, 295.049; 302.766, 294.996; 300.746, 294.943; 298.749, 294.892; 296.775, 294.842; 294.825, 294.794; 292.807, 294.744; 290.763, 294.695; 288.746, 294.647; 286.756, 294.6; 284.792, 294.555; 282.844, 294.511; 280.782, 294.466; 278.751, 294.422; 276.751, 294.38; 274.782, 294.34; 272.844, 294.301; 270.786, 294.261; 268.751, 294.223; 266.753, 294.187; 264.792, 294.153; 262.835, 294.121; 260.769, 294.088; 258.747, 294.057; 256.77, 294.029; 254.837, 294.004; 252.78, 293.979; 250.747, 293.956; 248.769, 293.936; 246.844, 293.92; 244.768, 293.905; 242.747, 293.893; 240.794, 293.886; 238.797, 293.881; 236.745, 293.881; 234.781, 293.886; 232.798, 293.897; 230.744, 293.914; 228.808, 293.938; 226.758, 293.973; 224.774, 294.018; 222.769, 294.079; 220.786, 294.159; 218.75, 294.272; 216.783, 294.434; 215.392, 294.615; 215.384, 294.616; 215.377, 294.618; 215.37, 294.619; 215.363, 294.62; 215.356, 294.621; 215.349, 294.623; 215.342, 294.624; 215.335, 294.625; 215.328, 294.626; 215.321, 294.627; 215.314, 294.629; 215.307, 294.63; 215.3, 294.631; 215.292, 294.632; 215.285, 294.634; 215.278, 294.635; 214.876, 294.7; 214.371, 294.773; 213.489, 294.872; 212.889, 294.919; 212.632, 294.933; 211.801, 294.955; 210.995, 294.939; 210.892, 294.934; 210.215, 294.884; 209.461, 294.791; 208.907, 294.695; 208.733, 294.659; 208.031, 294.489; 207.355, 294.28; 206.987, 294.146; 206.706, 294.033; 206.084, 293.748; 205.489, 293.424; 205.204, 293.25; 204.921, 293.062; 204.38, 292.662; 203.867, 292.224; 203.641, 292.009; 202.998, 291.317; 202.366, 290.474; 202.277, 290.338; 201.691, 289.302; 201.424, 288.715; 201.229, 288.22; 200.879, 287.108; 200.805, 286.815; 200.63, 285.977; 200.471, 284.845; 200.471, 284.842; 200.388, 283.717; 200.37, 282.846; 200.371, 282.613; 200.409, 281.545; 200.46, 280.845; 200.489, 280.527; 200.6, 279.571; 200.703, 278.86; 200.73, 278.692; 200.868, 277.901; 201.002, 277.214; 201.07, 276.885; 201.12, 276.644; 201.532, 274.953; 201.63, 274.61; 202.139, 273.049; 202.287, 272.646; 202.88, 271.193; 203.081, 270.747; 203.746, 269.392; 204.003, 268.908; 204.723, 267.648; 205.045, 267.123; 205.799, 265.963; 206.197, 265.386; 206.959, 264.336; 207.451, 263.692; 208.193, 262.762; 209.487, 261.238; 210.833, 259.758; 212.221, 258.318; 213.644, 256.91; 215.094, 255.531; 216.565, 254.174; 218.05, 252.836; 219.546, 251.509; 221.049, 250.189; 222.555, 248.871; 223.09, 248.403; 224.059, 247.552; 224.347, 247.298; 225.558, 246.226; 225.605, 246.184; 226.862, 245.058; 227.047, 244.892; 228.116, 243.919; 228.524, 243.543; 229.365, 242.763; 229.986, 242.178; 230.606, 241.588; 231.429, 240.793; 231.837, 240.393; 232.85, 239.385; 233.057, 239.175; 234.245, 237.95; 234.263, 237.931; 235.453, 236.659; 235.609, 236.489; 236.624, 235.358; 236.941, 234.997; 237.776, 234.023; 238.236, 233.473; 238.905, 232.655; 239.492, 231.916; 240.009, 231.249; 240.704, 230.326; 241.087, 229.804; 241.879, 228.689; 242.994, 227.034; 244.064, 225.34; 245.08, 223.623; 246.051, 221.868; 246.966, 220.097; 247.837, 218.289; 248.65, 216.473; 249.422, 214.616; 250.135, 212.76; 250.808, 210.864; 251.427, 208.966; 251.999, 207.05; 252.525, 205.113; 252.999, 203.185; 253.434, 201.219; 253.821, 199.253; 254.161, 197.297; 254.462, 195.31; 254.721, 193.317; 254.937, 191.326; 255.114, 189.335; 255.216, 187.939; 255.255, 187.337; 255.325, 186.126; 255.367, 185.333; 255.404, 184.582; 255.458, 183.388; 255.527, 181.382; 255.564, 179.375; 255.567, 177.385; 255.533, 175.383; 255.46, 173.373; 255.345, 171.387; 255.187, 169.391; 254.983, 167.396; 254.733, 165.419; 254.432, 163.434; 254.082, 161.47; 253.68, 159.51; 253.224, 157.559; 252.715, 155.631; 252.148, 153.702; 251.529, 151.812; 250.85, 149.923; 250.117, 148.07; 249.325, 146.229; 248.478, 144.422; 247.573, 142.636; 246.613, 140.884; 245.598, 139.161; 244.53, 137.473; 243.407, 135.816; 242.236, 134.199; 241.003, 132.604; 239.722, 131.069; 238.382, 129.584; 236.985, 128.153; 235.535, 126.777; 234.033, 125.456; 232.482, 124.195; 230.883, 122.992; 229.24, 121.852; 227.556, 120.775; 225.831, 119.762; 224.069, 118.815; 222.273, 117.938; 220.443, 117.129; 218.584, 116.391; 216.699, 115.727; 214.787, 115.138; 212.855, 114.624; 210.903, 114.189; 208.935, 113.834; 206.954, 113.559; 204.964, 113.368; 202.967, 113.262; 200.967, 113.241; 198.969, 113.308; 196.952, 113.46; 194.978, 113.69; 192.995, 114.001; 191.04, 114.388; 189.092, 114.857; 187.173, 115.4; 185.268, 116.022; 183.399, 116.715; 181.547, 117.486; 179.74, 118.319; 177.947, 119.23; 176.213, 120.193; 174.487, 121.234; 172.817, 122.325; 171.179, 123.476; 169.578, 124.685; 168.036, 125.931; 166.508, 127.248; 165.032, 128.606; 163.613, 129.996; 162.229, 131.44; 160.881, 132.936; 159.587, 134.469; 159.209, 134.937; 158.352, 136.037; 158.147, 136.308; 157.326, 137.436; 157.187, 137.634; 156.067, 139.301; 155.014, 141; 154.028, 142.731; 153.097, 144.512; 152.237, 146.313; 151.442, 148.143; 150.707, 150.012; 150.04, 151.897; 149.441, 153.795; 148.901, 155.727; 148.425, 157.676; 148.013, 159.635; 147.664, 161.603; 147.376, 163.58; 147.186, 165.2; 147.148, 165.567; 147.014, 167.089; 146.979, 167.565; 146.904, 168.801; 146.868, 169.569; 146.84, 170.318; 146.81, 171.55; 146.809, 171.623; 146.794, 172.701; 146.792, 173.532; 146.837, 175.534; 146.949, 177.527; 147.123, 179.53; 147.349, 181.508; 147.628, 183.497; 147.951, 185.466; 148.319, 187.437; 148.726, 189.394; 149.171, 191.347; 149.651, 193.288; 150.166, 195.224; 150.712, 197.147; 151.291, 199.066; 151.898, 200.968; 152.538, 202.871; 153.202, 204.749; 153.902, 206.635; 154.626, 208.495; 155.383, 210.352; 156.17, 212.196; 156.982, 214.009; 157.842, 215.835; 158.729, 217.625; 159.651, 219.383; 160.637, 221.147; 161.674, 222.867; 162.768, 224.538; 163.868, 226.192; 164.87, 227.703; 164.969, 227.852; 165.94, 229.322; 166.073, 229.524; 166.883, 230.756; 167.176, 231.203; 167.711, 232.024; 168.263, 232.875; 168.436, 233.143; 169.07, 234.134; 169.34, 234.56; 169.626, 235.014; 170.116, 235.802; 170.392, 236.254; 170.552, 236.518; 170.946, 237.178; 171.311, 237.803; 171.406, 237.969; 171.658, 238.411; 172.001, 239.02; 172.351, 239.649; 172.385, 239.71; 172.721, 240.317; 172.951, 240.735; 173.195, 241.175; 173.352, 241.459; 173.455, 241.643; 173.733, 242.142; 174.032, 242.676; 174.331, 243.206; 174.356, 243.25; 174.706, 243.867; 175.085, 244.533; 175.318, 244.939; 175.497, 245.25; 175.943, 246.024; 176.319, 246.672; 176.427, 246.858; 176.951, 247.757; 177.326, 248.397; 177.518, 248.724; 178.13, 249.764; 178.34, 250.12; 178.791, 250.882; 179.362, 251.842; 179.503, 252.08; 179.923, 252.781; 180.341, 253.471; 180.398, 253.563; 180.756, 254.148; 181.168, 254.813; 181.45, 255.265; 181.577, 255.467; 181.983, 256.11; 182.384, 256.741; 182.521, 256.954; 182.782, 257.362; 183.176, 257.971; 183.566, 258.571; 183.607, 258.633; 183.951, 259.16; 184.331, 259.739; 184.704, 260.305; 184.706, 260.309; 185.076, 260.868; 185.441, 261.419; 185.8, 261.96; 185.809, 261.973; 186.913, 263.642; 186.966, 263.723; 188.007, 265.318; 188.08, 265.43; 189.077, 267.007; 189.127, 267.088; 190.096, 268.701; 190.107, 268.72; 190.975, 270.277; 191.078, 270.473; 191.751, 271.822; 191.958, 272.272; 192.412, 273.341; 192.707, 274.126; 192.946, 274.841; 193.275, 276.038; 193.341, 276.328; 193.583, 277.808; 193.604, 278.005; 193.662, 279.287; 193.638, 280.002; 193.349, 281.977; 192.79, 283.783; 192.75, 283.883; 192.089, 285.321; 191.892, 285.687; 191.163, 286.889; 190.829, 287.38; 189.588, 288.944; 188.178, 290.358; 186.619, 291.608; 184.94, 292.691; 183.169, 293.616; 181.328, 294.396; 179.456, 295.043; 177.536, 295.587; 175.598, 296.036; 173.611, 296.411; 171.662, 296.711; 169.644, 296.961; 167.689, 297.156; 165.666, 297.314; 163.699, 297.433; 161.685, 297.524; 159.694, 297.587; 157.7, 297.629; 155.674, 297.65; 153.706, 297.656; 151.684, 297.647; 149.692, 297.625; 147.705, 