boundaryCurve{1} = [318.843, 295.434; 316.721, 295.374; 314.621, 295.316; 312.542, 295.258; 310.484, 295.202; 308.448, 295.147; 306.434, 295.092; 304.441, 295.04; 302.469, 294.988; 300.519, 294.937; 298.591, 294.888; 296.683, 294.84; 294.798, 294.793; 292.752, 294.743; 290.631, 294.692; 288.539, 294.642; 286.475, 294.594; 284.44, 294.547; 282.433, 294.502; 280.456, 294.459; 278.507, 294.417; 276.586, 294.377; 274.695, 294.338; 272.832, 294.301; 270.693, 294.26; 268.567, 294.22; 266.482, 294.182; 264.437, 294.147; 262.432, 294.114; 260.467, 294.083; 258.543, 294.054; 256.659, 294.028; 254.816, 294.004; 252.671, 293.977; 250.528, 293.954; 248.446, 293.934; 246.425, 293.917; 244.464, 293.903; 242.564, 293.892; 240.725, 293.885; 238.715, 293.881; 236.521, 293.882; 234.428, 293.888; 232.436, 293.899; 230.546, 293.916; 228.758, 293.939; 226.591, 293.976; 224.427, 294.027; 222.466, 294.09; 220.708, 294.163; 218.839, 294.258; 216.847, 294.432; 215.377, 294.618; 215.363, 294.62; 215.349, 294.623; 215.335, 294.625; 215.321, 294.627; 215.307, 294.63; 215.292, 294.632; 215.278, 294.635; 214.856, 294.703; 213.489, 294.872; 212.866, 294.92; 211.801, 294.955; 210.868, 294.933; 210.215, 294.884; 208.897, 294.692; 208.733, 294.659; 207.355, 294.28; 206.977, 294.142; 206.084, 293.748; 205.195, 293.244; 204.921, 293.062; 203.634, 292.003; 202.362, 290.468; 201.421, 288.711; 200.804, 286.813; 200.471, 284.843; 200.37, 282.848; 200.461, 280.824; 200.6, 279.571; 200.709, 278.824; 200.868, 277.902; 201.075, 276.861; 201.12, 276.644; 201.532, 274.955; 202.138, 273.051; 202.88, 271.195; 203.744, 269.394; 204.723, 267.65; 205.797, 265.964; 206.952, 264.346; 208.187, 262.77; 209.48, 261.247; 210.824, 259.768; 212.215, 258.324; 213.633, 256.922; 215.09, 255.535; 216.553, 254.185; 218.046, 252.84; 219.539, 251.516; 221.044, 250.194; 222.552, 248.874; 224.057, 247.554; 225.554, 246.23; 227.046, 244.893; 228.521, 243.546; 229.984, 242.18; 231.427, 240.794; 232.847, 239.387; 234.244, 237.951; 235.606, 236.492; 236.94, 234.998; 238.234, 233.475; 239.489, 231.919; 240.703, 230.327; 241.872, 228.699; 242.989, 227.041; 244.057, 225.352; 245.075, 223.631; 246.043, 221.881; 246.962, 220.105; 247.83, 218.304; 248.647, 216.479; 249.432, 214.59; 250.154, 212.708; 250.814, 210.845; 251.43, 208.956; 252.013, 206.999; 252.534, 205.077; 252.999, 203.186; 253.445, 201.165; 253.83, 199.206; 254.161, 197.295; 254.472, 195.235; 254.724, 193.281; 254.941, 191.28; 255.119, 189.261; 255.258, 187.294; 255.37, 185.273; 255.457, 183.422; 255.525, 181.44; 255.564, 179.381; 255.567, 177.424; 255.534, 175.425; 255.46, 173.376; 255.348, 171.42; 255.191, 169.429; 254.984, 167.404; 254.737, 165.442; 254.439, 163.475; 254.086, 161.485; 253.684, 159.525; 253.234, 157.597; 252.723, 155.657; 252.149, 153.706; 251.528, 151.805; 250.85, 149.924; 250.116, 148.065; 249.324, 146.227; 248.475, 144.415; 247.57, 142.631; 246.61, 140.878; 245.595, 139.156; 244.527, 137.466; 243.405, 135.811; 242.231, 134.191; 241.007, 132.608; 239.726, 131.073; 238.386, 129.589; 236.989, 128.157; 235.536, 126.779; 234.034, 125.458; 232.484, 124.197; 230.888, 122.996; 229.247, 121.856; 227.564, 120.78; 225.841, 119.767; 224.078, 118.821; 222.279, 117.94; 220.45, 117.131; 218.592, 116.394; 216.706, 115.73; 214.796, 115.14; 212.864, 114.627; 210.913, 114.191; 208.945, 113.835; 206.965, 113.561; 204.975, 113.369; 202.979, 113.262; 200.98, 113.241; 198.982, 113.307; 196.986, 113.457; 194.998, 113.687; 193.023, 113.997; 191.063, 114.384; 189.121, 114.849; 187.198, 115.392; 185.296, 116.012; 183.419, 116.708; 181.571, 117.476; 179.755, 118.313; 177.971, 119.217; 176.222, 120.188; 174.51, 121.221; 172.835, 122.312; 171.199, 123.461; 169.559, 124.7; 167.979, 125.979; 166.497, 127.258; 165.009, 128.628; 163.553, 130.057; 162.229, 131.439; 160.82, 133.006; 159.57, 134.49; 158.276, 136.137; 157.197, 137.62; 156.081, 139.279; 155.028, 140.978; 154.037, 142.715; 153.11, 144.487; 152.248, 146.29; 151.45, 148.124; 150.701, 150.029; 150.034, 151.917; 149.445, 153.781; 148.893, 155.76; 148.424, 157.684; 148.011, 159.649; 147.659, 161.636; 147.377, 163.58; 147.144, 165.617; 146.979, 167.575; 146.867, 169.601; 146.808, 171.641; 146.794, 172.701; 146.794, 173.527; 146.838, 175.526; 146.947, 177.522; 147.121, 179.514; 147.345, 181.473; 147.621, 183.448; 147.946, 185.435; 148.315, 187.417; 148.721, 189.37; 149.165, 191.322; 149.646, 193.269; 150.162, 195.211; 150.711, 197.144; 151.289, 199.059; 151.893, 200.953; 152.539, 202.875; 153.211, 204.775; 153.903, 206.637; 154.624, 208.489; 155.398, 210.387; 156.183, 212.225; 156.977, 213.997; 157.862, 215.877; 158.756, 217.678; 159.646, 219.374; 160.676, 221.214; 161.698, 222.906; 162.784, 224.561; 163.92, 226.269; 164.965, 227.845; 166.117, 229.589; 167.184, 231.216; 168.266, 232.88; 169.35, 234.576; 169.626, 235.014; 170.393, 236.255; 170.552, 236.518; 171.311, 237.803; 171.399, 237.956; 172.001, 239.02; 172.368, 239.679; 172.721, 240.317; 173.195, 241.175; 173.34, 241.436; 173.733, 242.142; 174.322, 243.19; 174.356, 243.25; 175.085, 244.533; 175.301, 244.911; 175.943, 246.024; 176.297, 246.635; 177.305, 248.361; 178.326, 250.096; 179.35, 251.822; 180.341, 253.471; 180.391, 253.553; 181.168, 254.813; 181.446, 255.257; 181.983, 256.11; 182.516, 256.947; 182.782, 257.362; 183.566, 258.571; 183.6, 258.624; 184.331, 259.739; 184.701, 260.3; 185.076, 260.868; 185.8, 261.96; 185.802, 261.964; 186.927, 263.663; 188.003, 265.311; 189.091, 267.03; 190.102, 268.711; 191.089, 270.492; 191.952, 272.254; 192.699, 274.108; 193.272, 276.021; 193.603, 277.99; 193.638, 279.986; 193.351, 281.963; 192.756, 283.869; 191.9, 285.675; 190.837, 287.368; 189.597, 288.934; 188.188, 290.349; 186.627, 291.598; 184.952, 292.686; 183.182, 293.612; 181.337, 294.387; 179.451, 295.047; 177.527, 295.593; 175.577, 296.035; 173.613, 296.41; 171.638, 296.718; 169.654, 296.961; 167.774, 297.148; 165.832, 297.302; 163.818, 297.426; 161.73, 297.522; 159.75, 297.586; 157.829, 297.626; 155.852, 297.649; 153.818, 297.656; 151.727, 297.647; 149.743, 297.626; 147.821, 297.596; 145.856, 297.556; 143.846, 297.508; 141.791, 297.452; 139.691, 297.39; 137.763, 297.328; 135.831, 297.263; 133.863, 297.194; 131.86, 297.121; 129.82, 297.046; 127.744, 296.969; 126.266, 296.914; 126.073, 296.907; 125.881, 296.899; 125.688, 296.892; 125.68, 296.892; 125.496, 296.885; 125.304, 296.878; 125.111, 296.871; 124.919, 296.863; 123.681, 296.819; 121.682, 296.755; 119.682, 296.7; 117.682, 296.654; 115.681, 296.617; 113.681, 296.59; 111.681, 296.572; 109.68, 296.563; 107.679, 296.563; 105.679, 296.573; 103.678, 296.592; 101.678, 296.62; 99.6774, 296.657; 97.6772, 296.703; 95.6776, 296.759; 93.6783, 296.823; 91.6785, 296.897; 89.6794, 296.98; 87.6812, 297.072; 85.6839, 297.174; 83.6855, 297.285; 81.6882, 297.404; 79.6921, 297.534; 77.6975, 297.672; 75.7009, 297.82; 73.7061, 297.977; 71.713, 298.143; 69.7967, 298.311; 69.7899, 298.236; 69.6094, 296.244; 69.429, 294.252; 69.2486, 292.259; 69.0751, 290.344; 69.152, 290.337; 71.1433, 290.162; 73.1364, 289.996; 75.1313, 289.839; 77.1281, 289.692; 79.1225, 289.553; 81.1184, 289.424; 83.1158, 289.303; 85.1145, 289.192; 87.1115, 289.09; 89.1096, 288.997; 91.1087, 288.912; 93.1087, 288.837; 95.1076, 288.771; 97.1072, 288.714; 99.1073, 288.666; 101.108, 288.627; 103.108, 288.597; 105.109, 288.576; 107.109, 288.564; 109.11, 288.561; 111.111, 288.567; 113.111, 288.583; 115.111, 288.607; 117.111, 288.64; 119.112, 288.683; 121.112, 288.735; 123.112, 288.795; 125.11, 288.865; 125.41, 288.876; 125.602, 288.884; 125.795, 288.891; 125.987, 288.898; 126.18, 288.905; 126.372, 288.912; 126.564, 288.92; 126.757, 288.927; 127.127, 288.941; 129.207, 289.018; 131.25, 289.092; 133.258, 289.165; 135.229, 289.235; 137.164, 289.302; 139.146, 289.369; 141.225, 289.433; 143.257, 289.49; 145.245, 289.54; 147.186, 289.584; 149.129, 289.62; 151.225, 289.648; 153.261, 289.662; 155.237, 289.662; 157.154, 289.647; 159.188, 289.611; 161.256, 289.551; 163.243, 289.466; 