boundaryCurve{1} = [164.62, 305.934; 164.182, 305.917; 163.745, 305.901; 163.308, 305.885; 162.871, 305.869; 162.62, 305.859; 162.434, 305.852; 161.996, 305.836; 161.559, 305.82; 161.122, 305.804; 160.685, 305.787; 160.62, 305.785; 160.248, 305.771; 159.81, 305.755; 159.373, 305.739; 158.936, 305.723; 158.62, 305.711; 158.499, 305.706; 158.062, 305.69; 157.625, 305.674; 157.672, 304.671; 157.829, 302.675; 158.067, 300.691; 158.384, 298.716; 158.781, 296.754; 159.253, 294.812; 159.8, 292.884; 160.416, 290.985; 161.102, 289.106; 161.853, 287.249; 162.663, 285.425; 163.538, 283.615; 164.46, 281.85; 165.44, 280.1; 166.466, 278.387; 167.539, 276.698; 168.658, 275.037; 169.816, 273.409; 171.016, 271.802; 172.246, 270.231; 173.519, 268.678; 174.814, 267.163; 176.149, 265.663; 177.502, 264.198; 178.891, 262.75; 180.298, 261.333; 181.733, 259.936; 183.189, 258.563; 184.662, 257.215; 186.17, 255.875; 186.784, 255.34; 187.683, 254.565; 187.775, 254.486; 188.775, 253.639; 189.211, 253.271; 189.775, 252.798; 190.749, 251.991; 190.784, 251.962; 191.797, 251.133; 192.299, 250.724; 192.813, 250.309; 193.832, 249.49; 193.858, 249.469; 194.853, 248.677; 195.425, 248.224; 195.875, 247.868; 196.898, 247.068; 196.999, 246.989; 197.92, 246.268; 198.576, 245.755; 198.94, 245.473; 200.156, 244.528; 201.738, 243.302; 203.32, 242.077; 204.901, 240.849; 206.479, 239.62; 208.055, 238.384; 209.622, 237.14; 211.183, 235.887; 212.734, 234.622; 214.275, 233.346; 215.804, 232.054; 217.318, 230.745; 218.816, 229.419; 220.298, 228.073; 221.76, 226.705; 223.197, 225.313; 224.611, 223.896; 225.997, 222.454; 227.354, 220.982; 228.134, 220.111; 228.397, 219.811; 228.655, 219.503; 228.675, 219.479; 228.905, 219.195; 229.146, 218.886; 229.375, 218.577; 229.593, 218.267; 229.793, 217.958; 229.851, 217.862; 229.979, 217.65; 230.148, 217.343; 230.298, 217.037; 230.426, 216.737; 230.526, 216.437; 230.607, 216.137; 230.629, 216.031; 230.661, 215.837; 230.686, 215.543; 230.661, 215.043; 230.551, 214.543; 230.372, 214.083; 230.361, 214.059; 230.098, 213.587; 229.768, 213.128; 229.377, 212.683; 229.186, 212.491; 228.931, 212.253; 228.431, 211.839; 227.893, 211.439; 227.617, 211.251; 227.317, 211.059; 226.71, 210.699; 226.078, 210.359; 225.879, 210.258; 225.427, 210.039; 224.763, 209.739; 224.092, 209.464; 224.049, 209.447; 223.42, 209.213; 222.161, 208.777; 220.257, 208.17; 218.333, 207.615; 216.397, 207.112; 214.448, 206.657; 212.489, 206.252; 210.52, 205.894; 208.544, 205.58; 206.562, 205.306; 204.573, 205.076; 202.583, 204.881; 200.588, 204.719; 198.59, 204.595; 196.593, 204.5; 194.591, 204.433; 192.592, 204.391; 190.591, 204.37; 188.588, 204.37; 186.588, 204.389; 184.586, 204.423; 182.587, 204.471; 180.585, 204.529; 178.584, 204.598; 176.587, 204.672; 174.584, 204.753; 172.586, 204.836; 170.584, 204.919; 168.584, 205.003; 166.585, 205.083; 164.585, 205.159; 162.585, 205.226; 160.584, 205.286; 158.584, 205.335; 156.582, 205.372; 154.581, 205.394; 152.58, 205.397; 150.578, 205.39; 148.577, 205.352; 146.577, 205.296; 144.577, 205.215; 142.579, 205.108; 140.581, 204.972; 138.588, 204.806; 136.597, 204.607; 136.025, 204.544; 135.657, 204.499; 135.287, 204.449; 134.915, 204.394; 134.613, 204.343; 134.543, 204.331; 134.169, 204.26; 133.795, 204.18; 133.421, 204.09; 133.047, 203.99; 132.675, 203.874; 132.67, 203.872; 132.303, 203.745; 131.932, 203.6; 131.564, 203.438; 131.197, 203.259; 130.843, 203.064; 130.834, 203.059; 130.473, 202.841; 129.829, 202.387; 129.234, 201.883; 129.229, 201.878; 128.679, 201.317; 128.179, 200.709; 127.934, 200.369; 127.73, 200.058; 127.33, 199.368; 126.986, 198.642; 126.975, 198.615; 126.697, 197.885; 126.464, 197.101; 126.372, 196.712; 126.288, 196.293; 126.172, 195.466; 126.119, 194.729; 126.115, 194.624; 126.115, 193.77; 126.183, 192.909; 126.205, 192.733; 126.315, 192.045; 126.515, 191.181; 126.63, 190.778; 126.707, 190.529; 126.928, 189.893; 127.176, 189.274; 127.338, 188.908; 127.449, 188.674; 127.749, 188.086; 128.067, 187.511; 128.283, 187.147; 128.404, 186.951; 128.759, 186.404; 129.13, 185.869; 129.406, 185.491; 129.515, 185.346; 129.915, 184.833; 130.322, 184.333; 130.66, 183.932; 130.738, 183.841; 131.16, 183.358; 131.587, 182.883; 131.995, 182.441; 132.017, 182.417; 133.374, 180.988; 134.78, 179.566; 136.216, 178.173; 137.68, 176.808; 139.169, 175.471; 140.683, 174.161; 142.219, 172.88; 143.776, 171.622; 145.353, 170.39; 146.947, 169.182; 148.56, 167.996; 150.188, 166.832; 151.832, 165.689; 153.488, 164.566; 155.156, 163.463; 156.838, 162.376; 158.531, 161.305; 160.229, 160.249; 161.938, 159.207; 163.654, 158.178; 165.377, 157.159; 167.105, 156.15; 168.839, 155.151; 170.579, 154.158; 172.319, 153.173; 174.064, 152.191; 175.809, 151.214; 177.557, 150.239; 178.681, 149.611; 178.799, 149.545; 178.917, 149.479; 179.036, 149.413; 179.154, 149.347; 179.272, 149.281; 179.304, 149.263; 179.391, 149.215; 179.509, 149.149; 179.627, 149.083; 179.746, 149.017; 179.864, 148.951; 179.982, 148.885; 180.101, 148.819; 180.219, 148.753; 180.337, 148.687; 180.456, 148.621; 181.052, 148.288; 182.798, 147.312; 184.544, 146.332; 186.288, 145.351; 188.032, 144.368; 189.775, 143.384; 191.516, 142.397; 193.256, 141.409; 194.995, 140.419; 196.733, 139.427; 198.471, 138.433; 200.207, 137.437; 201.942, 136.439; 203.676, 135.44; 205.41, 134.441; 207.142, 133.44; 208.873, 132.435; 210.603, 131.426; 212.332, 130.417; 214.06, 129.409; 215.786, 128.396; 217.512, 127.383; 219.236, 126.367; 220.96, 125.35; 222.682, 124.33; 224.404, 123.309; 226.124, 122.286; 227.843, 121.262; 229.561, 120.235; 231.278, 119.207; 232.994, 118.177; 234.708, 117.144; 236.422, 116.11; 238.135, 115.075; 239.847, 114.038; 241.557, 112.999; 243.266, 111.957; 244.975, 110.914; 246.681, 109.87; 247.68, 109.256; 248.385, 108.816; 248.592, 108.686; 249.477, 108.122; 250.07, 107.736; 250.336, 107.559; 251.166, 106.997; 251.722, 106.607; 251.966, 106.431; 252.737, 105.861; 253.322, 105.406; 253.475, 105.283; 254.181, 104.694; 254.84, 104.105; 254.852, 104.094; 255.489, 103.478; 256.089, 102.844; 256.24, 102.675; 256.652, 102.191; 257.176, 101.515; 257.47, 101.1; 257.661, 100.815; 258.104, 100.087; 258.122, 100.055; 258.14, 100.024; 258.157, 99.993; 258.173, 99.963; 258.189, 99.934; 258.204, 99.906; 258.219, 99.877; 258.233, 99.85; 258.246, 99.823; 258.26, 99.797; 258.272, 99.771; 258.284, 99.746; 258.296, 99.721; 258.308, 99.697; 258.318, 99.674; 258.329, 99.651; 258.309, 99.643; 258.289, 99.634; 258.268, 99.625; 258.246, 99.616; 258.224, 99.607; 258.202, 99.597; 258.179, 99.588; 258.155, 99.578; 258.131, 99.568; 258.106, 99.558; 258.08, 99.548; 258.054, 99.538; 258.037, 99.531; 258.028, 99.527; 258, 99.517; 257.973, 99.506; 257.944, 99.495; 256.968, 99.145; 256.145, 98.8819; 255.978, 98.832; 254.978, 98.552; 254.214, 98.3625; 253.961, 98.304; 252.932, 98.086; 252.254, 97.9576; 251.894, 97.894; 250.847, 97.726; 250.279, 97.6447; 249.793, 97.58; 248.733, 97.454; 248.29, 97.4067; 247.668, 97.345; 246.6, 97.25; 246.296, 97.2253; 245.53, 97.168; 244.3, 97.0859; 243.389, 97.031; 242.302, 96.9697; 240.311, 96.8499; 238.319, 96.7452; 236.319, 96.6402; 234.309, 96.5351; 232.318, 96.4325; 230.322, 96.3327; 228.319, 96.2357; 226.316, 96.1418; 224.324, 96.0522; 222.324, 95.9662; 220.318, 95.8837; 218.317, 95.806; 216.319, 95.7347; 214.318, 95.6697; 212.313, 95.611; 210.318, 95.5602; 208.318, 95.5158; 206.315, 95.4777; 204.311, 95.4463; 202.312, 95.4242; 200.311, 95.4125; 198.308, 95.4111; 196.306, 95.419; 194.306, 95.4366; 192.305, 95.465; 190.302, 95.5043; 188.302, 95.5547; 186.302, 95.6172; 184.302, 95.6919; 182.301, 95.7788; 180.303, 95.8801; 178.306, 95.995; 176.308, 96.1235; 174.31, 96.2656; 172.315, 96.4234; 170.321, 96.5978; 168.329, 96.7887; 166.339, 96.9958; 164.351, 97.2198; 162.364, 97.4615; 160.38, 97.7207; 158.396, 97.9981; 156.416, 98.2949; 154.441, 98.6109; 152.47, 98.9463; 150.499, 99.303; 148.533, 99.6804; 146.573, 100.078; 144.617, 100.497; 142.665, 100.939; 140.719, 101.404; 138.778, 101.893; 136.844, 102.405; 