boundaryCurve{1} = [164.617, 306; 162.62, 305.886; 160.622, 305.771; 158.625, 305.657; 157.627, 305.6; 157.708, 304.601; 157.986, 302.621; 158.419, 300.671; 159.005, 298.761; 159.74, 296.9; 160.607, 295.097; 161.571, 293.346; 162.629, 291.652; 163.778, 290.018; 165.016, 288.448; 166.328, 286.937; 167.688, 285.471; 169.094, 284.05; 170.546, 282.676; 172.042, 281.349; 173.58, 280.071; 175.155, 278.837; 176.753, 277.633; 178.373, 276.461; 180.015, 275.319; 181.679, 274.209; 183.363, 273.131; 185.068, 272.084; 186.788, 271.068; 188.516, 270.069; 190.265, 269.083; 192.016, 268.117; 193.775, 267.163; 195.541, 266.218; 197.31, 265.283; 199.086, 264.356; 200.864, 263.431; 202.632, 262.513; 204.402, 261.595; 206.177, 260.671; 207.952, 259.741; 209.725, 258.803; 211.494, 257.855; 213.253, 256.897; 214.998, 255.927; 216.74, 254.938; 218.479, 253.923; 220.195, 252.893; 221.882, 251.846; 223.576, 250.756; 225.249, 249.634; 226.88, 248.49; 228.481, 247.31; 229.351, 246.618; 230.003, 246.037; 230.012, 246.029; 230.417, 245.602; 230.629, 245.318; 229.953, 244.729; 229.837, 244.651; 228.628, 243.971; 228.073, 243.716; 226.204, 243.009; 224.284, 242.452; 222.335, 241.999; 220.378, 241.585; 218.414, 241.207; 216.443, 240.865; 214.467, 240.559; 212.485, 240.289; 210.505, 240.054; 208.53, 239.848; 206.548, 239.669; 204.557, 239.516; 202.557, 239.388; 200.549, 239.283; 198.533, 239.2; 196.552, 239.138; 194.567, 239.094; 192.575, 239.066; 190.574, 239.053; 188.565, 239.054; 186.548, 239.067; 184.536, 239.09; 182.557, 239.121; 180.571, 239.161; 178.576, 239.206; 176.573, 239.256; 174.562, 239.31; 172.543, 239.365; 170.534, 239.422; 168.542, 239.477; 166.543, 239.531; 164.538, 239.582; 162.53, 239.628; 160.534, 239.668; 158.534, 239.7; 156.532, 239.724; 154.529, 239.738; 152.526, 239.741; 150.525, 239.732; 148.524, 239.709; 146.524, 239.672; 144.524, 239.619; 142.52, 239.547; 140.521, 239.454; 138.525, 239.34; 136.535, 239.205; 135.138, 239.084; 134.545, 239.015; 133.738, 238.894; 132.58, 238.649; 132.347, 238.588; 130.991, 238.118; 130.695, 237.987; 129.002, 236.938; 127.609, 235.512; 126.633, 233.776; 126.162, 231.843; 126.241, 229.852; 126.85, 227.956; 127.871, 226.245; 129.178, 224.735; 130.661, 223.396; 132.247, 222.175; 133.881, 221.023; 135.54, 219.904; 137.22, 218.82; 138.922, 217.769; 140.644, 216.752; 142.387, 215.77; 144.128, 214.825; 145.881, 213.906; 147.657, 213.007; 149.453, 212.127; 151.269, 211.265; 153.102, 210.42; 154.943, 209.594; 156.764, 208.798; 158.598, 208.015; 160.443, 207.245; 162.297, 206.486; 164.16, 205.738; 166.03, 204.998; 167.899, 204.269; 169.769, 203.549; 171.641, 202.836; 173.514, 202.128; 175.387, 201.424; 177.258, 200.724; 179.126, 200.027; 179.532, 199.875; 180, 199.7; 180.472, 199.523; 180.944, 199.347; 181, 199.326; 182.871, 198.626; 184.742, 197.924; 186.613, 197.22; 188.485, 196.514; 190.356, 195.806; 192.227, 195.097; 194.099, 194.385; 195.97, 193.671; 197.841, 192.956; 199.711, 192.239; 201.579, 191.521; 203.447, 190.801; 205.313, 190.08; 207.179, 189.358; 209.044, 188.634; 210.907, 187.908; 212.77, 187.181; 214.632, 186.453; 216.498, 185.721; 218.362, 184.988; 220.224, 184.253; 222.085, 183.517; 223.945, 182.78; 225.803, 182.041; 227.66, 181.301; 229.515, 180.56; 231.372, 179.816; 233.235, 179.067; 235.096, 178.317; 236.954, 177.567; 238.81, 176.816; 240.663, 176.064; 242.514, 175.31; 244.362, 174.556; 246.207, 173.802; 248.035, 173.052; 249.897, 172.271; 251.725, 171.457; 253.534, 170.568; 255.264, 169.594; 256.805, 168.546; 256.675, 168.519; 254.718, 168.157; 252.729, 167.871; 250.746, 167.652; 248.747, 167.479; 246.751, 167.352; 244.75, 167.256; 242.748, 167.176; 240.767, 167.104; 238.815, 167.035; 236.854, 166.966; 234.885, 166.897; 232.908, 166.829; 230.923, 166.763; 228.931, 166.697; 226.932, 166.634; 224.926, 166.573; 222.914, 166.514; 220.895, 166.458; 218.871, 166.405; 216.842, 166.356; 214.807, 166.31; 212.767, 166.269; 210.771, 166.233; 208.787, 166.202; 206.799, 166.176; 204.808, 166.155; 202.813, 166.14; 200.816, 166.131; 198.816, 166.127; 196.814, 166.131; 194.809, 166.14; 192.803, 166.157; 190.796, 166.181; 188.787, 166.213; 186.777, 166.253; 184.767, 166.3; 182.756, 166.356; 180.75, 166.421; 178.745, 166.495; 176.741, 166.578; 174.737, 166.672; 172.734, 166.776; 170.733, 166.89; 168.733, 167.015; 166.735, 167.151; 164.739, 167.298; 162.746, 167.458; 160.755, 167.628; 158.767, 167.812; 156.782, 168.007; 154.801, 168.216; 152.823, 168.437; 150.84, 168.669; 148.854, 168.915; 146.871, 169.178; 144.891, 169.459; 142.913, 169.757; 140.938, 170.071; 138.965, 170.403; 136.996, 170.752; 135.03, 171.118; 133.067, 171.501; 131.107, 171.901; 129.151, 172.318; 127.198, 172.751; 125.249, 173.202; 123.303, 173.67; 123.122, 173.714; 122.682, 171.954; 122.197, 170.013; 121.712, 168.072; 121.422, 166.914; 122.206, 166.722; 124.152, 166.259; 126.102, 165.812; 128.056, 165.382; 130.013, 164.968; 131.973, 164.57; 133.936, 164.189; 135.903, 163.824; 137.872, 163.477; 139.845, 163.145; 141.82, 162.83; 143.798, 162.532; 145.778, 162.251; 147.761, 161.986; 149.746, 161.737; 151.731, 161.504; 153.713, 161.279; 155.697, 161.068; 157.684, 160.869; 159.674, 160.683; 161.666, 160.509; 163.66, 160.347; 165.655, 160.197; 167.652, 160.058; 169.651, 159.929; 171.65, 159.812; 173.651, 159.704; 175.652, 159.607; 177.653, 159.52; 179.655, 159.441; 181.656, 159.372; 183.669, 159.312; 185.681, 159.26; 187.693, 159.216; 189.703, 159.181; 191.712, 159.153; 193.719, 159.133; 195.725, 159.12; 197.728, 159.114; 199.728, 159.114; 201.726, 159.12; 203.721, 159.133; 205.712, 159.151; 207.7, 159.174; 209.684, 159.202; 211.664, 159.235; 213.691, 159.274; 215.729, 159.317; 217.762, 159.364; 219.79, 159.415; 221.812, 159.469; 223.827, 159.526; 225.837, 159.586; 227.84, 159.648; 229.836, 159.713; 231.825, 159.779; 233.806, 159.846; 235.78, 159.914; 237.746, 159.983; 239.703, 160.053; 241.654, 160.122; 243.646, 160.195; 245.65, 160.279; 247.648, 160.382; 249.644, 160.516; 251.641, 160.689; 253.628, 160.912; 255.608, 161.193; 257.577, 161.543; 259.53, 161.972; 261.292, 162.465; 261.452, 162.521; 262.513, 162.977; 263.237, 163.405; 263.643, 163.707; 264.6, 164.723; 264.651, 164.797; 265.403, 166.628; 265.364, 168.612; 265.211, 169.146; 264.595, 170.447; 263.36, 172.014; 261.918, 173.396; 260.333, 174.615; 258.66, 175.707; 256.915, 176.688; 255.12, 177.587; 253.299, 178.415; 251.429, 179.212; 249.62, 179.957; 247.775, 180.713; 245.928, 181.467; 244.079, 182.22; 242.226, 182.973; 240.372, 183.724; 238.515, 184.475; 236.655, 185.225; 234.793, 185.973; 232.932, 186.72; 231.078, 187.462; 229.222, 188.202; 227.364, 188.941; 225.506, 189.679; 223.645, 190.416; 221.783, 191.151; 219.92, 191.885; 218.055, 192.618; 216.19, 193.349; 214.328, 194.076; 212.465, 194.803; 210.601, 195.527; 208.736, 196.251; 206.87, 196.972; 205.003, 197.693; 203.135, 198.411; 201.266, 199.129; 199.395, 199.845; 197.524, 200.56; 195.652, 201.273; 193.781, 201.984; 191.91, 202.695; 190.04, 203.403; 188.169, 204.11; 186.299, 204.815; 184.429, 205.519; 182.928, 206.083; 182.558, 206.221; 182.455, 206.259; 181.983, 206.436; 181.51, 206.612; 180.686, 206.92; 178.815, 207.619; 176.942, 208.321; 175.069, 209.027; 173.196, 209.739; 171.326, 210.455; 169.459, 211.177; 167.583, 211.914; 165.715, 212.659; 163.856, 213.414; 162.008, 214.181; 160.173, 214.958; 158.353, 215.747; 156.512, 216.566; 154.67, 217.409; 152.849, 218.268; 151.05, 219.144; 149.275, 220.038; 147.527, 220.951; 145.787, 221.892; 144.045, 222.876; 142.325, 223.896; 140.627, 224.953; 138.952, 226.047; 137.301, 227.176; 135.782, 228.273; 135.687, 228.345; 134.741, 229.115; 134.164, 229.65; 133.78, 230.057; 133.165, 230.985; 133.142, 231.176; 133.182, 231.288; 133.23, 231.358; 133.43, 231.529; 133.739, 231.69; 134.477, 231.917; 134.986, 232.016; 135.344, 232.07; 136.234, 232.17; 136.987, 232.23; 137.043, 232.234; 138.966, 232.365; 140.959, 232.477; 142.961, 232.568; 144.969, 232.639; 146.968, 232.691; 148.965, 232.727; 150.967, 232.748; 