boundaryCurve{1} = [164.62, 305.934; 162.62, 305.86; 160.619, 305.785; 158.619, 305.711; 157.625, 305.674; 157.674, 304.668; 157.832, 302.673; 158.068, 300.688; 158.384, 298.714; 158.778, 296.754; 159.25, 294.81; 159.801, 292.885; 160.423, 290.983; 161.108, 289.103; 161.855, 287.248; 162.662, 285.419; 163.529, 283.617; 164.457, 281.844; 165.442, 280.101; 166.474, 278.386; 167.548, 276.697; 168.662, 275.036; 169.816, 273.402; 171.01, 271.797; 172.243, 270.222; 173.515, 268.676; 174.822, 267.159; 176.154, 265.665; 177.511, 264.195; 178.893, 262.748; 180.3, 261.325; 181.731, 259.927; 183.186, 258.553; 184.665, 257.204; 186.165, 255.879; 187.677, 254.57; 189.206, 253.276; 190.749, 251.997; 192.299, 250.73; 193.856, 249.475; 195.425, 248.226; 196.997, 246.988; 198.578, 245.756; 200.162, 244.525; 201.737, 243.302; 203.311, 242.083; 204.889, 240.858; 206.469, 239.626; 208.048, 238.385; 209.619, 237.14; 211.179, 235.887; 212.731, 234.623; 214.273, 233.345; 215.803, 232.052; 217.321, 230.741; 218.82, 229.413; 220.3, 228.067; 221.758, 226.702; 223.199, 225.307; 224.615, 223.888; 226, 222.446; 227.354, 220.978; 228.671, 219.47; 228.902, 219.184; 229.793, 217.947; 229.849, 217.859; 230.426, 216.722; 230.63, 216.031; 230.691, 215.53; 230.39, 214.084; 230.103, 213.574; 229.204, 212.487; 227.636, 211.251; 225.904, 210.257; 224.076, 209.446; 222.189, 208.78; 220.283, 208.171; 218.361, 207.613; 216.426, 207.106; 214.478, 206.65; 212.518, 206.244; 210.548, 205.891; 208.571, 205.581; 206.588, 205.308; 204.601, 205.073; 202.609, 204.875; 200.614, 204.716; 198.616, 204.594; 196.636, 204.501; 194.653, 204.433; 192.661, 204.39; 190.66, 204.37; 188.651, 204.37; 186.632, 204.388; 184.617, 204.422; 182.639, 204.469; 180.652, 204.527; 178.657, 204.594; 176.655, 204.669; 174.643, 204.749; 172.624, 204.833; 170.614, 204.918; 168.622, 205.001; 166.623, 205.081; 164.618, 205.156; 162.608, 205.225; 160.611, 205.285; 158.612, 205.334; 156.609, 205.37; 154.604, 205.392; 152.602, 205.398; 150.6, 205.385; 148.598, 205.351; 146.598, 205.295; 144.597, 205.214; 142.597, 205.107; 140.6, 204.971; 138.606, 204.805; 136.617, 204.606; 134.928, 204.392; 134.635, 204.344; 133.434, 204.092; 132.69, 203.874; 131.945, 203.599; 130.864, 203.069; 130.486, 202.841; 129.256, 201.888; 127.955, 200.375; 126.996, 198.625; 126.393, 196.721; 126.138, 194.74; 126.226, 192.744; 126.645, 190.791; 127.349, 188.923; 128.288, 187.158; 129.41, 185.502; 130.663, 183.937; 131.995, 182.448; 133.375, 180.999; 134.783, 179.577; 136.218, 178.182; 137.679, 176.815; 139.166, 175.476; 140.679, 174.166; 142.217, 172.885; 143.774, 171.628; 145.351, 170.395; 146.946, 169.186; 148.558, 168.001; 150.186, 166.837; 151.829, 165.693; 153.486, 164.57; 155.156, 163.464; 156.837, 162.377; 158.529, 161.305; 160.23, 160.249; 161.938, 159.206; 163.654, 158.177; 165.376, 157.159; 167.108, 156.149; 168.848, 155.146; 170.591, 154.151; 172.336, 153.163; 174.08, 152.182; 175.823, 151.207; 177.563, 150.236; 179.047, 149.408; 179.305, 149.264; 179.52, 149.144; 179.993, 148.88; 180.467, 148.616; 181.052, 148.289; 182.795, 147.314; 184.537, 146.337; 186.28, 145.357; 188.023, 144.375; 189.766, 143.39; 191.509, 142.403; 193.251, 141.413; 194.994, 140.421; 196.737, 139.426; 198.475, 138.432; 200.21, 137.436; 201.945, 136.439; 203.679, 135.44; 205.413, 134.438; 207.145, 133.435; 208.877, 132.43; 210.607, 131.424; 212.337, 130.415; 214.066, 129.404; 215.794, 128.391; 217.52, 127.377; 219.246, 126.361; 220.97, 125.343; 222.692, 124.324; 224.414, 123.302; 226.134, 122.279; 227.853, 121.254; 229.57, 120.228; 231.29, 119.198; 233.009, 118.165; 234.727, 117.132; 236.443, 116.097; 238.157, 115.06; 239.868, 114.023; 241.578, 112.985; 243.285, 111.945; 244.991, 110.904; 246.694, 109.862; 248.437, 108.784; 250.092, 107.721; 251.768, 106.574; 253.34, 105.394; 254.852, 104.098; 256.251, 102.67; 257.481, 101.094; 258.186, 99.954; 258.246, 99.841; 258.297, 99.741; 258.342, 99.646; 258.259, 99.611; 258.168, 99.573; 258.068, 99.533; 258.051, 99.5262; 257.958, 99.49; 256.159, 98.8772; 254.228, 98.358; 252.277, 97.9546; 250.296, 97.6407; 248.309, 97.4025; 246.314, 97.2216; 244.313, 97.0807; 242.313, 96.9654; 240.343, 96.86; 238.388, 96.7563; 236.426, 96.6529; 234.455, 96.5504; 232.476, 96.4492; 230.489, 96.3498; 228.496, 96.2527; 226.495, 96.1585; 224.488, 96.0676; 222.475, 95.9805; 220.456, 95.8977; 218.431, 95.8198; 216.4, 95.7472; 214.365, 95.6805; 212.324, 95.6201; 210.341, 95.5682; 208.355, 95.5234; 206.365, 95.4862; 204.372, 95.457; 202.376, 95.4362; 200.377, 95.4243; 198.375, 95.4216; 196.371, 95.4287; 194.366, 95.4459; 192.358, 95.4736; 190.349, 95.5124; 188.339, 95.5625; 186.329, 95.6246; 184.318, 95.6989; 182.306, 95.7856; 180.307, 95.8792; 178.308, 95.9897; 176.311, 96.117; 174.314, 96.2611; 172.32, 96.422; 170.326, 96.5997; 168.335, 96.7942; 166.345, 97.0054; 164.357, 97.2335; 162.371, 97.4782; 160.387, 97.7397; 158.405, 98.018; 156.425, 98.3129; 154.448, 98.6246; 152.473, 98.953; 150.501, 99.3015; 148.534, 99.6742; 146.571, 100.071; 144.615, 100.492; 142.664, 100.937; 140.718, 101.405; 138.779, 101.898; 136.846, 102.414; 134.919, 102.954; 132.999, 103.518; 131.086, 104.105; 129.18, 104.716; 127.282, 105.351; 125.391, 106.009; 123.507, 106.69; 122.806, 104.815; 122.105, 102.94; 121.404, 101.066; 121.055, 100.133; 122, 99.7869; 123.887, 99.1151; 125.78, 98.4657; 127.681, 97.8388; 129.589, 97.2345; 131.504, 96.6528; 133.425, 96.0937; 135.353, 95.5574; 137.287, 95.0438; 139.227, 94.553; 141.172, 94.0851; 143.123, 93.6402; 145.08, 93.2182; 147.042, 92.8193; 149.008, 92.4434; 150.98, 92.0908; 152.954, 91.759; 154.93, 91.4435; 156.91, 91.1444; 158.891, 90.8616; 160.874, 90.5953; 162.86, 90.3453; 164.847, 90.1118; 166.836, 89.8946; 168.827, 89.6939; 170.82, 89.5096; 172.814, 89.3418; 174.81, 89.1904; 176.807, 89.0555; 178.805, 88.9371; 180.804, 88.8351; 182.813, 88.743; 184.827, 88.6605; 186.84, 88.5905; 188.852, 88.5327; 190.863, 88.4867; 192.872, 88.4519; 194.879, 88.428; 196.884, 88.4144; 198.886, 88.4108; 200.886, 88.4166; 202.882, 88.4315; 204.876, 88.4549; 206.866, 88.4865; 208.852, 88.5258; 210.834, 88.5723; 212.836, 88.6262; 214.876, 88.688; 216.911, 88.7559; 218.941, 88.8294; 220.965, 88.9082; 222.983, 88.9916; 224.995, 89.0792; 227.001, 89.1706; 229, 89.2652; 230.992, 89.3625; 232.977, 89.462; 234.954, 89.5633; 236.923, 89.6659; 238.884, 89.7692; 240.837, 89.8728; 242.791, 89.9774; 244.788, 90.0938; 246.801, 90.2361; 248.786, 90.4137; 250.789, 90.6444; 252.762, 90.9352; 254.732, 91.3017; 256.687, 91.7544; 258.608, 92.3071; 260.484, 92.9599; 261.368, 93.327; 262.305, 93.8157; 262.6, 94; 263.863, 95.0552; 263.869, 95.061; 264.917, 96.584; 264.974, 96.707; 265.345, 97.819; 265.472, 98.6313; 265.492, 99.395; 265.346, 100.619; 265.173, 101.304; 264.721, 102.516; 263.76, 104.269; 262.626, 105.916; 261.351, 107.456; 259.958, 108.892; 258.475, 110.232; 256.898, 111.493; 255.274, 112.672; 253.617, 113.784; 251.902, 114.871; 250.24, 115.896; 248.537, 116.938; 246.831, 117.979; 245.124, 119.019; 243.414, 120.057; 241.703, 121.095; 239.989, 122.131; 238.273, 123.166; 236.555, 124.199; 234.835, 125.232; 233.116, 126.262; 231.398, 127.288; 229.679, 128.312; 227.959, 129.335; 226.237, 130.356; 224.514, 131.376; 222.79, 132.393; 221.065, 133.409; 219.339, 134.424; 217.611, 135.436; 215.882, 136.447; 214.152, 137.456; 212.422, 138.463; 210.69, 139.468; 208.958, 140.471; 207.225, 141.473; 205.491, 142.472; 203.756, 143.469; 202.02, 144.465; 200.282, 145.459; 198.539, 146.454; 196.796, 147.446; 195.053, 148.436; 193.31, 149.423; 191.567, 150.408; 189.825, 151.39; 188.082, 152.37; 186.339, 153.348; 184.597, 154.323; 183.408, 154.987; 182.934, 155.251; 182.851, 155.297; 182.46, 155.515; 181.985, 155.78; 181.107, 156.27; 179.365, 157.242; 177.622, 158.218; 175.877, 159.2; 174.133, 160.188; 172.391, 161.183; 170.652, 162.186; 168.921, 163.197; 167.197, 164.217; 165.48, 165.249; 163.771, 166.293; 162.071, 167.351; 160.383, 168.424; 158.708, 169.513; 157.038, 170.624; 