boundaryCurve{1} = [164.617, 306; 164.18, 305.976; 163.743, 305.952; 163.306, 305.928; 162.869, 305.903; 162.62, 305.889; 162.433, 305.879; 161.996, 305.855; 161.559, 305.831; 161.122, 305.807; 160.685, 305.783; 160.622, 305.779; 160.248, 305.758; 159.812, 305.734; 159.375, 305.71; 158.938, 305.686; 158.625, 305.669; 158.501, 305.662; 158.064, 305.638; 157.627, 305.613; 157.704, 304.617; 157.98, 302.64; 158.42, 300.689; 159.01, 298.778; 159.739, 296.916; 160.591, 295.112; 161.557, 293.369; 162.625, 291.677; 163.785, 290.039; 165.015, 288.467; 166.311, 286.953; 167.671, 285.482; 169.087, 284.062; 170.538, 282.701; 172.042, 281.371; 173.574, 280.091; 175.139, 278.852; 176.745, 277.638; 178.355, 276.477; 180.013, 275.331; 181.667, 274.233; 183.363, 273.151; 185.057, 272.108; 186.792, 271.076; 187.317, 270.77; 188.308, 270.199; 188.525, 270.075; 189.308, 269.631; 190.266, 269.091; 191.317, 268.509; 192.018, 268.125; 193.776, 267.171; 194.365, 266.855; 195.386, 266.31; 195.54, 266.228; 196.408, 265.769; 197.309, 265.294; 199.081, 264.366; 200.856, 263.443; 202.631, 262.522; 204.407, 261.601; 206.181, 260.678; 207.604, 259.935; 207.955, 259.751; 209.298, 259.041; 209.723, 258.815; 210.987, 258.141; 211.487, 257.873; 212.667, 257.231; 213.244, 256.914; 214.337, 256.31; 214.993, 255.944; 215.993, 255.378; 216.732, 254.956; 217.632, 254.435; 218.461, 253.948; 219.25, 253.478; 220.173, 252.919; 220.85, 252.507; 221.881, 251.866; 222.419, 251.521; 223.56, 250.783; 223.96, 250.521; 225.221, 249.673; 225.468, 249.502; 226.858, 248.524; 226.94, 248.465; 228.375, 247.408; 228.472, 247.336; 228.653, 247.196; 228.909, 246.996; 229.142, 246.809; 229.355, 246.633; 229.548, 246.47; 229.722, 246.317; 229.877, 246.175; 230.005, 246.056; 230.016, 246.044; 230.139, 245.923; 230.247, 245.811; 230.341, 245.711; 230.421, 245.618; 230.49, 245.535; 230.547, 245.46; 230.595, 245.393; 230.633, 245.334; 230.521, 245.208; 230.372, 245.067; 230.184, 244.912; 229.957, 244.745; 229.846, 244.669; 229.689, 244.568; 229.379, 244.381; 229.027, 244.187; 228.627, 243.987; 228.187, 243.787; 228.077, 243.74; 227.703, 243.579; 227.171, 243.37; 226.593, 243.161; 226.209, 243.031; 225.966, 242.952; 225.291, 242.747; 224.565, 242.547; 224.288, 242.475; 223.788, 242.352; 222.335, 242.017; 220.378, 241.604; 218.414, 241.228; 216.443, 240.887; 214.466, 240.583; 212.485, 240.313; 210.499, 240.075; 208.509, 239.867; 206.517, 239.687; 204.522, 239.535; 202.527, 239.408; 200.53, 239.303; 198.53, 239.221; 196.532, 239.158; 194.531, 239.114; 192.532, 239.086; 190.532, 239.074; 188.53, 239.079; 186.531, 239.095; 184.53, 239.116; 182.531, 239.148; 180.532, 239.188; 178.53, 239.233; 176.534, 239.283; 174.529, 239.337; 172.53, 239.392; 170.53, 239.448; 168.531, 239.504; 166.531, 239.557; 164.531, 239.608; 162.532, 239.654; 160.531, 239.694; 158.531, 239.726; 156.531, 239.75; 154.531, 239.764; 152.53, 239.768; 150.528, 239.761; 148.532, 239.734; 146.53, 239.697; 144.531, 239.643; 142.531, 239.569; 140.533, 239.472; 138.536, 239.361; 136.54, 239.225; 136.177, 239.198; 135.831, 239.17; 135.483, 239.138; 135.134, 239.104; 134.784, 239.065; 134.549, 239.036; 134.433, 239.02; 134.083, 238.97; 133.732, 238.914; 133.383, 238.85; 133.034, 238.778; 132.687, 238.698; 132.584, 238.672; 132.341, 238.608; 131.998, 238.508; 131.657, 238.397; 131.32, 238.274; 130.985, 238.139; 130.697, 238.01; 130.26, 237.79; 129.586, 237.39; 129, 236.965; 128.967, 236.938; 128.403, 236.438; 127.897, 235.899; 127.607, 235.537; 127.45, 235.321; 127.065, 234.711; 126.743, 234.071; 126.63, 233.801; 126.295, 232.72; 126.174, 232.02; 126.157, 231.866; 126.122, 231.305; 126.235, 229.876; 126.239, 229.854; 126.41, 229.125; 126.659, 228.401; 126.841, 227.976; 126.876, 227.901; 127.123, 227.42; 127.395, 226.954; 127.695, 226.502; 127.867, 226.264; 128.017, 226.065; 128.359, 225.641; 128.721, 225.229; 129.1, 224.829; 129.175, 224.753; 129.5, 224.441; 129.909, 224.063; 130.33, 223.695; 130.663, 223.417; 130.761, 223.336; 131.2, 222.986; 131.646, 222.643; 132.095, 222.307; 132.246, 222.196; 132.548, 221.978; 133.876, 221.041; 135.534, 219.922; 137.216, 218.839; 138.92, 217.792; 140.645, 216.777; 142.386, 215.794; 144.143, 214.838; 145.917, 213.908; 147.699, 213.007; 149.497, 212.127; 151.305, 211.268; 153.12, 210.431; 154.946, 209.613; 156.779, 208.814; 158.623, 208.029; 160.468, 207.258; 162.318, 206.501; 164.175, 205.755; 166.035, 205.019; 167.898, 204.293; 169.766, 203.574; 171.636, 202.861; 173.507, 202.153; 175.379, 201.45; 177.253, 200.749; 179.126, 200.049; 179.183, 200.028; 179.3, 199.984; 179.418, 199.94; 179.536, 199.896; 179.654, 199.852; 179.772, 199.808; 179.89, 199.764; 180, 199.7; 180.118, 199.656; 180.236, 199.612; 180.354, 199.567; 180.472, 199.523; 180.59, 199.479; 180.708, 199.435; 180.826, 199.391; 180.944, 199.347; 180.99, 199.33; 182.863, 198.629; 184.737, 197.926; 186.609, 197.222; 188.481, 196.516; 190.351, 195.808; 192.221, 195.099; 194.092, 194.387; 195.961, 193.675; 197.829, 192.96; 199.698, 192.244; 201.565, 191.527; 203.431, 190.809; 205.297, 190.088; 207.162, 189.364; 209.027, 188.64; 210.892, 187.915; 212.755, 187.188; 214.617, 186.458; 216.479, 185.727; 218.341, 184.995; 220.202, 184.262; 222.062, 183.526; 223.922, 182.788; 225.781, 182.05; 227.639, 181.31; 229.497, 180.567; 231.353, 179.823; 233.21, 179.077; 235.065, 178.33; 236.921, 177.581; 238.774, 176.831; 240.628, 176.08; 242.481, 175.325; 244.333, 174.569; 246.184, 173.811; 247.852, 173.127; 248.034, 173.052; 248.466, 172.874; 249.089, 172.614; 249.719, 172.347; 249.878, 172.279; 250.352, 172.074; 250.987, 171.793; 251.62, 171.505; 251.706, 171.465; 252.249, 171.205; 252.871, 170.905; 253.483, 170.594; 253.502, 170.584; 254.083, 170.274; 254.668, 169.945; 255.235, 169.608; 255.244, 169.602; 255.782, 169.262; 256.306, 168.906; 256.806, 168.541; 256.697, 168.518; 255.88, 168.356; 254.944, 168.189; 254.731, 168.154; 253.999, 168.04; 253.047, 167.907; 252.752, 167.869; 252.087, 167.789; 251.121, 167.689; 250.763, 167.656; 250.149, 167.597; 249.174, 167.516; 248.769, 167.486; 248.194, 167.446; 247.213, 167.384; 246.773, 167.359; 246.229, 167.33; 245.245, 167.282; 244.775, 167.261; 242.776, 167.182; 240.781, 167.109; 238.791, 167.039; 236.792, 166.969; 234.784, 166.899; 232.788, 166.83; 230.793, 166.763; 228.791, 166.697; 226.784, 166.633; 224.792, 166.573; 222.794, 166.515; 220.79, 166.459; 218.788, 166.407; 216.792, 166.359; 214.792, 166.314; 212.787, 166.273; 210.789, 166.238; 208.792, 166.208; 206.79, 166.183; 204.784, 166.163; 202.788, 166.148; 200.789, 166.139; 198.787, 166.135; 196.784, 166.137; 194.786, 166.148; 192.786, 166.164; 190.784, 166.188; 188.783, 166.219; 186.783, 166.259; 184.784, 166.307; 182.783, 166.363; 180.784, 166.428; 178.785, 166.502; 176.786, 166.584; 174.788, 166.675; 172.789, 166.777; 170.791, 166.89; 168.795, 167.015; 166.801, 167.152; 164.804, 167.298; 162.809, 167.455; 160.817, 167.624; 158.825, 167.804; 156.832, 167.998; 154.843, 168.207; 152.857, 168.431; 150.87, 168.668; 148.884, 168.92; 146.902, 169.185; 144.925, 169.464; 142.941, 169.759; 140.963, 170.071; 138.993, 170.399; 137.026, 170.743; 135.054, 171.105; 133.09, 171.485; 131.133, 171.881; 129.175, 172.296; 127.22, 172.731; 125.273, 173.185; 123.334, 173.658; 123.114, 173.713; 123.008, 173.288; 122.901, 172.864; 122.795, 172.44; 122.689, 172.015; 122.684, 171.993; 122.583, 171.591; 122.476, 171.167; 122.37, 170.742; 122.264, 170.318; 122.198, 170.053; 122.158, 169.893; 122.051, 169.469; 121.945, 169.045; 121.839, 168.62; 121.733, 168.196; 121.712, 168.112; 121.626, 167.772; 121.52, 167.347; 121.414, 166.923; 122.163, 166.737; 124.104, 166.268; 126.053, 165.818; 128.01, 165.387; 129.968, 164.974; 131.927, 164.579; 133.892, 164.201; 135.861, 163.839; 137.828, 163.495; 139.8, 163.166; 141.777, 162.853; 143.759, 162.557; 145.737, 162.275; 147.719, 162.008; 149.704, 161.755; 151.691, 161.515; 153.677, 161.291; 155.665, 161.079; 157.657, 160.881; 159.65, 160.697; 161.642, 160.524; 