boundaryCurve{1} = [163.985, 38.2931; 164.006, 38.3347; 164.028, 38.3763; 164.049, 38.4179; 164.071, 38.4596; 164.092, 38.5012; 164.114, 38.5428; 164.135, 38.5844; 164.157, 38.6261; 164.178, 38.6677; 164.2, 38.7093; 164.222, 38.7509; 164.243, 38.7926; 164.265, 38.8342; 164.286, 38.8758; 164.308, 38.9174; 164.329, 38.9591; 164.351, 39.0007; 164.372, 39.0423; 164.394, 39.0839; 164.415, 39.1256; 164.437, 39.1672; 164.459, 39.2088; 164.48, 39.2505; 164.502, 39.2921; 164.523, 39.3337; 164.545, 39.3753; 164.566, 39.417; 164.588, 39.4586; 164.609, 39.5002; 164.631, 39.5418; 164.652, 39.5835; 164.674, 39.6251; 164.695, 39.6667; 164.717, 39.7083; 164.739, 39.75; 164.76, 39.7916; 164.782, 39.8332; 164.803, 39.8748; 164.825, 39.9165; 164.846, 39.9581; 164.868, 39.9997; 164.882, 40.0279; 164.889, 40.0413; 164.911, 40.083; 164.932, 40.1246; 164.954, 40.1662; 164.976, 40.2079; 164.997, 40.2495; 165.019, 40.2911; 165.04, 40.3327; 165.062, 40.3744; 165.083, 40.416; 165.105, 40.4576; 165.126, 40.4992; 165.148, 40.5409; 165.169, 40.5825; 165.191, 40.6241; 165.213, 40.6657; 165.234, 40.7074; 165.256, 40.749; 165.277, 40.7906; 165.299, 40.8322; 165.32, 40.8739; 165.342, 40.9155; 164.454, 41.3772; 164.427, 41.3912; 163.515, 41.8706; 162.685, 42.3109; 162.605, 42.3536; 161.697, 42.8402; 160.924, 43.2589; 160.792, 43.3305; 159.889, 43.8244; 159.17, 44.2212; 158.988, 44.3218; 158.09, 44.8228; 157.424, 45.1976; 157.195, 45.3274; 156.301, 45.8355; 155.686, 46.1881; 155.41, 46.3472; 154.522, 46.8624; 153.957, 47.1927; 153.636, 47.3812; 152.752, 47.9034; 152.235, 48.2113; 151.871, 48.4291; 150.993, 48.9583; 150.522, 49.2437; 150.116, 49.4909; 149.243, 50.027; 148.817, 50.29; 148.372, 50.5665; 147.503, 51.1095; 147.121, 51.35; 146.637, 51.6559; 145.773, 52.2057; 145.433, 52.4237; 144.912, 52.7589; 144.054, 53.3154; 143.754, 53.5109; 143.198, 53.8753; 142.345, 54.4385; 142.084, 54.6116; 141.494, 55.0051; 140.646, 55.575; 140.423, 55.7258; 139.8, 56.1483; 138.957, 56.7248; 138.77, 56.8533; 138.117, 57.3046; 137.28, 57.8877; 137.127, 57.9941; 136.445, 58.474; 135.612, 59.0636; 135.494, 59.1481; 134.783, 59.6565; 133.956, 60.2525; 133.869, 60.3152; 133.131, 60.8518; 132.31, 61.4543; 132.254, 61.4953; 131.491, 62.0599; 130.675, 62.6687; 130.649, 62.6884; 129.861, 63.2807; 129.053, 63.8944; 129.051, 63.8959; 128.243, 64.5141; 127.467, 65.1132; 127.438, 65.1355; 126.636, 65.76; 125.89, 66.3447; 125.836, 66.3877; 125.039, 67.0183; 124.324, 67.5889; 124.245, 67.6521; 123.454, 68.2889; 122.768, 68.8456; 122.666, 68.9288; 121.881, 69.5717; 121.222, 70.1149; 121.098, 70.2177; 120.318, 70.8666; 119.686, 71.3965; 119.541, 71.5185; 118.767, 72.1735; 118.161, 72.6904; 117.996, 72.8314; 117.228, 73.4922; 116.646, 73.9966; 116.463, 74.156; 115.7, 74.8228; 115.142, 75.315; 114.941, 75.4924; 114.185, 76.165; 113.648, 76.6454; 113.431, 76.8405; 112.68, 77.5188; 112.165, 77.9878; 111.933, 78.2; 110.845, 79.488; 110.812, 79.5279; 109.702, 80.8639; 109.568, 81.027; 108.602, 82.2079; 108.303, 82.5772; 107.514, 83.5597; 107.053, 84.1386; 106.436, 84.9193; 105.817, 85.7111; 105.37, 86.2867; 104.595, 87.2946; 104.315, 87.6616; 103.387, 88.8889; 103.27, 89.0441; 102.237, 90.434; 102.193, 90.4939; 101.215, 91.8313; 101.014, 92.1097; 100.205, 93.2359; 99.8493, 93.7359; 99.206, 94.6476; 98.6993, 95.3726; 98.2184, 96.0664; 97.5641, 97.0195; 97.2423, 97.4922; 96.4438, 98.6766; 96.2778, 98.9249; 95.3386, 100.344; 95.325, 100.364; 94.3838, 101.811; 94.2484, 102.021; 93.4545, 103.264; 93.1736, 103.708; 92.537, 104.723; 92.1141, 105.405; 91.6314, 106.189; 91.0702, 107.111; 90.7378, 107.661; 90.0419, 108.826; 89.8563, 109.14; 89.0293, 110.551; 88.9868, 110.625; 88.1295, 112.116; 88.0327, 112.286; 87.2845, 113.613; 87.052, 114.029; 86.4517, 115.115; 86.0875, 115.782; 85.6313, 116.624; 85.1393, 117.543; 84.8233, 118.138; 84.2075, 119.313; 84.0278, 119.659; 83.2922, 121.091; 83.2449, 121.184; 82.4746, 122.715; 82.3936, 122.878; 81.717, 124.252; 81.5117, 124.674; 80.9721, 125.794; 80.6468, 126.477; 80.24, 127.341; 79.7989, 128.289; 79.5208, 128.893; 78.9682, 130.109; 78.8145, 130.45; 78.1549, 131.936; 78.1213, 132.013; 77.4411, 133.58; 77.359, 133.771; 76.774, 135.152; 76.5807, 135.614; 76.1201, 136.728; 75.8202, 137.464; 75.4795, 138.309; 75.0775, 139.321; 74.8522, 139.895; 74.3528, 141.186; 74.2383, 141.485; 73.6463, 143.057; 73.6379, 143.079; 73.051, 144.678; 72.9581, 144.935; 72.4776, 146.281; 72.2882, 146.82; 71.9179, 147.888; 71.637, 148.711; 71.3719, 149.499; 71.0044, 150.609; 70.8397, 151.113; 70.3907, 152.512; 70.3213, 152.732; 69.8168, 154.354; 69.796, 154.422; 69.3263, 155.98; 69.2203, 156.338; 68.8498, 157.609; 68.664, 158.259; 68.3874, 159.242; 68.127, 160.186; 67.9392, 160.878; 67.6096, 162.118; 67.5052, 162.518; 67.1118, 164.056; 67.0854, 164.16; 66.6801, 165.806; 66.6338, 165.998; 66.2891, 167.455; 66.1758, 167.945; 65.9126, 169.106; 65.7378, 169.897; 65.5506, 170.761; 65.3201, 171.853; 65.2033, 172.418; 64.9227, 173.813; 64.8707, 174.078; 64.5527, 175.74; 64.5153, 175.733; 64.5066, 175.732; 64.4606, 175.723; 64.4145, 175.714; 64.3684, 175.706; 64.3223, 175.697; 64.2762, 175.689; 64.2302, 175.68; 64.1841, 175.671; 64.138, 175.663; 64.0919, 175.654; 64.0458, 175.646; 63.9998, 175.637; 63.9537, 175.628; 63.9076, 175.62; 63.8615, 175.611; 63.8154, 175.603; 63.7693, 175.594; 63.7233, 175.585; 63.6772, 175.577; 63.6311, 175.568; 63.585, 175.559; 63.5389, 175.551; 63.4929, 175.542; 63.4468, 175.534; 63.4007, 175.525; 63.3546, 175.516; 63.3085, 175.508; 63.2624, 175.499; 63.2164, 175.491; 63.1703, 175.482; 63.1242, 175.473; 63.0781, 175.465; 63.032, 175.456; 62.986, 175.448; 62.9399, 175.439; 62.8938, 175.43; 62.8477, 175.422; 62.8016, 175.413; 62.7555, 175.405; 62.7095, 175.396; 62.6634, 175.387; 62.6173, 175.379; 62.5712, 175.37; 62.549, 175.366; 62.5251, 175.362; 62.4791, 175.353; 62.433, 175.344; 62.3869, 175.336; 62.3408, 175.327; 62.2947, 175.319; 62.2487, 175.31; 62.2026, 175.301; 62.1565, 175.293; 62.1104, 175.284; 62.0643, 175.275; 62.0182, 175.267; 61.9722, 175.258; 61.9261, 175.25; 61.88, 175.241; 61.8339, 175.232; 61.7878, 175.224; 61.7418, 175.215; 61.6957, 175.207; 61.6496, 175.198; 61.6035, 175.189; 61.7968, 174.169; 61.8581, 173.852; 62.1221, 172.516; 62.1845, 172.207; 62.3954, 171.181; 62.5923, 170.249; 62.6781, 169.849; 62.9701, 168.518; 63.0201, 168.295; 63.2714, 167.189; 63.4678, 166.345; 63.582, 165.862; 63.9018, 164.537; 63.9352, 164.4; 64.2307, 163.213; 64.4222, 162.46; 64.5688, 161.892; 64.916, 160.572; 64.9287, 160.525; 65.2724, 159.255; 65.4545, 158.595; 65.6377, 157.94; 65.9996, 156.67; 66.0121, 156.627; 66.3955, 155.316; 66.5636, 154.751; 66.7878, 154.008; 67.1467, 152.838; 67.1891, 152.701; 67.5992, 151.398; 67.7485, 150.93; 68.0182, 150.096; 68.369, 149.029; 68.446, 148.797; 68.8826, 147.5; 69.0079, 147.133; 69.328, 146.206; 69.6653, 145.244; 69.7821, 144.915; 70.2449, 143.626; 70.341, 143.361; 70.7163, 142.34; 71.0347, 141.485; 71.1964, 141.056; 71.6851, 139.775; 71.7465, 139.616; 72.1824, 138.497; 72.4761, 137.754; 72.6881, 137.222; 73.2024, 135.95; 73.2234, 135.898; 73.7251, 134.68; 73.9883, 134.05; 74.2562, 133.414; 74.7706, 132.209; 74.7958, 132.15; 75.3437, 130.89; 75.5702, 130.375; 75.8999, 129.633; 76.387, 128.55; 76.4644, 128.379; 77.0372, 127.128; 77.2208, 126.731; 77.6182, 125.88; 78.0716, 124.921; 78.2075, 124.636; 78.8049, 123.395; 78.9391, 123.119; 79.4104, 122.157; 79.8233, 121.324; 80.024, 120.923; 80.6456, 119.692; 80.7239, 119.538; 81.2753, 118.465; 81.641, 117.761; 81.913, 117.241; 82.5587, 116.021; 82.5744, 115.992; 83.2124, 114.804; 83.5239, 114.231; 83.8739, 113.592; 84.4894, 112.479; 84.5433, 112.383; 85.2206, 111.177; 85.4708, 110.736; 85.9057, 109.976; 86.468, 109.002; 86.5985, 108.778; 87.2991, 107.584; 87.4809, 107.277; 88.0073, 106.395; 88.5093, 105.562; 88.7233, 105.209; 89.4469, 104.027; 89.553, 103.855; 90.1781, 102.85; 90.612, 102.159; 90.9169, 101.676; 91.6632, 100.507; 91.6862, 100.471; 92.417, 99.3419; 92.7754, 98.7935; 93.1784, 98.1811; 93.8796,