boundaryCurve{1} = [140.303, 79.1877; 140.781, 79.1554; 141.26, 79.124; 141.74, 79.0933; 141.82, 79.0883; 142.22, 79.0634; 142.7, 79.0344; 143.181, 79.0061; 143.662, 78.9787; 143.817, 78.97; 144.144, 78.952; 144.626, 78.9262; 145.108, 78.9012; 145.591, 78.877; 145.814, 78.866; 146.074, 78.8536; 146.558, 78.831; 147.041, 78.8092; 147.526, 78.7882; 147.813, 78.7762; 148.01, 78.768; 148.496, 78.7487; 148.981, 78.7302; 149.467, 78.7125; 149.812, 78.7004; 149.953, 78.6956; 150.44, 78.6795; 150.927, 78.6643; 151.414, 78.6499; 151.811, 78.6387; 151.902, 78.6363; 152.39, 78.6235; 152.879, 78.6116; 153.368, 78.6004; 153.811, 78.5911; 153.857, 78.5901; 154.347, 78.5807; 154.837, 78.572; 155.327, 78.5642; 155.811, 78.5573; 155.818, 78.5572; 156.309, 78.5511; 156.8, 78.5458; 157.292, 78.5413; 157.784, 78.5377; 157.811, 78.5375; 158.277, 78.5349; 158.77, 78.5329; 159.263, 78.5318; 159.757, 78.5315; 159.811, 78.5315; 160.251, 78.532; 160.745, 78.5334; 161.24, 78.5357; 161.735, 78.5388; 161.811, 78.5393; 162.23, 78.5427; 162.726, 78.5475; 163.222, 78.5531; 163.718, 78.5596; 163.812, 78.5609; 164.215, 78.5669; 164.712, 78.5751; 165.209, 78.5841; 165.707, 78.594; 165.812, 78.5962; 166.205, 78.6047; 166.704, 78.6163; 167.202, 78.6287; 167.701, 78.642; 167.811, 78.6451; 168.201, 78.6562; 168.701, 78.6712; 169.201, 78.6871; 169.701, 78.7038; 169.811, 78.7076; 170.202, 78.7214; 170.703, 78.7399; 171.204, 78.7592; 171.202, 78.8061; 171.2, 78.8529; 171.199, 78.8998; 171.197, 78.9466; 171.195, 78.9934; 171.193, 79.0403; 171.191, 79.0871; 171.189, 79.134; 171.187, 79.1808; 171.186, 79.2277; 171.184, 79.2745; 171.182, 79.3214; 171.18, 79.3645; 171.18, 79.3682; 171.178, 79.415; 171.176, 79.4619; 171.174, 79.5087; 171.173, 79.5556; 171.171, 79.6024; 171.169, 79.6493; 171.167, 79.6961; 171.165, 79.743; 171.163, 79.7898; 171.161, 79.8366; 171.159, 79.8835; 171.158, 79.9303; 171.156, 79.9772; 171.154, 80.024; 171.152, 80.0709; 171.15, 80.1177; 171.148, 80.1646; 171.146, 80.2114; 171.145, 80.2582; 171.143, 80.3051; 171.141, 80.3519; 171.139, 80.3988; 171.137, 80.4456; 171.135, 80.4925; 171.133, 80.5393; 171.132, 80.5862; 171.13, 80.633; 171.128, 80.6798; 171.126, 80.7267; 171.124, 80.7735; 171.122, 80.8204; 171.12, 80.8672; 171.119, 80.9141; 171.117, 80.9609; 171.115, 81.0078; 171.113, 81.0546; 171.111, 81.1015; 171.109, 81.1483; 171.107, 81.1951; 171.105, 81.242; 171.104, 81.2888; 171.102, 81.3357; 171.101, 81.3632; 171.1, 81.3825; 171.098, 81.4294; 171.096, 81.4762; 171.094, 81.5231; 171.092, 81.5699; 171.091, 81.6167; 171.089, 81.6636; 171.087, 81.7104; 171.085, 81.7573; 170.112, 81.7205; 169.48, 81.6984; 169.14, 81.687; 168.169, 81.6568; 167.481, 81.6373; 167.199, 81.6298; 166.231, 81.6059; 165.481, 81.5897; 165.264, 81.5853; 164.298, 81.5679; 163.481, 81.5557; 163.333, 81.5538; 162.37, 81.5428; 161.481, 81.5355; 161.408, 81.535; 160.447, 81.5304; 159.488, 81.5291; 159.481, 81.5291; 158.53, 81.5309; 157.573, 81.5359; 157.48, 81.5365; 156.618, 81.544; 155.665, 81.5554; 155.48, 81.558; 154.712, 81.5699; 153.761, 81.5876; 153.48, 81.5935; 152.812, 81.6085; 151.864, 81.6325; 151.48, 81.6431; 150.917, 81.6596; 149.972, 81.69; 149.481, 81.707; 149.028, 81.7234; 148.086, 81.7601; 147.482, 81.7852; 147.145, 81.7998; 146.206, 81.8427; 145.484, 81.8778; 145.269, 81.8887; 144.333, 81.9378; 143.487, 81.985; 143.398, 81.9901; 142.465, 82.0455; 141.534, 82.104; 141.491, 82.1068; 140.604, 82.1656; 139.676, 82.2303; 139.495, 82.2433; 138.75, 82.2981; 137.825, 82.369; 137.5, 82.3946; 136.902, 82.443; 135.98, 82.5201; 135.507, 82.5609; 135.06, 82.6002; 134.142, 82.6835; 133.515, 82.7422; 133.226, 82.7698; 132.311, 82.8592; 131.524, 82.9387; 131.398, 82.9517; 130.487, 83.0472; 129.577, 83.1457; 129.535, 83.1504; 128.669, 83.2474; 127.764, 83.3521; 127.548, 83.3775; 126.859, 83.4598; 125.957, 83.5705; 125.562, 83.62; 125.057, 83.6843; 124.158, 83.8012; 123.579, 83.8782; 123.261, 83.921; 122.366, 84.0439; 121.597, 84.1521; 121.473, 84.1698; 120.582, 84.2988; 119.693, 84.4307; 119.618, 84.4419; 118.805, 84.5656; 117.92, 84.7036; 117.641, 84.7476; 117.036, 84.8445; 116.155, 84.9884; 115.667, 85.0695; 115.275, 85.1354; 114.397, 85.2853; 113.696, 85.4075; 113.522, 85.4382; 112.648, 85.594; 111.777, 85.7529; 111.729, 85.7678; 110.396, 86.1871; 109.821, 86.3713; 109.023, 86.6305; 107.921, 86.995; 107.658, 87.083; 106.301, 87.5446; 106.027, 87.6393; 104.952, 88.0153; 104.14, 88.3045; 103.612, 88.4951; 102.279, 88.9839; 102.262, 88.9903; 100.955, 89.4816; 100.39, 89.6977; 99.6397, 89.9883; 98.5277, 90.4262; 98.3326, 90.5039; 97.034, 91.0284; 96.6732, 91.1764; 95.7442, 91.5618; 94.8279, 91.9483; 94.4631, 92.1039; 93.1909, 92.6548; 92.9921, 92.7421; 91.9275, 93.2145; 91.1656, 93.5583; 90.6732, 93.7829; 89.428, 94.36; 89.35, 94.3966; 88.1919, 94.9457; 87.5441, 95.2579; 86.9651, 95.5401; 85.7503, 96.1417; 85.7476, 96.143; 84.5395, 96.7545; 83.967, 97.049; 83.3409, 97.3745; 82.1967, 97.9791; 82.1519, 98.003; 80.9725, 98.64; 80.4379, 98.933; 79.8025, 99.2852; 78.6932, 99.9102; 78.6427, 99.939; 77.4928, 100.601; 76.9613, 100.912; 76.3529, 101.271; 75.2445, 101.937; 75.2231, 101.95; 74.1034, 102.637; 73.5415, 102.987; 72.9939, 103.332; 71.8948, 104.036; 71.8547, 104.062; 70.8061, 104.747; 70.1832, 105.161; 69.7278, 105.467; 68.6602, 106.195; 68.529, 106.285; 67.6032, 106.93; 66.8917, 107.435; 66.5568, 107.674; 65.5213, 108.426; 65.2726, 108.609; 64.4967, 109.186; 63.6723, 109.809; 63.4831, 109.954; 62.4805, 110.729; 62.0914, 111.035; 61.4891, 111.513; 60.5311, 112.286; 60.5089, 112.304; 59.5399, 113.103; 58.9913, 113.563; 58.5824, 113.91; 57.6363, 114.724; 57.4739, 114.866; 56.7018, 115.547; 55.979, 116.195; 55.7789, 116.376; 54.8678, 117.214; 54.5076, 117.55; 53.9684, 118.059; 53.0809, 118.912; 53.061, 118.931; 52.2053, 119.772; 51.6393, 120.339; 51.3418, 120.64; 50.4905, 121.515; 50.2441, 121.772; 49.6513, 122.397; 48.8763, 123.231; 48.8244, 123.287; 48.0099, 124.185; 47.5364, 124.716; 47.2079, 125.09; 46.4184, 126.002; 46.2258, 126.227; 45.6415, 126.921; 44.9453, 127.764; 44.8773, 127.847; 44.1258, 128.781; 43.6958, 129.326; 43.3873, 129.722; 42.6617, 130.67; 42.6243, 130.642; 42.5869, 130.613; 42.5495, 130.585; 42.5121, 130.557; 42.4747, 130.529; 42.4373, 130.5; 42.4189, 130.486; 42.3999, 130.472; 42.3625, 130.444; 42.3251, 130.415; 42.2877, 130.387; 42.2503, 130.359; 42.2129, 130.331; 42.1755, 130.302; 42.1381, 130.274; 42.1007, 130.246; 42.0633, 130.218; 42.0259, 130.189; 41.9885, 130.161; 41.9511, 130.133; 41.9137, 130.105; 41.8763, 130.076; 41.8389, 130.048; 41.8015, 130.02; 41.7641, 129.992; 41.7267, 129.963; 41.6893, 129.935; 41.6519, 129.907; 41.6145, 129.879; 41.5771, 129.85; 41.5397, 129.822; 41.5023, 129.794; 41.4649, 129.766; 41.4275, 129.737; 41.3901, 129.709; 41.3527, 129.681; 41.3153, 129.652; 41.2779, 129.624; 41.2405, 129.596; 41.2031, 129.568; 41.1657, 129.539; 41.1283, 129.511; 41.0909, 129.483; 41.0535, 129.455; 41.0161, 129.426; 40.9787, 129.398; 40.9413, 129.37; 40.9039, 129.342; 40.8665, 129.313; 40.8291, 129.285; 40.8229, 129.28; 40.7917, 129.257; 40.7543, 129.229; 40.7169, 129.2; 40.6795, 129.172; 40.6421, 129.144; 40.6047, 129.116; 40.5673, 129.087; 40.5299, 129.059; 40.4925, 129.031; 40.4551, 129.003; 40.4177, 128.974; 40.3803, 128.946; 40.3429, 128.918; 40.3055, 128.889; 40.2681, 128.861; 40.8261, 128.13; 41.0615, 127.825; 41.3916, 127.403; 41.9646, 126.68; 42.3038, 126.258; 42.545, 125.961; 43.1328, 125.246; 43.5767, 124.715; 43.7279, 124.535; 44.3303, 123.829; 44.8792, 123.197; 44.94, 123.127; 45.5569, 122.429; 46.1809, 121.736; 46.2103, 121.704; 46.8122, 121.047; 47.4506, 120.362; 47.569, 120.236; 48.096, 119.681; 48.7485, 119.005; 48.9547, 118.793; 49.4081, 118.333; 50.0746, 117.665; 50.3663, 117.376; 50.748, 117.002; 51.4284, 116.343; 51.803, 115.984; 52.1156, 115.688; 52.8096, 115.038; 53.264, 114.618; 53.5105, 114.392; 54.2181, 113.751; 54.7483, 113.277; 54.9324, 113.114; 55.6534, 112.482; 56.2552, 111.962; 56.3811, 111.854; 57.1153, 111.231; 57.7839, 110.672; 57.8562, 