boundaryCurve{1} = [7.036, 191.901; 3.859, 188.194; 0.529, 184.307; 3.988, 181.343; 7.448, 178.379; 10.908, 175.415; 14.367, 172.451; 17.827, 169.487; 21.287, 166.522; 24.746, 163.558; 28.206, 160.594; 31.665, 157.63; 35.125, 154.666; 38.585, 151.702; 42.044, 148.737; 45.504, 145.773; 48.964, 142.809; 52.423, 139.845; 55.883, 136.881; 59.343, 133.917; 62.802, 130.952; 66.262, 127.988; 69.721, 125.024; 73.181, 122.06; 76.641, 119.096; 80.1, 116.131; 83.56, 113.167; 87.02, 110.203; 90.479, 107.239; 93.939, 104.275; 97.398, 101.311; 100.858, 98.346; 104.318, 95.382; 107.777, 92.418; 111.237, 89.454; 114.697, 86.49; 118.156, 83.526; 121.616, 80.561; 125.076, 77.597; 128.535, 74.633; 131.995, 71.669; 135.454, 68.705; 138.914, 65.741; 142.374, 62.776; 145.833, 59.812; 149.293, 56.848; 152.753, 53.884; 156.212, 50.92; 159.672, 47.956; 163.132, 44.991; 166.591, 42.027; 170.051, 39.063; 173.51, 36.099; 176.97, 33.135; 180.43, 30.17; 183.889, 27.206; 187.349, 24.242; 190.809, 21.278; 194.268, 18.314; 197.728, 15.35; 201.187, 12.385; 204.647, 9.421; 208.107, 6.457; 211.566, 3.493; 215.026, 0.529; 218.463, 4.54; 221.532, 8.123; 218.072, 11.087; 214.613, 14.051; 211.153, 17.015; 207.693, 19.979; 204.234, 22.943; 200.774, 25.908; 197.315, 28.872; 193.855, 31.836; 190.395, 34.8; 186.936, 37.764; 183.476, 40.728; 180.016, 43.693; 176.557, 46.657; 173.097, 49.621; 169.638, 52.585; 166.178, 55.549; 162.718, 58.513; 159.259, 61.478; 155.799, 64.442; 152.34, 67.406; 148.88, 70.37; 145.42, 73.334; 141.961, 76.298; 138.501, 79.263; 135.041, 82.227; 131.582, 85.191; 128.122, 88.155; 124.663, 91.119; 121.203, 94.084; 117.743, 97.048; 114.284, 100.012; 110.824, 102.976; 107.365, 105.94; 103.905, 108.904; 100.445, 111.869; 96.986, 114.833; 93.526, 117.797; 90.066, 120.761; 86.607, 123.725; 83.147, 126.689; 79.688, 129.654; 76.228, 132.618; 72.768, 135.582; 69.309, 138.546; 65.849, 141.51; 62.389, 144.474; 58.93, 147.439; 55.47, 150.403; 52.011, 153.367; 48.551, 156.331; 45.091, 159.295; 41.632, 162.259; 38.172, 165.224; 34.713, 168.188; 31.253, 171.152; 27.793, 174.116; 24.334, 177.08; 20.874, 180.045; 17.414, 183.009; 13.955, 185.973; 10.495, 188.937; ];
openCurve = [false ];
