boundaryCurve{1} = [2.083, 56.927; 1.277, 52.112; 0.432, 47.064; 4.925, 46.312; 9.418, 45.56; 13.912, 44.808; 18.405, 44.056; 22.898, 43.304; 27.392, 42.551; 31.885, 41.799; 36.378, 41.047; 40.871, 40.295; 45.365, 39.543; 49.858, 38.791; 54.351, 38.039; 58.845, 37.287; 63.338, 36.534; 67.831, 35.782; 72.324, 35.03; 76.818, 34.278; 81.311, 33.526; 85.804, 32.774; 90.298, 32.022; 94.791, 31.269; 99.284, 30.517; 103.777, 29.765; 108.271, 29.013; 112.764, 28.261; 117.257, 27.509; 121.751, 26.757; 126.244, 26.004; 130.737, 25.252; 135.231, 24.5; 139.724, 23.748; 144.217, 22.996; 148.71, 22.244; 153.204, 21.492; 157.697, 20.739; 162.19, 19.987; 166.684, 19.235; 171.177, 18.483; 175.67, 17.731; 180.163, 16.979; 184.657, 16.227; 189.15, 15.475; 193.643, 14.722; 198.137, 13.97; 202.63, 13.218; 207.123, 12.466; 211.616, 11.714; 216.11, 10.962; 220.603, 10.21; 225.096, 9.457; 229.59, 8.705; 234.083, 7.953; 238.576, 7.201; 243.07, 6.449; 247.563, 5.697; 252.056, 4.945; 256.549, 4.192; 261.043, 3.44; 265.536, 2.688; 270.029, 1.936; 274.523, 1.184; 279.016, 0.432; 279.888, 5.642; 280.666, 10.294; 276.173, 11.046; 271.68, 11.798; 267.187, 12.551; 262.693, 13.303; 258.2, 14.055; 253.707, 14.807; 249.213, 15.559; 244.72, 16.311; 240.227, 17.063; 235.734, 17.816; 231.24, 18.568; 226.747, 19.32; 222.254, 20.072; 217.761, 20.824; 213.267, 21.576; 208.774, 22.328; 204.281, 23.081; 199.787, 23.833; 195.294, 24.585; 190.801, 25.337; 186.308, 26.089; 181.814, 26.841; 177.321, 27.594; 172.828, 28.346; 168.334, 29.098; 163.841, 29.85; 159.348, 30.602; 154.855, 31.354; 150.361, 32.106; 145.868, 32.859; 141.375, 33.611; 136.882, 34.363; 132.388, 35.115; 127.895, 35.867; 123.402, 36.619; 118.908, 37.371; 114.415, 38.124; 109.922, 38.876; 105.429, 39.628; 100.935, 40.38; 96.442, 41.132; 91.949, 41.884; 87.455, 42.636; 82.962, 43.389; 78.469, 44.141; 73.976, 44.893; 69.482, 45.645; 64.989, 46.397; 60.496, 47.149; 56.003, 47.901; 51.509, 48.654; 47.016, 49.406; 42.523, 50.158; 38.029, 50.91; 33.536, 51.662; 29.043, 52.414; 24.55, 53.166; 20.056, 53.919; 15.563, 54.671; 11.07, 55.423; 6.576, 56.175; ];
openCurve = [false ];
