boundaryCurve{1} = [276.935, 251.887; 275.219, 251.818; 274.937, 251.793; 273.51, 251.614; 272.953, 251.519; 271.829, 251.282; 271.002, 251.068; 270.195, 250.825; 269.101, 250.44; 268.628, 250.25; 267.275, 249.627; 267.146, 249.561; 265.771, 248.764; 265.549, 248.619; 263.967, 247.397; 262.566, 245.969; 262.301, 245.649; 261.423, 244.409; 261.389, 244.353; 260.474, 242.576; 259.846, 240.678; 259.74, 240.218; 259.507, 238.707; 259.504, 238.68; 259.434, 237.079; 259.437, 236.86; 259.44, 236.708; 259.442, 236.639; 259.449, 236.417; 259.457, 236.193; 259.466, 235.968; 259.476, 235.742; 259.486, 235.514; 259.498, 235.286; 259.526, 234.674; 259.544, 234.23; 259.557, 233.429; 259.531, 232.842; 259.515, 232.708; 259.454, 232.426; 259.319, 232.141; 259.116, 231.945; 258.837, 231.796; 258.473, 231.654; 258.092, 231.528; 257.754, 231.438; 256.947, 231.282; 256.125, 231.185; 256.068, 231.18; 255.134, 231.124; 254.161, 231.106; 254.124, 231.106; 253.167, 231.118; 252.167, 231.154; 252.121, 231.156; 251.179, 231.205; 250.126, 231.27; 248.132, 231.412; 246.137, 231.58; 244.141, 231.774; 242.149, 231.992; 240.163, 232.234; 238.179, 232.502; 236.197, 232.793; 234.218, 233.109; 232.245, 233.449; 230.276, 233.813; 228.313, 234.2; 226.351, 234.612; 224.395, 235.047; 222.447, 235.506; 220.506, 235.988; 218.565, 236.496; 216.632, 237.027; 214.71, 237.581; 212.798, 238.158; 210.882, 238.763; 208.978, 239.392; 207.087, 240.043; 205.211, 240.716; 203.326, 241.422; 201.457, 242.15; 199.606, 242.901; 197.768, 243.676; 195.923, 244.486; 194.1, 245.318; 192.299, 246.172; 190.51, 247.048; 188.699, 247.905; 186.867, 248.717; 185.01, 249.468; 183.129, 250.143; 181.21, 250.727; 179.266, 251.199; 177.297, 251.537; 175.305, 251.721; 173.305, 251.731; 171.313, 251.552; 169.35, 251.173; 167.438, 250.587; 167.02, 250.426; 165.611, 249.773; 165.27, 249.588; 163.91, 248.723; 163.686, 248.559; 162.375, 247.442; 162.277, 247.346; 161.051, 245.958; 161.045, 245.95; 160.016, 244.401; 159.947, 244.279; 159.18, 242.685; 159.095, 242.471; 158.55, 240.816; 158.484, 240.567; 158.071, 238.609; 157.834, 236.622; 157.779, 234.622; 157.9, 232.625; 158.192, 230.646; 158.633, 228.696; 159.215, 226.782; 159.91, 224.906; 160.705, 223.081; 161.588, 221.285; 162.542, 219.521; 163.551, 217.796; 164.611, 216.088; 165.7, 214.413; 166.822, 212.748; 167.959, 211.098; 169.107, 209.457; 170.26, 207.813; 171.401, 206.176; 172.538, 204.516; 173.647, 202.849; 174.72, 201.164; 175.754, 199.437; 176.718, 197.687; 177.595, 195.897; 178.37, 194.04; 178.99, 192.154; 179.427, 190.202; 179.626, 188.211; 179.629, 187.738; 179.605, 187.335; 179.558, 187.02; 179.492, 186.778; 179.412, 186.595; 179.322, 186.456; 179.226, 186.349; 179.195, 186.319; 179.129, 186.258; 178.423, 185.764; 177.478, 185.316; 177.398, 185.285; 176.047, 184.842; 175.601, 184.726; 174.363, 184.459; 173.645, 184.335; 171.656, 184.084; 169.643, 183.941; 167.644, 183.885; 165.667, 183.902; 163.611, 183.984; 161.587, 184.105; 159.58, 184.26; 157.589, 184.446; 155.616, 184.664; 153.658, 184.912; 151.651, 185.199; 149.662, 185.517; 147.691, 185.864; 145.737, 186.24; 143.8, 186.644; 141.829, 187.087; 139.872, 187.558; 137.932, 188.055; 136.011, 188.578; 134.108, 189.126; 132.173, 189.713; 130.256, 190.323; 128.357, 190.956; 126.478, 191.611; 124.609, 192.288; 122.718, 193.001; 120.846, 193.733; 118.993, 194.484; 117.16, 195.25; 115.323, 196.043; 113.477, 196.864; 111.653, 197.697; 109.848, 198.544; 108.064, 199.402; 106.247, 200.295; 104.448, 201.201; 102.669, 202.114; 100.912, 203.033; 99.1423, 203.975; 97.3625, 204.939; 95.6054, 205.904; 93.8707, 206.87; 92.135, 207.849; 90.3552, 208.861; 88.5999, 209.87; 86.869, 210.874; 85.1627, 211.873; 83.4808, 212.868; 81.7311, 213.914; 79.9926, 214.964; 78.2806, 216.011; 76.5951, 217.053; 74.9361, 218.091; 73.2209, 219.178; 71.512, 220.275; 69.8317, 221.368; 68.1801, 222.458; 66.5547, 223.545; 64.8597, 224.696; 63.1954, 225.844; 61.5619, 226.988; 59.9592, 228.129; 58.3357, 229.305; 56.7002, 230.511; 55.0976, 231.714; 53.5279, 232.916; 51.9633, 234.136; 50.3712, 235.404; 48.814, 236.67; 47.2915, 237.936; 45.7787, 239.222; 44.2461, 240.555; 42.75, 241.889; 41.2904, 243.223; 39.8306, 244.592; 38.3741, 245.994; 36.9555, 247.399; 35.5746, 248.806; 35.4415, 248.944; 34.1414, 247.69; 32.7001, 246.3; 31.2591, 244.909; 29.818, 243.519; 28.3769, 242.129; 28.2435, 242; 29.4932, 240.721; 30.9026, 239.314; 32.3458, 237.911; 33.8158, 236.518; 35.262, 235.18; 36.7412, 233.845; 38.2532, 232.51; 39.7884, 231.186; 41.2913, 229.918; 42.8259, 228.649; 44.3922, 227.381; 45.9902, 226.113; 47.5397, 224.907; 49.1157, 223.702; 50.7218, 222.497; 52.3581, 221.29; 53.9745, 220.118; 55.5789, 218.973; 57.2116, 217.826; 58.8727, 216.677; 60.5621, 215.526; 62.1941, 214.43; 63.8418, 213.339; 65.5161, 212.245; 67.217, 211.148; 68.9446, 210.048; 70.603, 209.005; 72.2805, 207.962; 73.9827, 206.916; 75.7097, 205.866; 77.4614, 204.813; 79.1657, 203.8; 80.861, 202.801; 82.5793, 201.799; 84.3206, 200.793; 86.0849, 199.784; 87.8621, 198.776; 89.5814, 197.811; 91.3223, 196.845; 93.0851, 195.88; 94.8698, 194.917; 96.6329, 193.982; 98.3918, 193.064; 100.171, 192.152; 101.972, 191.248; 103.793, 190.352; 105.576, 189.495; 107.377, 188.649; 109.198, 187.814; 111.039, 186.993; 112.891, 186.189; 114.716, 185.419; 116.56, 184.665; 118.424, 183.927; 120.307, 183.206; 122.198, 182.508; 124.064, 181.844; 125.949, 181.2; 127.853, 180.576; 129.776, 179.973; 131.712, 179.393; 133.614, 178.852; 135.535, 178.333; 137.474, 177.837; 139.431, 177.366; 141.407, 176.92; 143.347, 176.511; 145.294, 176.129; 147.259, 175.774; 149.241, 175.446; 151.241, 175.146; 153.229, 174.878; 155.19, 174.643; 157.167, 174.436; 159.161, 174.258; 161.173, 174.109; 163.2, 173.99; 165.245, 173.908; 167.222, 173.879; 169.25, 173.91; 171.221, 174.006; 173.237, 174.182; 175.22, 174.447; 177.159, 174.813; 179.119, 175.315; 180.991, 175.953; 182.814, 176.775; 184.528, 177.804; 186.078, 179.066; 187.138, 180.222; 187.4, 180.564; 188.434, 182.272; 189.148, 184.139; 189.242, 184.49; 189.496, 185.781; 189.54, 186.117; 189.61, 186.926; 189.634, 187.876; 189.631, 188.126; 189.618, 188.583; 189.519, 190.095; 189.25, 192.077; 188.834, 194.034; 188.283, 195.957; 187.617, 197.844; 186.849, 199.687; 185.993, 201.497; 185.065, 203.269; 184.073, 205.012; 183.035, 206.721; 181.954, 208.412; 180.846, 210.078; 179.715, 211.732; 178.57, 213.377; 177.419, 215.018; 176.268, 216.663; 175.131, 218.31; 174.01, 219.975; 172.92, 221.658; 171.877, 223.361; 170.885, 225.114; 169.988, 226.876; 169.186, 228.709; 168.523, 230.597; 168.05, 232.539; 167.819, 234.523; 167.882, 236.52; 168.283, 238.478; 168.405, 238.821; 168.661, 239.364; 168.976, 239.845; 169.277, 240.192; 169.352, 240.266; 169.794, 240.631; 170.302, 240.941; 170.882, 241.199; 170.964, 241.23; 171.534, 241.409; 172.914, 241.671; 173.25, 241.703; 174.911, 241.718; 175.052, 241.709; 176.895, 241.468; 176.924, 241.462; 178.841, 241.003; 178.852, 241; 180.744, 240.386; 180.821, 240.358; 182.608, 239.66; 184.442, 238.856; 186.253, 237.997; 188.041, 237.122; 189.842, 236.268; 191.665, 235.435; 193.508, 234.623; 195.348, 233.841; 197.194, 233.086; 199.057, 232.35; 200.938, 231.636; 202.817, 230.95; 204.7, 230.288; 206.597, 229.647; 208.509, 229.027; 210.422, 228.431; 212.335, 227.86; 214.26, 227.311; 216.196, 226.782; 218.137, 226.277; 220.076, 225.795; 222.024, 225.336; 223.98, 224.898; 225.942, 224.482; 227.904, 224.089; 229.871, 223.719; 231.843, 223.371; 233.82, 223.045; 235.801, 222.743; 237.783, 222.463; 239.769, 222.207; 241.756, 221.973; 243.75, 221.762; 245.745, 221.576; 247.74, 221.413; 249.735, 221.274; 251.731, 221.163; 252.039, 221.15; 253.493, 221.11; 253.733, 221.107; 254.948, 221.114; 255.736, 221.14; 256.397, 221.178; 257.731, 221.301; 257.832, 221.313; 259.243, 221.533; 259.706, 221.627; 260.623, 221.851; 261.632, 222.163; 261.963, 222.282; 263.474, 222.94; 265.182, 223.98; 266.676, 225.306; 267.878, 226.902; 268.739, 228.703; 268.8, 228.875; 269.266, 230.63; 