boundaryCurve{1} = [276.961, 251.382; 275.128, 251.308; 274.961, 251.294; 273.309, 251.09; 272.975, 251.035; 271.526, 250.735; 271.018, 250.607; 269.804, 250.249; 269.105, 250.008; 268.164, 249.638; 267.261, 249.229; 266.631, 248.908; 265.52, 248.257; 265.228, 248.065; 263.978, 247.117; 263.915, 247.063; 263.025, 246.213; 262.511, 245.639; 262.198, 245.248; 261.5, 244.223; 261.368, 243.999; 260.547, 242.177; 260.173, 240.796; 260.074, 240.234; 259.989, 239.539; 259.934, 238.239; 259.934, 238.227; 259.937, 238.012; 259.942, 237.796; 259.948, 237.577; 259.955, 237.357; 259.964, 237.137; 259.973, 236.915; 259.983, 236.692; 259.993, 236.468; 260.003, 236.231; 260.037, 235.243; 260.039, 234.231; 260.036, 234.111; 259.966, 233.08; 259.825, 232.249; 259.804, 232.157; 259.525, 231.349; 259.105, 230.664; 258.946, 230.481; 258.522, 230.108; 257.751, 229.69; 257.225, 229.519; 257.149, 229.5; 256.458, 229.364; 255.694, 229.276; 255.25, 229.246; 254.874, 229.23; 254.013, 229.217; 253.244, 229.229; 253.128, 229.232; 252.234, 229.268; 251.347, 229.318; 251.243, 229.324; 249.251, 229.463; 247.257, 229.63; 245.261, 229.825; 243.267, 230.047; 241.282, 230.295; 239.3, 230.57; 237.318, 230.871; 235.34, 231.199; 233.37, 231.552; 231.404, 231.93; 229.442, 232.335; 227.485, 232.765; 225.533, 233.221; 223.589, 233.701; 221.653, 234.207; 219.721, 234.739; 217.794, 235.296; 215.878, 235.878; 213.973, 236.484; 212.071, 237.117; 210.175, 237.776; 208.294, 238.46; 206.426, 239.167; 204.559, 239.904; 202.703, 240.667; 200.863, 241.454; 199.041, 242.265; 197.216, 243.109; 195.407, 243.979; 193.62, 244.873; 191.866, 245.783; 190.077, 246.712; 188.305, 247.579; 186.479, 248.397; 184.599, 249.147; 182.71, 249.797; 180.769, 250.35; 178.814, 250.778; 176.835, 251.072; 174.839, 251.215; 172.839, 251.189; 170.85, 250.984; 168.891, 250.586; 166.981, 249.99; 166.521, 249.809; 165.158, 249.168; 164.906, 249.03; 163.468, 248.1; 163.461, 248.094; 162.19, 247.006; 161.966, 246.78; 160.707, 245.228; 159.728, 243.485; 159.463, 242.865; 159.038, 241.608; 158.93, 241.206; 158.601, 239.656; 158.355, 237.67; 158.301, 235.669; 158.428, 233.672; 158.727, 231.693; 159.172, 229.743; 159.752, 227.828; 160.441, 225.949; 161.22, 224.119; 162.084, 222.31; 163.011, 220.533; 163.989, 218.787; 165.012, 217.059; 166.063, 215.356; 167.142, 213.663; 168.234, 211.982; 169.333, 210.309; 170.432, 208.637; 171.526, 206.956; 172.605, 205.267; 173.661, 203.563; 174.683, 201.842; 175.667, 200.091; 176.59, 198.325; 177.455, 196.506; 178.231, 194.664; 178.906, 192.781; 179.456, 190.864; 179.86, 188.905; 180.088, 186.918; 180.131, 185.643; 180.111, 185.033; 180.104, 184.918; 180.049, 184.409; 179.933, 183.782; 179.75, 183.164; 179.675, 182.97; 179.486, 182.566; 179.13, 181.999; 178.669, 181.476; 178.531, 181.351; 177.349, 180.551; 176.835, 180.305; 175.66, 179.866; 174.943, 179.661; 173.718, 179.386; 172.99, 179.259; 171.64, 179.079; 170.992, 179.014; 169.543, 178.912; 168.983, 178.886; 167.542, 178.852; 166.968, 178.85; 165.753, 178.865; 164.945, 178.89; 164.294, 178.919; 162.974, 178.993; 160.959, 179.137; 158.96, 179.317; 156.977, 179.531; 155.01, 179.778; 153.033, 180.062; 151.04, 180.385; 149.063, 180.74; 147.104, 181.126; 145.162, 181.544; 143.216, 181.995; 141.259, 182.484; 139.319, 183.001; 137.397, 183.546; 135.493, 184.118; 133.585, 184.723; 131.673, 185.36; 129.779, 186.022; 127.904, 186.708; 126.046, 187.415; 124.178, 188.155; 122.315, 188.922; 120.471, 189.707; 118.647, 190.512; 116.84, 191.333; 115.009, 192.191; 113.197, 193.064; 111.403, 193.951; 109.63, 194.851; 107.855, 195.773; 106.07, 196.721; 104.305, 197.678; 102.56, 198.643; 100.836, 199.614; 99.0753, 200.622; 97.3326, 201.635; 95.6116, 202.65; 93.9122, 203.664; 92.1789, 204.711; 90.4377, 205.771; 88.72, 206.827; 87.0257, 207.879; 85.3549, 208.926; 83.6944, 209.977; 81.9683, 211.081; 80.2675, 212.181; 78.592, 213.276; 76.9419, 214.368; 75.3171, 215.455; 73.6246, 216.602; 71.9529, 217.749; 70.3085, 218.892; 68.6913, 220.032; 67.0968, 221.171; 65.4393, 222.372; 63.8109, 223.57; 62.2117, 224.765; 60.6416, 225.958; 59.0618, 227.177; 57.4618, 228.433; 55.8926, 229.687; 54.3543, 230.94; 52.8409, 232.194; 51.2829, 233.512; 49.7573, 234.828; 48.2642, 236.143; 46.8036, 237.458; 45.3073, 238.834; 43.8399, 240.216; 42.4064, 241.598; 41.0065, 242.98; 39.578, 244.427; 38.1838, 245.876; 36.8241, 247.328; 35.3684, 248.319; 33.4677, 247.687; 31.5671, 247.056; 29.6665, 246.425; 27.8984, 245.837; 27.9904, 245.736; 29.3264, 244.281; 30.6948, 242.829; 32.0953, 241.381; 33.5175, 239.946; 34.9234, 238.561; 36.361, 237.179; 37.8302, 235.797; 39.3227, 234.424; 40.7853, 233.108; 42.2785, 231.791; 43.8022, 230.475; 45.3564, 229.158; 46.8733, 227.897; 48.4085, 226.643; 49.9729, 225.389; 51.5663, 224.132; 53.1563, 222.9; 54.7209, 221.707; 56.3131, 220.511; 57.9328, 219.313; 59.58, 218.113; 61.1954, 216.953; 62.8038, 215.813; 64.4381, 214.67; 66.0982, 213.524; 67.7842, 212.375; 69.4351, 211.264; 71.0741, 210.173; 72.7372, 209.079; 74.4245, 207.981; 76.1358, 206.88; 77.8406, 205.794; 79.4985, 204.748; 81.1789, 203.699; 82.8816, 202.646; 84.6068, 201.588; 86.3544, 200.527; 88.067, 199.496; 89.7709, 198.482; 91.4959, 197.468; 93.2423, 196.456; 95.0041, 195.451; 96.7276, 194.483; 98.4713, 193.521; 100.235, 192.565; 102.02, 191.618; 103.805, 190.691; 105.573, 189.793; 107.361, 188.906; 109.168, 188.032; 110.996, 187.171; 112.818, 186.336; 114.632, 185.529; 116.465, 184.738; 118.317, 183.964; 120.189, 183.209; 122.058, 182.481; 123.916, 181.785; 125.793, 181.108; 127.689, 180.453; 129.604, 179.82; 131.524, 179.214; 133.421, 178.644; 135.337, 178.099; 137.271, 177.577; 139.223, 177.082; 141.194, 176.612; 143.126, 176.183; 145.07, 175.781; 147.032, 175.407; 149.012, 175.06; 151.01, 174.743; 152.995, 174.459; 154.955, 174.21; 156.931, 173.991; 158.924, 173.801; 160.935, 173.642; 162.962, 173.514; 165.004, 173.424; 166.99, 173.39; 169.011, 173.417; 170.981, 173.508; 173.006, 173.68; 174.98, 173.933; 176.949, 174.286; 178.907, 174.758; 180.785, 175.353; 182.633, 176.121; 184.383, 177.087; 185.98, 178.288; 187.17, 179.541; 187.336, 179.755; 187.857, 180.538; 188.34, 181.481; 188.368, 181.547; 188.726, 182.555; 188.927, 183.391; 188.956, 183.551; 189.083, 184.521; 189.128, 185.382; 189.13, 185.453; 189.122, 186.335; 189.064, 187.381; 188.831, 189.367; 188.444, 191.331; 187.924, 193.261; 187.29, 195.153; 186.552, 197.016; 185.731, 198.842; 184.841, 200.635; 183.89, 202.402; 182.895, 204.137; 181.86, 205.857; 180.799, 207.554; 179.716, 209.241; 178.62, 210.92; 177.519, 212.595; 176.417, 214.275; 175.331, 215.949; 174.251, 217.65; 173.212, 219.345; 172.191, 221.089; 171.234, 222.827; 170.321, 224.632; 169.502, 226.435; 168.77, 228.298; 168.156, 230.203; 167.689, 232.148; 167.391, 234.125; 167.293, 236.122; 167.411, 238.119; 167.756, 240.089; 168.01, 241.015; 168.27, 241.723; 168.381, 241.981; 168.62, 242.469; 169.073, 243.217; 169.429, 243.687; 169.641, 243.931; 170.338, 244.573; 170.941, 244.981; 171.175, 245.109; 172.165, 245.501; 172.814, 245.651; 173.622, 245.749; 174.807, 245.748; 175.197, 245.715; 176.785, 245.457; 176.872, 245.437; 178.627, 244.948; 178.71, 244.921; 180.444, 244.285; 180.588, 244.227; 182.304, 243.483; 182.425, 243.427; 184.189, 242.577; 184.23, 242.557; 186.011, 241.64; 187.776, 240.724; 189.561, 239.829; 191.368, 238.956; 193.195, 238.105; 195.014, 237.288; 196.846, 236.493; 198.696, 235.721; 200.564, 234.97; 202.427, 234.248; 204.299, 233.551; 206.185, 232.875; 208.085, 232.221; 209.987, 231.593; 211.892, 230.99; 213.808, 230.409; 215.735, 229.85; 217.668, 229.315; 219.602, 228.805; 221.543, 228.317; 223.493, 227.852; 225.45, 227.41; 227.407, 226.993; 229.37, 226.599; 231.338, 226.228; 233.312, 225.881; 235.289, 225.557; 237.27, 225.258; 239.253, 224.982; 241.239, 224.731; 243.231, 224.504; 245.225, 224.302; 247.22, 224.125; 249.214, 223.973; 251.204, 223.848; 251.924, 223.813; 253.209, 223.773; 253.459, 223.769; 255.02, 223.776; 255.214, 223.781; 256.592, 223.849; 