boundaryCurve{1} = [276.961, 251.382; 275.128, 251.26; 274.967, 251.238; 273.309, 250.901; 273.013, 250.82; 271.526, 250.315; 271.128, 250.151; 269.804, 249.513; 269.341, 249.254; 268.164, 248.504; 267.674, 248.149; 266.15, 246.858; 264.787, 245.399; 263.602, 243.791; 263.025, 242.853; 262.594, 242.065; 262.199, 241.261; 261.76, 240.248; 261.5, 239.569; 261.097, 238.361; 260.929, 237.78; 260.596, 236.425; 260.487, 235.894; 260.245, 234.456; 260.173, 233.914; 260.03, 232.468; 259.939, 230.47; 259.937, 229.322; 259.942, 228.964; 259.948, 228.604; 259.951, 228.459; 259.955, 228.242; 259.964, 227.878; 259.973, 227.511; 259.983, 227.143; 259.993, 226.774; 260.002, 226.448; 260.037, 224.753; 260.041, 224.446; 260.036, 222.886; 260.026, 222.439; 259.966, 221.185; 259.902, 220.436; 259.804, 219.661; 259.567, 218.487; 259.525, 218.328; 259.106, 217.197; 258.798, 216.653; 258.522, 216.281; 257.751, 215.591; 257.319, 215.351; 257.149, 215.277; 256.458, 215.053; 255.694, 214.908; 255.391, 214.872; 254.874, 214.831; 254.014, 214.811; 253.389, 214.825; 253.128, 214.836; 252.234, 214.895; 251.391, 214.973; 251.348, 214.977; 249.414, 215.197; 247.435, 215.466; 245.455, 215.781; 243.476, 216.14; 241.526, 216.537; 239.578, 216.976; 237.631, 217.458; 235.688, 217.982; 233.778, 218.539; 231.872, 219.135; 229.97, 219.771; 228.074, 220.447; 226.213, 221.15; 224.358, 221.891; 222.511, 222.669; 220.67, 223.485; 218.864, 224.324; 217.07, 225.198; 215.284, 226.107; 213.508, 227.052; 211.762, 228.019; 210.034, 229.016; 208.318, 230.047; 206.613, 231.11; 204.932, 232.197; 203.277, 233.309; 201.635, 234.451; 200.007, 235.624; 198.397, 236.825; 196.82, 238.042; 195.258, 239.289; 193.712, 240.565; 192.182, 241.87; 190.709, 243.143; 189.16, 244.431; 187.551, 245.683; 185.934, 246.834; 184.228, 247.921; 182.476, 248.888; 180.661, 249.725; 178.778, 250.398; 176.836, 250.871; 174.85, 251.108; 172.852, 251.067; 170.879, 250.731; 168.982, 250.109; 167.195, 249.216; 165.557, 248.068; 164.906, 247.502; 164.102, 246.698; 163.461, 245.958; 162.842, 245.146; 161.776, 243.455; 160.891, 241.661; 160.172, 239.796; 159.604, 237.892; 159.165, 235.948; 158.837, 233.951; 158.594, 231.966; 158.424, 229.973; 158.326, 227.975; 158.298, 225.974; 158.337, 223.974; 158.441, 221.976; 158.61, 219.981; 158.837, 217.993; 159.121, 216.013; 159.457, 214.042; 159.842, 212.08; 160.274, 210.125; 160.75, 208.179; 161.263, 206.248; 161.812, 204.323; 162.395, 202.405; 163.005, 200.5; 163.642, 198.603; 164.303, 196.713; 164.984, 194.829; 165.681, 192.952; 166.393, 191.081; 167.116, 189.214; 167.849, 187.348; 168.587, 185.487; 169.326, 183.63; 170.065, 181.775; 170.803, 179.914; 171.539, 178.049; 172.263, 176.183; 172.977, 174.313; 173.678, 172.435; 174.36, 170.553; 175.023, 168.666; 175.662, 166.765; 176.274, 164.861; 176.857, 162.945; 177.405, 161.018; 177.915, 159.087; 178.386, 157.137; 178.809, 155.181; 179.18, 153.217; 179.499, 151.239; 179.757, 149.258; 179.952, 147.265; 180.079, 145.269; 180.132, 143.277; 180.132, 142.914; 180.112, 141.907; 180.079, 141.272; 180.05, 140.877; 179.934, 139.843; 179.842, 139.283; 179.75, 138.823; 179.487, 137.836; 179.319, 137.355; 179.131, 136.901; 178.67, 136.037; 178.37, 135.602; 177.35, 134.512; 176.958, 134.196; 175.66, 133.381; 175.244, 133.178; 173.719, 132.589; 173.371, 132.485; 171.418, 132.044; 169.543, 131.807; 169.432, 131.798; 167.542, 131.707; 167.43, 131.706; 165.754, 131.729; 165.404, 131.745; 164.295, 131.818; 163.44, 131.895; 161.451, 132.115; 159.469, 132.393; 157.497, 132.728; 155.534, 133.12; 153.583, 133.569; 151.646, 134.07; 149.722, 134.621; 147.813, 135.222; 145.92, 135.872; 144.044, 136.57; 142.186, 137.313; 140.344, 138.097; 138.52, 138.921; 136.715, 139.784; 134.928, 140.687; 133.165, 141.622; 131.419, 142.59; 129.689, 143.592; 127.973, 144.627; 126.273, 145.692; 124.594, 146.782; 122.935, 147.897; 121.292, 149.037; 119.663, 150.202; 118.049, 151.39; 116.451, 152.599; 114.869, 153.827; 113.301, 155.074; 111.748, 156.337; 110.21, 157.617; 108.686, 158.911; 107.167, 160.227; 105.661, 161.555; 104.17, 162.893; 102.694, 164.24; 101.232, 165.594; 99.7666, 166.971; 98.307, 168.362; 96.8625, 169.755; 95.4329, 171.149; 94.0183, 172.543; 92.5918, 173.962; 91.1533, 175.403; 89.7308, 176.84; 88.324, 178.271; 86.9332, 179.698; 85.5582, 181.119; 84.1991, 182.535; 82.8036, 184.002; 81.4109, 185.478; 80.0349, 186.95; 78.6756, 188.418; 77.333, 189.881; 76.007, 191.339; 74.6737, 192.819; 73.3209, 194.337; 71.9855, 195.85; 70.6676, 197.36; 69.3671, 198.865; 68.084, 200.367; 66.8028, 201.883; 65.5005, 203.442; 64.2163, 204.998; 62.9501, 206.551; 61.7019, 208.1; 60.4717, 209.647; 59.2398, 211.216; 57.9987, 212.817; 56.7761, 214.417; 55.5719, 216.014; 54.3861, 217.609; 53.2188, 219.202; 52.0395, 220.835; 50.8698, 222.48; 49.7187, 224.124; 48.5862, 225.767; 47.4723, 227.409; 46.3674, 229.064; 45.2593, 230.753; 44.1698, 232.441; 43.0988, 234.13; 42.0463, 235.82; 41.0124, 237.51; 39.9737, 239.239; 38.953, 240.971; 37.9506, 242.704; 36.9665, 244.439; 36.0006, 246.176; 35.79, 246.56; 34.4219, 245.81; 32.6666, 244.848; 30.9113, 243.885; 29.1559, 242.923; 27.8983, 242.234; 28.1696, 241.74; 29.1375, 240.001; 30.1223, 238.265; 31.124, 236.532; 32.1426, 234.801; 33.1781, 233.073; 34.2125, 231.378; 35.2625, 229.686; 36.3298, 227.996; 37.4145, 226.308; 38.5166, 224.62; 39.6238, 222.952; 40.7326, 221.309; 41.8588, 219.665; 43.0025, 218.021; 44.1637, 216.376; 45.3424, 214.732; 46.5093, 213.128; 47.6867, 211.532; 48.8814, 209.934; 50.0934, 208.336; 51.3228, 206.736; 52.5696, 205.134; 53.7895, 203.587; 55.0265, 202.038; 56.2805, 200.486; 57.5516, 198.932; 58.8397, 197.376; 60.1448, 195.817; 61.4166, 194.314; 62.7037, 192.81; 64.0073, 191.303; 65.3274, 189.792; 66.6641, 188.279; 68.0173, 186.761; 69.3461, 185.286; 70.6737, 183.826; 72.0171, 182.362; 73.3764, 180.894; 74.7517, 179.423; 76.1428, 177.947; 77.5403, 176.477; 78.8989, 175.06; 80.2727, 173.638; 81.6617, 172.212; 83.0659, 170.781; 84.4852, 169.346; 85.9196, 167.906; 87.354, 166.477; 88.7641, 165.084; 90.1889, 163.691; 91.6283, 162.298; 93.0827, 160.907; 94.5519, 159.519; 96.0118, 158.159; 97.4802, 156.81; 98.9633, 155.469; 100.461, 154.136; 101.974, 152.813; 103.498, 151.504; 105.025, 150.217; 106.567, 148.943; 108.123, 147.684; 109.695, 146.441; 111.281, 145.216; 112.881, 144.01; 114.494, 142.825; 116.123, 141.661; 117.766, 140.519; 119.426, 139.4; 121.1, 138.306; 122.794, 137.236; 124.503, 136.193; 126.228, 135.178; 127.969, 134.193; 129.726, 133.239; 131.5, 132.317; 133.293, 131.426; 135.102, 130.572; 136.929, 129.754; 138.772, 128.973; 140.63, 128.23; 142.504, 127.525; 144.393, 126.865; 146.297, 126.248; 148.215, 125.676; 150.145, 125.149; 152.088, 124.667; 154.042, 124.233; 156.006, 123.85; 157.979, 123.516; 159.96, 123.233; 161.948, 123; 163.953, 122.818; 165.971, 122.713; 167.94, 122.703; 169.938, 122.798; 171.928, 123.007; 173.899, 123.346; 175.841, 123.825; 177.737, 124.462; 179.565, 125.27; 181.303, 126.258; 182.919, 127.433; 184.382, 128.794; 185.663, 130.327; 186.739, 132.011; 187.17, 132.845; 187.6, 133.816; 187.857, 134.491; 188.248, 135.713; 188.367, 136.156; 188.697, 137.66; 188.726, 137.819; 188.956, 139.461; 188.974, 139.643; 189.082, 141.061; 189.108, 141.645; 189.129, 142.599; 189.128, 143.647; 189.121, 144.055; 189.07, 145.643; 188.951, 147.641; 188.773, 149.629; 188.537, 151.618; 188.248, 153.598; 187.908, 155.569; 187.521, 157.532; 187.089, 159.486; 186.615, 161.431; 186.104, 163.365; 185.557, 165.291; 184.978, 167.207; 184.371, 169.114; 183.737, 171.014; 183.081, 172.905; 182.404, 174.789; 181.71, 176.666; 181, 178.54; 180.28, 180.407; 179.55, 182.271; 178.812, 184.135; 178.073, 185.993; 177.33, 187.857; 176.588, 189.722; 175.854, 191.579; 175.126, 193.443; 174.405, 195.319; 173.702, 197.188; 173.015, 199.063; 172.343, 200.959; 171.698, 202.85; 171.081, 204.746; 170.49, 206.67; 169.937, 208.591; 169.425, 210.517; 168.953, 212.471; 168.532, 214.424; 168.165, 216.384; 167.854, 218.366; 167.608, 220.349; 