boundaryCurve{1} = [276.961, 251.382; 276.044, 251.363; 275.128, 251.308; 274.961, 251.294; 274.216, 251.217; 273.309, 251.09; 272.976, 251.035; 272.412, 250.93; 271.526, 250.735; 271.02, 250.607; 270.656, 250.508; 269.804, 250.249; 269.11, 250.01; 268.972, 249.959; 268.165, 249.638; 267.383, 249.288; 267.266, 249.231; 266.632, 248.908; 265.912, 248.501; 265.517, 248.256; 265.229, 248.066; 264.583, 247.605; 263.979, 247.117; 263.914, 247.061; 263.486, 246.673; 263.025, 246.213; 262.596, 245.738; 262.51, 245.637; 262.199, 245.248; 261.834, 244.743; 261.5, 244.223; 261.367, 243.996; 261.199, 243.688; 260.929, 243.138; 260.692, 242.574; 260.547, 242.174; 260.487, 241.995; 260.314, 241.402; 260.174, 240.795; 260.074, 240.231; 260.065, 240.174; 259.989, 239.539; 259.946, 238.89; 259.935, 238.236; 259.935, 238.227; 259.936, 238.12; 259.938, 238.012; 259.94, 237.904; 259.942, 237.795; 259.945, 237.686; 259.948, 237.577; 259.952, 237.467; 259.956, 237.357; 259.96, 237.247; 259.964, 237.137; 259.969, 237.026; 259.974, 236.915; 259.978, 236.803; 259.983, 236.691; 259.989, 236.58; 259.994, 236.468; 260.004, 236.232; 260.02, 235.844; 260.038, 235.243; 260.044, 234.665; 260.04, 234.231; 260.037, 234.111; 260.012, 233.582; 259.967, 233.08; 259.899, 232.604; 259.826, 232.244; 259.805, 232.157; 259.681, 231.738; 259.526, 231.349; 259.335, 230.99; 259.106, 230.663; 258.943, 230.476; 258.836, 230.369; 258.523, 230.108; 258.162, 229.881; 257.751, 229.69; 257.462, 229.587; 257.218, 229.517; 257.149, 229.499; 256.814, 229.425; 256.458, 229.364; 256.085, 229.314; 255.695, 229.276; 255.291, 229.248; 255.237, 229.245; 254.875, 229.229; 254.448, 229.219; 254.014, 229.217; 253.573, 229.222; 253.235, 229.229; 253.128, 229.232; 252.681, 229.248; 252.234, 229.268; 251.789, 229.291; 251.348, 229.318; 251.235, 229.325; 249.239, 229.464; 247.242, 229.631; 245.25, 229.826; 243.259, 230.048; 241.273, 230.296; 239.289, 230.571; 237.309, 230.872; 235.333, 231.2; 233.363, 231.553; 231.396, 231.932; 229.435, 232.336; 227.479, 232.766; 225.529, 233.221; 223.585, 233.702; 221.647, 234.208; 219.717, 234.739; 217.793, 235.296; 215.877, 235.878; 213.968, 236.485; 212.068, 237.117; 210.178, 237.775; 208.294, 238.459; 206.423, 239.168; 204.559, 239.904; 202.708, 240.665; 200.866, 241.453; 199.038, 242.266; 197.219, 243.108; 195.417, 243.974; 193.622, 244.871; 191.856, 245.788; 191.073, 246.199; 190.073, 246.714; 190.047, 246.728; 188.919, 247.287; 188.283, 247.59; 187.697, 247.861; 186.447, 248.411; 186.387, 248.436; 184.997, 248.996; 184.59, 249.15; 183.535, 249.526; 182.697, 249.801; 182.007, 250.011; 180.769, 250.35; 180.422, 250.435; 178.811, 250.779; 178.785, 250.784; 177.105, 251.041; 176.832, 251.072; 175.388, 251.191; 174.837, 251.215; 173.643, 251.221; 172.836, 251.189; 171.875, 251.113; 170.847, 250.983; 170.093, 250.853; 168.887, 250.585; 168.303, 250.426; 167.392, 250.138; 166.969, 249.985; 166.522, 249.808; 165.693, 249.438; 165.147, 249.16; 164.907, 249.029; 164.163, 248.58; 163.462, 248.093; 163.459, 248.091; 162.804, 247.568; 162.191, 247.005; 161.958, 246.769; 161.622, 246.405; 161.098, 245.768; 160.701, 245.216; 160.62, 245.095; 160.188, 244.386; 159.803, 243.643; 159.723, 243.472; 159.464, 242.864; 159.174, 242.052; 159.036, 241.595; 158.931, 241.205; 158.599, 239.64; 158.523, 239.169; 158.354, 237.651; 158.324, 237.148; 158.302, 235.653; 158.318, 235.142; 158.431, 233.657; 158.492, 233.15; 158.729, 231.679; 158.832, 231.171; 159.177, 229.729; 159.323, 229.206; 159.757, 227.814; 159.951, 227.253; 160.447, 225.935; 160.702, 225.313; 161.233, 224.094; 162.095, 222.287; 163.023, 220.512; 164.002, 218.765; 165.024, 217.042; 166.076, 215.337; 167.152, 213.648; 168.244, 211.969; 169.343, 210.295; 170.386, 208.707; 170.442, 208.621; 171.346, 207.235; 171.535, 206.943; 172.295, 205.758; 172.613, 205.255; 173.225, 204.276; 173.668, 203.552; 174.128, 202.789; 174.691, 201.831; 174.997, 201.298; 175.671, 200.085; 175.824, 199.802; 176.598, 198.311; 176.602, 198.303; 177.322, 196.801; 177.459, 196.501; 177.978, 195.296; 178.235, 194.655; 178.562, 193.789; 178.911, 192.771; 179.065, 192.279; 179.461, 190.848; 179.481, 190.767; 179.801, 189.255; 179.863, 188.887; 180.018, 187.741; 180.091, 186.899; 180.124, 186.227; 180.131, 185.938; 180.133, 185.642; 180.127, 185.34; 180.112, 185.032; 180.103, 184.9; 180.087, 184.721; 180.05, 184.408; 180, 184.094; 179.934, 183.781; 179.852, 183.47; 179.751, 183.163; 179.67, 182.954; 179.63, 182.861; 179.488, 182.565; 179.322, 182.277; 179.132, 181.998; 178.915, 181.73; 178.671, 181.475; 178.52, 181.337; 178.064, 180.98; 177.35, 180.55; 176.825, 180.298; 176.545, 180.18; 175.661, 179.865; 174.929, 179.656; 174.715, 179.601; 173.72, 179.385; 172.967, 179.254; 172.69, 179.212; 171.642, 179.078; 170.977, 179.012; 170.588, 178.979; 169.544, 178.911; 168.975, 178.885; 168.524, 178.87; 167.543, 178.851; 166.97, 178.849; 166.615, 178.851; 165.755, 178.864; 164.977, 178.888; 164.975, 178.888; 164.296, 178.918; 162.967, 178.993; 160.968, 179.136; 158.984, 179.314; 156.984, 179.53; 155.001, 179.779; 153.02, 180.064; 151.04, 180.384; 149.077, 180.737; 147.106, 181.126; 145.15, 181.546; 143.202, 181.999; 141.256, 182.484; 139.328, 182.999; 137.395, 183.547; 135.48, 184.122; 133.571, 184.727; 131.67, 185.361; 129.785, 186.02; 127.899, 186.71; 126.031, 187.421; 124.167, 188.159; 122.316, 188.921; 120.476, 189.706; 118.64, 190.514; 116.823, 191.34; 115.004, 192.193; 113.203, 193.06; 111.405, 193.95; 109.62, 194.855; 107.844, 195.778; 106.074, 196.719; 104.318, 197.671; 102.56, 198.643; 100.822, 199.622; 99.0767, 200.621; 97.3508, 201.625; 95.6204, 202.645; 93.9045, 203.669; 92.1823, 204.709; 90.4674, 205.753; 88.7755, 206.793; 87.0626, 207.856; 85.3657, 208.919; 83.6855, 209.983; 81.9854, 211.07; 80.3099, 212.153; 78.6339, 213.249; 76.9582, 214.357; 75.3081, 215.461; 73.6371, 216.593; 71.99, 217.723; 70.3473, 218.865; 68.7055, 220.022; 67.0885, 221.177; 65.4547, 222.361; 63.8494, 223.542; 62.2402, 224.745; 60.6468, 225.954; 59.0632, 227.176; 57.4849, 228.415; 55.9272, 229.66; 54.3673, 230.929; 52.8352, 232.2; 51.2971, 233.5; 49.7908, 234.799; 48.279, 236.131; 46.7988, 237.463; 45.3174, 238.825; 43.8672, 240.191; 42.4187, 241.587; 41.001, 242.986; 39.5869, 244.418; 38.2043, 245.855; 36.8304, 247.321; 35.79, 248.459; 35.3615, 248.317; 35.2967, 248.295; 34.8035, 248.131; 34.3103, 247.968; 33.8171, 247.804; 33.4612, 247.686; 33.3238, 247.64; 32.8306, 247.476; 32.3374, 247.312; 31.8442, 247.148; 31.5609, 247.054; 31.3509, 246.984; 30.8577, 246.82; 30.3645, 246.657; 29.8712, 246.493; 29.6606, 246.423; 29.378, 246.329; 28.8848, 246.165; 28.3916, 246.001; 27.8983, 245.837; 27.995, 245.73; 29.3445, 244.261; 30.7223, 242.8; 32.1095, 241.366; 33.524, 239.94; 34.946, 238.54; 36.3943, 237.147; 37.8474, 235.781; 39.3281, 234.42; 40.8092, 233.087; 42.3205, 231.755; 43.8257, 230.455; 45.3617, 229.154; 46.8935, 227.88; 48.4496, 226.61; 50.008, 225.361; 51.581, 224.121; 53.1666, 222.893; 54.7534, 221.683; 56.3664, 220.472; 57.964, 219.291; 59.589, 218.107; 61.2114, 216.942; 62.8435, 215.785; 64.4939, 214.632; 66.1306, 213.502; 67.793, 212.37; 69.4503, 211.254; 71.114, 210.147; 72.8021, 209.037; 74.465, 207.955; 76.1518, 206.87; 77.8469, 205.79; 79.5301, 204.729; 81.2363, 203.664; 82.9384, 202.611; 84.6383, 201.569; 86.3604, 200.523; 88.0756, 199.491; 89.7969, 198.467; 91.5258, 197.451; 93.2547, 196.45; 95.0017, 195.452; 96.7401, 194.476; 98.4991, 193.506; 100.256, 192.555; 102.025, 191.616; 103.805, 190.691; 105.586, 189.786; 107.388, 188.893; 109.184, 188.025; 110.997, 187.171; 112.818, 186.336; 114.645, 185.524; 116.491, 184.727; 118.332, 183.959; 120.19, 183.209; 122.057, 182.481; 123.929, 181.78; 125.819, 181.099; 127.706, 180.447; 129.607, 179.819; 131.521, 179.215; 133.433, 178.641; 135.363, 178.091; 137.294, 177.571; 139.232, 177.08; 141.189, 176.614; 143.135, 176.181; 145.096, 175.776; 147.069, 175.4; 149.033, 175.057; 151.014, 174.742; 152.998, 174.458; 154.977, 174.207; 