boundaryCurve{1} = [276.935, 251.887; 276.077, 251.869; 275.219, 251.818; 274.937, 251.793; 274.362, 251.733; 273.51, 251.614; 272.954, 251.519; 272.665, 251.464; 271.829, 251.282; 271.004, 251.069; 270.195, 250.826; 269.402, 250.553; 269.103, 250.441; 268.628, 250.251; 267.875, 249.92; 267.275, 249.628; 267.146, 249.562; 266.444, 249.176; 265.771, 248.765; 265.548, 248.618; 265.129, 248.327; 264.52, 247.865; 263.965, 247.396; 263.909, 247.345; 263.334, 246.802; 262.799, 246.237; 262.564, 245.968; 262.301, 245.649; 261.843, 245.04; 261.423, 244.41; 261.387, 244.352; 261.043, 243.759; 260.702, 243.088; 260.473, 242.574; 260.401, 242.398; 260.14, 241.69; 259.92, 240.963; 259.846, 240.676; 259.74, 240.219; 259.602, 239.458; 259.507, 238.704; 259.504, 238.681; 259.448, 237.888; 259.434, 237.08; 259.435, 236.971; 259.437, 236.861; 259.439, 236.751; 259.44, 236.705; 259.442, 236.64; 259.445, 236.529; 259.449, 236.418; 259.452, 236.306; 259.457, 236.194; 259.461, 236.082; 259.466, 235.969; 259.471, 235.856; 259.476, 235.743; 259.481, 235.629; 259.487, 235.515; 259.492, 235.401; 259.498, 235.287; 259.524, 234.725; 259.525, 234.703; 259.544, 234.231; 259.556, 233.801; 259.558, 233.43; 259.55, 233.112; 259.531, 232.842; 259.514, 232.7; 259.499, 232.615; 259.454, 232.426; 259.394, 232.27; 259.319, 232.141; 259.227, 232.034; 259.117, 231.944; 258.987, 231.867; 258.838, 231.796; 258.667, 231.727; 258.474, 231.654; 258.126, 231.538; 258.088, 231.526; 257.755, 231.438; 257.361, 231.353; 256.947, 231.282; 256.516, 231.225; 256.118, 231.184; 256.068, 231.18; 255.607, 231.147; 255.134, 231.124; 254.652, 231.11; 254.162, 231.106; 254.118, 231.106; 253.667, 231.108; 253.168, 231.118; 252.668, 231.134; 252.168, 231.154; 252.116, 231.156; 251.672, 231.178; 251.18, 231.205; 250.119, 231.27; 248.122, 231.413; 246.127, 231.581; 244.134, 231.775; 242.144, 231.993; 240.157, 232.236; 238.173, 232.503; 236.192, 232.794; 234.215, 233.11; 232.242, 233.449; 230.273, 233.813; 228.309, 234.201; 226.349, 234.612; 224.396, 235.047; 222.446, 235.506; 220.504, 235.989; 218.566, 236.496; 216.637, 237.026; 214.711, 237.581; 212.796, 238.159; 210.886, 238.762; 208.987, 239.389; 207.091, 240.042; 205.21, 240.717; 203.332, 241.42; 201.469, 242.145; 199.611, 242.899; 197.769, 243.676; 195.933, 244.482; 194.113, 245.312; 192.303, 246.17; 190.509, 247.049; 189.92, 247.333; 188.699, 247.905; 188.577, 247.961; 187.223, 248.564; 186.868, 248.716; 185.859, 249.135; 185.012, 249.467; 184.484, 249.666; 183.129, 250.143; 183.101, 250.152; 181.71, 250.586; 181.213, 250.727; 180.311, 250.962; 179.268, 251.198; 178.906, 251.272; 177.494, 251.51; 177.296, 251.537; 176.076, 251.67; 175.304, 251.722; 174.654, 251.745; 173.303, 251.732; 173.228, 251.728; 171.798, 251.614; 171.313, 251.552; 170.365, 251.395; 169.349, 251.173; 168.931, 251.065; 167.956, 250.771; 167.431, 250.585; 167.021, 250.426; 166.125, 250.032; 165.605, 249.77; 165.27, 249.589; 164.457, 249.097; 163.905, 248.719; 163.687, 248.559; 162.96, 247.975; 162.371, 247.437; 162.278, 247.347; 161.642, 246.674; 161.052, 245.958; 161.041, 245.944; 160.51, 245.2; 160.017, 244.402; 159.944, 244.272; 159.574, 243.563; 159.181, 242.685; 159.092, 242.464; 158.84, 241.769; 158.551, 240.817; 158.482, 240.552; 158.07, 238.599; 157.834, 236.611; 157.779, 234.611; 157.786, 234.34; 157.903, 232.615; 157.945, 232.246; 158.193, 230.637; 158.284, 230.181; 158.638, 228.687; 158.789, 228.143; 159.218, 226.772; 159.916, 224.898; 160.715, 223.063; 161.599, 221.267; 162.552, 219.506; 163.563, 217.777; 164.619, 216.076; 165.712, 214.397; 166.83, 212.737; 167.967, 211.089; 169.115, 209.447; 170.265, 207.808; 170.459, 207.531; 171.395, 206.187; 171.409, 206.166; 172.312, 204.851; 172.542, 204.513; 173.204, 203.524; 173.651, 202.845; 174.064, 202.206; 174.725, 201.157; 174.886, 200.897; 175.663, 199.596; 175.754, 199.44; 176.39, 198.303; 176.72, 197.684; 177.06, 197.019; 177.6, 195.889; 177.667, 195.742; 178.204, 194.474; 178.371, 194.04; 178.665, 193.213; 178.994, 192.141; 179.044, 191.959; 179.335, 190.713; 179.429, 190.187; 179.53, 189.474; 179.625, 188.242; 179.626, 188.198; 179.631, 187.977; 179.629, 187.739; 179.62, 187.526; 179.605, 187.337; 179.584, 187.169; 179.558, 187.022; 179.527, 186.892; 179.492, 186.779; 179.453, 186.681; 179.412, 186.596; 179.367, 186.522; 179.321, 186.457; 179.274, 186.401; 179.225, 186.35; 179.183, 186.31; 179.176, 186.303; 179.128, 186.259; 178.814, 186.012; 178.422, 185.765; 177.95, 185.522; 177.465, 185.313; 177.397, 185.286; 176.763, 185.059; 176.046, 184.844; 175.561, 184.718; 175.246, 184.644; 174.362, 184.461; 173.596, 184.329; 173.393, 184.298; 172.338, 184.158; 171.613, 184.081; 171.196, 184.044; 169.967, 183.959; 169.615, 183.941; 168.649, 183.905; 167.614, 183.887; 167.242, 183.885; 165.745, 183.902; 165.607, 183.905; 164.157, 183.958; 163.598, 183.986; 161.592, 184.106; 159.603, 184.259; 157.608, 184.446; 155.615, 184.665; 153.64, 184.915; 151.649, 185.2; 149.675, 185.515; 147.704, 185.863; 145.735, 186.242; 143.783, 186.649; 141.823, 187.089; 139.879, 187.557; 137.941, 188.054; 136.007, 188.581; 134.09, 189.132; 132.167, 189.715; 130.263, 190.321; 128.363, 190.956; 126.471, 191.614; 124.594, 192.295; 122.715, 193.003; 120.856, 193.73; 118.996, 194.484; 117.15, 195.256; 115.312, 196.049; 113.481, 196.862; 111.665, 197.693; 109.847, 198.546; 108.049, 199.41; 106.246, 200.297; 104.462, 201.194; 102.677, 202.111; 100.905, 203.038; 99.137, 203.979; 97.3754, 204.933; 95.6228, 205.896; 93.8704, 206.872; 92.1287, 207.853; 90.3765, 208.85; 88.6483, 209.843; 86.9159, 210.847; 85.1822, 211.862; 83.473, 212.873; 81.7425, 213.908; 80.0308, 214.942; 78.3295, 215.982; 76.617, 217.041; 74.9313, 218.095; 73.2311, 219.173; 71.5481, 220.253; 69.8739, 221.342; 68.1962, 222.448; 66.5458, 223.552; 64.8761, 224.686; 63.2364, 225.816; 61.5901, 226.969; 59.9625, 228.128; 58.3401, 229.303; 56.728, 230.491; 55.1298, 231.691; 53.5368, 232.91; 51.9631, 234.138; 50.3926, 235.388; 48.8442, 236.647; 47.3003, 237.93; 45.7786, 239.223; 44.2653, 240.54; 42.7731, 241.87; 41.2944, 243.221; 39.8339, 244.59; 38.394, 245.977; 36.969, 247.388; 35.5716, 248.811; 35.4423, 248.945; 34.9923, 248.511; 34.5423, 248.077; 34.1366, 247.686; 34.0923, 247.643; 33.6423, 247.209; 33.1923, 246.775; 32.7423, 246.341; 32.6955, 246.296; 32.2923, 245.907; 31.8423, 245.473; 31.3923, 245.039; 31.2544, 244.906; 30.9423, 244.605; 30.4923, 244.171; 30.0423, 243.737; 29.8133, 243.517; 29.5923, 243.303; 29.1423, 242.869; 28.6923, 242.435; 28.3723, 242.127; 28.2423, 242.002; 29.5085, 240.705; 30.932, 239.285; 32.3605, 237.897; 33.8195, 236.514; 35.283, 235.161; 36.7749, 233.815; 38.2697, 232.496; 39.7925, 231.183; 41.3152, 229.898; 42.867, 228.616; 44.4137, 227.364; 45.992, 226.112; 47.5613, 224.89; 49.1594, 223.669; 50.7535, 222.473; 52.3681, 221.283; 53.9875, 220.109; 55.6153, 218.947; 57.2601, 217.793; 58.8981, 216.66; 60.5644, 215.525; 62.2154, 214.417; 63.8881, 213.309; 65.5652, 212.214; 67.2416, 211.133; 68.9445, 210.049; 70.6254, 208.992; 72.3287, 207.933; 74.0389, 206.883; 75.7406, 205.849; 77.4668, 204.811; 79.1811, 203.792; 80.9028, 202.778; 82.6479, 201.761; 84.3662, 200.768; 86.1043, 199.774; 87.8602, 198.778; 89.5975, 197.803; 91.3568, 196.827; 93.1053, 195.87; 94.8716, 194.918; 96.6379, 193.981; 98.4127, 193.055; 100.198, 192.14; 101.983, 191.244; 103.788, 190.357; 105.584, 189.494; 107.399, 188.641; 109.218, 187.807; 111.045, 186.992; 112.887, 186.193; 114.725, 185.418; 116.583, 184.658; 118.441, 183.922; 120.31, 183.207; 122.193, 182.512; 124.074, 181.844; 125.973, 181.195; 127.872, 180.572; 129.781, 179.973; 131.706, 179.398; 133.623, 178.852; 135.559, 178.329; 137.499, 177.833; 139.441, 177.366; 141.401, 176.924; 143.353, 176.512; 145.318, 176.128; 147.295, 175.771; 149.261, 175.446; 151.244, 175.148; 153.229, 174.88; 155.21, 174.643; 157.208, 174.435; 159.199, 174.257; 161.191, 174.111; 163.199, 173.993; 165.21, 173.911; 165.628, 173.901; 167.21, 173.882; 167.498, 173.882;