boundaryCurve{1} = [85.4, 99.422; 86.095, 97.645; 86.1341, 97.5552; 86.918, 95.921; 87.0083, 95.7497; 87.866, 94.262; 88.0202, 94.0176; 88.937, 92.684; 89.1696, 92.3737; 90.127, 91.198; 90.4521, 90.8322; 91.435, 89.819; 91.8673, 89.412; 92.856, 88.56; 93.4082, 88.1285; 94.39, 87.435; 95.0693, 87.0048; 96.03, 86.462; 96.8377, 86.0607; 97.763, 85.656; 98.6968, 85.3045; 99.563, 85.026; 100.622, 84.7487; 101.418, 84.583; 102.597, 84.4045; 103.304, 84.335; 104.598, 84.2838; 105.204, 84.293; 106.599, 84.398; 107.092, 84.464; 108.571, 84.759; 110.477, 85.3692; 112.293, 86.2191; 113.99, 87.2818; 115.556, 88.5322; 116.98, 89.9424; 118.259, 91.4859; 119.391, 93.1404; 120.374, 94.8878; 121.209, 96.7107; 121.895, 98.5948; 122.427, 100.528; 122.799, 102.498; 123.02, 104.49; 123.095, 106.493; 123.027, 108.496; 122.822, 110.49; 122.481, 112.466; 122.012, 114.414; 121.417, 116.329; 120.703, 118.203; 119.874, 120.029; 118.934, 121.8; 117.888, 123.509; 116.738, 125.15; 115.488, 126.719; 114.143, 128.206; 112.706, 129.604; 111.182, 130.907; 109.576, 132.105; 107.892, 133.194; 106.141, 134.17; 104.331, 135.033; 102.471, 135.781; 100.569, 136.415; 98.6329, 136.936; 96.6697, 137.343; 94.6859, 137.638; 92.6893, 137.821; 90.6842, 137.892; 88.6794, 137.854; 86.6807, 137.706; 84.6925, 137.449; 82.7197, 137.083; 80.7714, 136.609; 78.8524, 136.027; 76.9696, 135.337; 75.1301, 134.539; 73.3386, 133.638; 71.5999, 132.639; 69.9185, 131.546; 68.2979, 130.365; 66.7414, 129.1; 65.2521, 127.757; 63.8326, 126.34; 62.4847, 124.855; 61.2111, 123.306; 60.0142, 121.696; 58.8963, 120.031; 57.8589, 118.315; 56.9042, 116.551; 56.0334, 114.744; 55.2489, 112.898; 54.5539, 111.017; 53.9518, 109.104; 53.4435, 107.163; 53.0299, 105.201; 52.7084, 103.221; 52.4794, 101.231; 52.3403, 99.23; 52.2899, 97.2198; 52.3255, 95.2142; 52.447, 93.2148; 52.6546, 91.2211; 52.9471, 89.2343; 53.3232, 87.2627; 53.7825, 85.3114; 54.3148, 83.3791; 54.9235, 81.4674; 55.6092, 79.5793; 56.3687, 77.7232; 57.2018, 75.8991; 58.1073, 74.1097; 59.0845, 72.3566; 60.1293, 70.6426; 61.2373, 68.9725; 62.409, 67.3446; 63.6413, 65.7617; 64.9319, 64.2249; 66.2751, 62.7353; 67.6693, 61.2938; 69.1133, 59.9021; 70.6071, 58.56; 72.1435, 57.2699; 73.7215, 56.0314; 75.3394, 54.8466; 76.9965, 53.7145; 78.6908, 52.6361; 80.4168, 51.6151; 82.175, 50.6491; 83.9625, 49.7387; 85.7787, 48.8862; 87.6225, 48.095; 89.4914, 47.3658; 91.3837, 46.6992; 93.2999, 46.0949; 95.2343, 45.5532; 97.1831, 45.0748; 99.1447, 44.66; 101.118, 44.3088; 103.1, 44.0216; 105.091, 43.7986; 107.088, 43.6398; 109.091, 43.5455; 111.097, 43.5159; 113.104, 43.5513; 115.112, 43.6518; 117.111, 43.8201; 119.104, 44.0561; 121.087, 44.3596; 123.059, 44.7303; 125.016, 45.17; 126.957, 45.6796; 128.878, 46.2585; 130.777, 46.9068; 132.649, 47.6262; 134.493, 48.4165; 136.306, 49.2766; 138.084, 50.2063; 139.823, 51.2064; 141.52, 52.2757; 143.173, 53.413; ];
boundaryCurve{2} = [139.431, 54.512; 137.576, 53.7707; 135.701, 53.075; 133.807, 52.425; 131.896, 51.8213; 129.973, 51.2667; 128.037, 50.7612; 126.09, 50.305; 124.13, 49.8973; 122.162, 49.5391; 120.186, 49.231; 118.201, 48.9729; 116.209, 48.7667; 114.214, 48.6124; 112.216, 48.5107; 110.217, 48.4621; 108.216, 48.4669; 106.217, 48.5268; 104.219, 48.6418; 102.226, 48.8122; 100.238, 49.0399; 98.2579, 49.3252; 96.2867, 49.6679; 94.3264, 50.0685; 92.3797, 50.5288; 90.4481, 51.0486; 88.5328, 51.6275; 86.6373, 52.267; 84.7635, 52.9668; 82.913, 53.7264; 81.0878, 54.5472; 79.2928, 55.4317; 77.5298, 56.3781; 75.8005, 57.3856; 74.1071, 58.4512; 72.4513, 59.5731; 70.8344, 60.7502; 69.2577, 61.9817; 67.7233, 63.2652; 66.2329, 64.5989; 64.7876, 65.9817; 63.3894, 67.4127; 62.0412, 68.8903; 60.744, 70.4125; 59.4989, 71.9781; 58.3071, 73.5859; 57.1728, 75.2344; 56.0974, 76.9218; 55.0819, 78.6465; 54.1296, 80.4069; 53.2437, 82.2009; 52.425, 84.0268; 51.6749, 85.8826; 50.9984, 87.7659; 50.3971, 89.6741; 49.8718, 91.6051; 49.4243, 93.556; 49.0589, 95.5231; 48.7764, 97.5037; 48.5774, 99.4951; 48.4632, 101.492; 48.4357, 103.494; 48.4953, 105.494; 48.6447, 107.49; 48.8846, 109.477; 49.219, 111.45; 49.651, 113.405; 50.1751, 115.334; 50.8028, 117.234; 51.5329, 119.097; 52.3653, 120.916; 53.3023, 122.684; 54.3418, 124.395; 55.478, 126.04; 56.7071, 127.62; 58.0199, 129.13; 59.4104, 130.569; 60.872, 131.935; 62.4022, 133.227; 63.9913, 134.443; 65.6369, 135.581; 67.3339, 136.642; 69.0775, 137.623; 70.8661, 138.518; 72.6964, 139.327; 74.5621, 140.05; 76.4585, 140.684; 78.3825, 141.229; 80.3309, 141.683; 82.2993, 142.044; 84.2816, 142.31; 86.2749, 142.481; 88.2738, 142.554; 90.2738, 142.527; 92.2701, 142.4; 94.2565, 142.168; 96.2284, 141.831; 98.1782, 141.387; 100.1, 140.834; 101.988, 140.174; 103.833, 139.404; 105.63, 138.525; 107.366, 137.533; 109.036, 136.434; 110.636, 135.234; 112.16, 133.94; 113.605, 132.556; 114.966, 131.091; 116.237, 129.55; 117.416, 127.935; 118.499, 126.252; 119.478, 124.509; 120.348, 122.709; 121.106, 120.858; 121.744, 118.963; 122.257, 117.03; 122.639, 115.067; 122.882, 113.081; 122.985, 111.083; 122.94, 109.083; 122.746, 107.093; 122.601, 106.159; 122.399, 105.121; 122.201, 104.274; 121.896, 103.184; 121.65, 102.429; 121.227, 101.3; 120.95, 100.642; 120.39, 99.4814; 120.092, 98.934; 119.374, 97.7607; 119.075, 97.325; 118.176, 96.1594; 117.895, 95.834; 116.799, 94.7096; 116.55, 94.482; 115.253, 93.444; 113.559, 92.3825; 111.75, 91.5319; 109.857, 90.8909; 107.905, 90.4567; 105.919, 90.2237; 103.919, 90.1886; 101.927, 90.3458; 99.957, 90.6938; 98.0312, 91.2318; 96.1651, 91.9511; 94.3688, 92.8312; 92.6527, 93.8569; 91.0215, 95.0163; 89.4809, 96.2928; 88.0346, 97.674; 86.6833, 99.1501; 85.4284, 100.709; 84.2696, 102.342; 83.212, 104.039; ];
