boundaryCurve{1} = [72.926, 32.425; 72.4773, 34.4118; 72.0606, 36.4057; 71.6758, 38.4068; 71.3233, 40.4135; 71.003, 42.425; 70.7137, 44.4411; 70.4569, 46.4617; 70.2343, 48.4868; 70.0443, 50.5158; 69.8839, 52.5466; 69.7529, 54.579; 69.6565, 56.6148; 69.5914, 58.6506; 69.5574, 60.6867; 69.5553, 62.7236; 69.5851, 64.7605; 69.6466, 66.7969; 69.7391, 68.8317; 69.8632, 70.8652; 70.0185, 72.8966; 70.2048, 74.9251; 70.422, 76.9507; 70.6703, 78.972; 70.9497, 80.9898; 71.2604, 83.0041; 71.6021, 85.0128; 71.9747, 87.0152; 72.3776, 89.0114; 72.8112, 91.0015; 73.2763, 92.9852; 73.7725, 94.9618; 74.2989, 96.9297; 74.8554, 98.8889; 75.4425, 100.839; 76.0602, 102.781; 76.7086, 104.712; 77.3871, 106.633; 78.0954, 108.543; 78.8344, 110.441; 79.6038, 112.327; 80.4029, 114.201; 81.2316, 116.062; 82.0906, 117.909; 82.98, 119.742; ];
boundaryCurve{2} = [67.641, 32.582; 67.5141, 34.6207; 67.4098, 36.6612; 67.3281, 38.7034; 67.2694, 40.7458; 67.2338, 42.7882; 67.2214, 44.8314; 67.2322, 46.8744; 67.266, 48.9172; 67.3223, 50.9594; 67.4009, 53.0011; 67.5029, 55.0412; 67.6274, 57.0804; 67.7742, 59.1191; 67.9439, 61.1557; 68.1367, 63.1893; 68.3521, 65.219; 68.5896, 67.2478; 68.8498, 69.2766; 69.1323, 71.3024; 69.4371, 73.3217; 69.7645, 75.3372; 70.1142, 77.3503; 70.4859, 79.3589; 70.8797, 81.3629; 71.296, 83.3632; 71.7348, 85.3595; 72.1948, 87.3502; 72.6755, 89.3358; 73.178, 91.3157; 73.7047, 93.2896; 74.2549, 95.2578; 74.8251, 97.2197; 75.418, 99.1749; 76.033, 101.123; 76.6691, 103.065; 77.3265, 104.999; 78.0062, 106.926; 78.707, 108.845; 79.4289, 110.756; 80.1732, 112.659; 80.94, 114.553; ];
boundaryCurve{3} = [60.952, 35.839; 61.1305, 37.8456; 61.3294, 39.8505; 61.5485, 41.8535; 61.7877, 43.854; 62.0469, 45.8519; 62.3261, 47.8469; 62.6251, 49.8393; 62.9438, 51.829; 63.2824, 53.8152; 63.6411, 55.7976; 64.0205, 57.7771; 64.4191, 59.7524; 64.8354, 61.7226; 65.2713, 63.6882; 65.7298, 65.6501; 66.2091, 67.6083; 66.7038, 69.5617; 67.2182, 71.5093; 67.7522, 73.4514; 68.3052, 75.3886; 68.8771, 77.3209; 69.4684, 79.2471; 70.0784, 81.1672; 70.707, 83.0811; 71.3548, 84.9887; 72.0221, 86.8898; 72.708, 88.7844; 73.4123, 90.6719; 74.1352, 92.5527; 74.8772, 94.4266; 75.6378, 96.2918; 76.4164, 98.1493; 77.2135, 99.9995; 78.0298, 101.842; 78.8644, 103.676; 79.7161, 105.501; 80.5856, 107.319; 81.4743, 109.127; 82.3808, 110.926; 83.305, 112.716; 84.2473, 114.497; 85.208, 116.268; ];
boundaryCurve{4} = [57.534, 42.379; 57.7456, 44.4139; 57.9856, 46.4457; 58.2544, 48.4739; 58.5527, 50.4979; 58.8799, 52.5171; 59.2358, 54.5316; 59.6213, 56.542; 60.0349, 58.5464; 60.4759, 60.5429; 60.9465, 62.5339; 61.4464, 64.5177; 61.9743, 66.4945; 62.5272, 68.4643; 63.1071, 70.4262; 63.7156, 72.3794; 64.3513, 74.3241; 65.013, 76.26; 65.7004, 78.1871; 66.4167, 80.1024; 67.1602, 82.0091; 67.9311, 83.9065; 68.7282, 85.7903; 69.551, 87.6621; 70.4005, 89.5233; 71.2771, 91.3718; 72.1791, 93.2082; 73.1056, 95.0322; 74.0593, 96.8423; 75.0379, 98.6389; 76.0417, 100.422; 77.0711, 102.19; 78.1261, 103.942; 79.2059, 105.68; 80.3101, 107.403; 81.4388, 109.109; 82.592, 110.799; ];
boundaryCurve{5} = [72.788, 42.2; 72.5216, 44.2295; 72.2841, 46.2629; 72.0754, 48.3; 71.8964, 50.3394; 71.7471, 52.3808; 71.6262, 54.4243; 71.5342, 56.4694; 71.471, 58.5158; 71.4366, 60.5627; 71.431, 62.6098; 71.4547, 64.6567; 71.5065, 66.7033; 71.5866, 68.7493; 71.6957, 70.7935; 71.8339, 72.8359; 72, 74.8749; 72.1945, 76.9133; 72.4175, 78.9509; 72.6685, 80.9834; 72.9473, 83.0092; 73.2552, 85.0337; 73.5903, 87.053; 73.9529, 89.067; 74.3452, 91.0759; 74.7675, 93.0799; 75.2144, 95.0771; 75.6898, 97.0685; 76.1938, 99.055; 76.7245, 101.033; 77.2811, 103; 77.867, 104.962; 78.4804, 106.915; 79.1213, 108.859; 79.7895, 110.794; 80.4853, 112.72; 81.2081, 114.635; 81.9587, 116.54; 82.7368, 118.434; 83.5413, 120.316; 84.372, 122.187; ];
boundaryCurve{6} = [76.167, 47.653; 75.9985, 49.6767; 75.8572, 51.7027; 75.7433, 53.7309; 75.6569, 55.76; 75.5981, 57.7898; 75.5657, 59.8206; 75.5602, 61.8514; 75.5816, 63.8822; 75.6296, 65.9125; 75.7044, 67.9422; 75.8061, 69.9706; 75.9341, 71.9974; 76.0886, 74.0224; 76.27, 76.0452; 76.4782, 78.0652; 76.7129, 80.0822; 76.9738, 82.0968; 77.2609, 84.1081; 77.5744, 86.1144; 77.9141, 88.1164; 78.28, 90.1141; 78.6721, 92.1067; 79.0902, 94.094; 79.5338, 96.0759; 80.0034, 98.0517; 80.499, 100.021; 81.0201, 101.985; 81.5673, 103.941; 82.1407, 105.889; 82.7392, 107.829; 83.3632, 109.762; 84.0131, 111.686; 84.6884, 113.602; 85.389, 115.508; 86.1151, 117.405; 86.8666, 119.291; 87.643, 121.167; 88.4444, 123.032; 89.271, 124.889; ];
boundaryCurve{7} = [73.615, 55.477; 73.5413, 57.4794; 73.4981, 59.4831; 73.4857, 61.4873; 73.5052, 63.4911; 73.5562, 65.4949; 73.6374, 67.4974; 73.749, 69.4966; 73.8905, 71.4938; 74.062, 73.4934; 74.2655, 75.4877; 74.499, 77.4776; 74.7623, 79.4635; 75.0548, 81.4461; 75.377, 83.4249; 75.729, 85.3977; 76.1102, 87.3646; 76.5214, 89.3255; 76.963, 91.281; 77.4336, 93.231; 77.9334, 95.1704; 78.4623, 97.1008; 79.0201, 99.0259; 79.6068, 100.944; 80.2222, 102.851; 80.8664, 104.749; 81.5394, 106.637; 82.2407, 108.513; 82.9711, 110.38; 83.729, 112.235; 84.515, 114.078; 85.3297, 115.909; 86.1727, 117.727; 87.0431, 119.532; 87.9412, 121.324; 88.8668, 123.102; 89.82, 124.864; ];
boundaryCurve{8} = [67.592, 151.9; 69.4497, 151.085; 71.2751, 150.204; 73.0685, 149.259; 74.8275, 148.251; 76.5504, 147.182; 78.2357, 146.056; 79.8836, 144.873; 81.492, 143.638; 83.0579, 142.352; 84.5858, 141.017; 86.07, 139.636; 87.5112, 138.209; 88.9064, 136.741; 90.2622, 135.231; 91.5724, 133.684; 92.8376, 132.099; 94.058, 130.479; 95.2321, 128.826; 96.36, 127.141; 97.4402, 125.425; 98.4739, 123.681; 99.4618, 121.907; 100.4, 120.112; 101.29, 118.291; 102.135, 116.447; 102.935, 114.584; 103.687, 112.701; 104.396, 110.801; 105.061, 108.885; 105.682, 106.956; 106.261, 105.012; 106.797, 103.057; 107.292, 101.09; 107.747, 99.1139; 108.161, 97.1289; 108.537, 95.1361; 108.874, 93.1365; 109.173, 91.131; 109.436, 89.1205; 109.663, 87.1048; 109.855, 85.0867; 110.012, 83.065; 110.136, 81.0408; 110.226, 79.0146; 110.283, 76.988; ];
boundaryCurve{9} = [69.852, 155.852; 71.5422, 154.709; 73.194, 153.511; 74.8064, 152.262; 76.3781, 150.962; 77.9087, 149.614; 79.3978, 148.221; 80.8465, 146.782; 82.252, 145.304; 83.615, 143.786; 84.9358, 142.232; 86.2141, 140.641; 87.4496, 139.018; 88.642, 137.363; 89.7929, 135.679; 90.901, 133.965; 91.9661, 132.225; 92.989, 130.461; 93.9708, 128.671; 94.9094, 126.86; 95.807, 125.028; 96.6625, 123.175; 97.4759, 121.304; 98.2489, 119.417; 98.9829, 117.513; 99.6791, 115.596; 100.338, 113.664; 100.959, 111.721; 101.544, 109.767; 102.094, 107.802; 102.61, 105.828; 103.092, 103.846; 103.541, 101.856; 103.96, 99.8596; 104.348, 97.856; 104.707, 95.8477; 105.038, 93.8345; 105.341, 91.8174; 105.618, 89.7956; 105.87, 87.771; 106.096, 85.7433; 106.299, 83.7135; 106.48, 81.6803; 106.639, 79.647; ];
boundaryCurve{10} = [72.539, 145.616; 74.1861, 144.409; 75.8103, 143.173; 77.4124, 141.907; 78.9919, 140.614; 80.5474, 139.292; 82.0781, 137.942; 83.5847, 136.564; 85.0659, 135.159; 86.5214, 133.728; 87.9513, 132.271; 89.3554, 130.789; 90.7334, 129.282; 92.0844, 127.752; 93.4081, 126.198; 94.7038, 124.62; 95.9719, 123.02; 97.2118, 121.398; 98.4233, 119.755; 99.6054, 118.091; 100.758, 116.406; 101.881, 114.7; 102.974, 112.976; 104.038, 111.233; 105.07, 109.472; 106.067, 107.692; 107.034, 105.894; 107.973, 104.081; 108.877, 102.251; 109.748, 100.404; 110.587, 98.5422; 111.391, 96.666; 112.161, 94.7763; 112.897, 92.8724; 113.598, 90.9543; 114.264, 89.0244; 114.895, 87.083; ];
