boundaryCurve{1} = [61.291, 51.744; 61.8732, 53.6782; 61.891, 53.737; 62.4798, 55.604; 62.519, 55.723; 63.11, 57.5234; 63.17, 57.702; 63.7631, 59.4346; 63.846, 59.672; 64.4392, 61.338; 64.546, 61.633; 65.1369, 63.2329; 65.27, 63.586; 65.8574, 65.1204; 66.017, 65.53; 66.5994, 66.9982; 66.788, 67.465; 67.3669, 68.8665; 67.588, 69.39; 68.1576, 70.726; 68.406, 71.306; 68.9638, 72.5775; 69.247, 73.211; 69.7931, 74.4175; 70.11, 75.111; 70.6434, 76.2511; 70.997, 76.995; 71.5165, 78.0718; 71.907, 78.869; 72.4107, 79.883; 72.839, 80.732; 73.3262, 81.684; 73.793, 82.583; 74.2622, 83.4733; 74.77, 84.423; 75.2197, 85.2518; 75.77, 86.25; 76.196, 87.0188; 76.791, 88.066; 77.1999, 88.7742; 77.833, 89.866; 78.2166, 90.5181; 78.898, 91.656; 79.2574, 92.2478; 79.984, 93.434; 80.3162, 93.9682; 81.091, 95.198; 81.3959, 95.6755; 82.22, 96.948; 82.4962, 97.3688; 83.37, 98.685; 83.6157, 99.0506; 84.541, 100.407; 84.7555, 100.718; 85.732, 102.115; 85.9137, 102.372; 86.945, 103.809; 87.0928, 104.012; 88.178, 105.487; 88.2906, 105.638; 89.432, 107.15; 89.5081, 107.25; 90.705, 108.798; 90.7438, 108.847; 92, 110.429; ];
boundaryCurve{2} = [97.487, 110.7; 96.1817, 109.152; 94.8964, 107.588; 93.6265, 106.01; 92.3758, 104.417; 91.1441, 102.81; 89.9312, 101.189; 88.7372, 99.5532; 87.5679, 97.9011; 86.4182, 96.2337; 85.2907, 94.5527; 84.1853, 92.857; 83.1008, 91.144; 82.0405, 89.4204; 81.0033, 87.681; 79.99, 85.928; 79.0013, 84.1605; 78.0374, 82.3798; 77.0991, 80.5856; 76.1866, 78.7782; 75.3005, 76.9574; 74.4414, 75.1244; 73.6084, 73.2784; 72.8043, 71.4207; 72.0259, 69.5514; 71.2764, 67.6696; 70.5569, 65.7774; 69.8639, 63.8745; 69.1994, 61.9615; 68.563, 60.0388; 67.9562, 58.1075; 67.3799, 56.1671; 66.8306, 54.2175; 66.3089, 52.2621; 65.8229, 50.2962; 65.512, 49; 65.7764, 49.6416; 66.5596, 51.5081; 67.3575, 53.3694; 68.1685, 55.2251; 68.9972, 57.0726; 69.8368, 58.915; 70.6864, 60.7529; 71.5486, 62.587; 72.4239, 64.4097; 73.3086, 66.2328; 74.2058, 68.0486; 75.1102, 69.8603; 76.0257, 71.6659; 76.9505, 73.4675; 77.8824, 75.2652; 78.8165, 77.0617; 79.7637, 78.8518; 80.7172, 80.638; 81.678, 82.4204; 82.6442, 84.2007; 83.615, 85.9777; 84.5921, 87.7515; 85.5716, 89.5222; 86.5546, 91.2961; 87.5391, 93.0631; 88.5287, 94.8301; 89.5208, 96.5952; 90.5175, 98.3573; 91.5168, 100.119; 92.5141, 101.882; 93.5102, 103.644; 94.5064, 105.407; 95.5013, 107.17; 96.4953, 108.935; ];
boundaryCurve{3} = [69.279, 48.552; 69.8824, 50.5174; 70.5114, 52.4745; 71.1667, 54.4233; 71.8481, 56.3629; 72.5558, 58.293; 73.2893, 60.2142; 74.0478, 62.1248; 74.8332, 64.0246; 75.6423, 65.9135; 76.4757, 67.7951; 77.3332, 69.6629; 78.217, 71.5178; 79.1299, 73.3609; 80.0621, 75.1938; 81.0187, 77.0134; 81.9985, 78.8206; 83.0001, 80.6161; 84.0271, 82.3971; 85.0778, 84.1644; 86.1514, 85.9175; 87.2482, 87.6563; 88.3687, 89.3796; 89.5146, 91.0883; 90.6773, 92.7826; 91.8617, 94.4635; 93.0661, 96.1284; 94.3005, 97.7751; 95.5518, 99.4051; 96.8254, 101.018; 98.1217, 102.614; 99.4382, 104.193; 100.776, 105.754; 102.134, 107.298; 103.514, 108.822; ];
boundaryCurve{4} = [115.581, 50.739; 115.307, 52.7205; 115.012, 54.6987; 114.69, 56.6731; 114.345, 58.6434; 113.975, 60.61; 113.591, 62.5724; 113.182, 64.5305; 112.75, 66.4848; 112.297, 68.4319; 111.822, 70.375; 111.326, 72.3126; 110.808, 74.2451; 110.269, 76.1712; 109.708, 78.091; 109.126, 80.0054; 108.524, 81.9124; 107.898, 83.8124; 107.253, 85.7057; 106.586, 87.5924; 105.9, 89.4708; 105.194, 91.3417; 104.463, 93.2049; 103.715, 95.0596; 102.947, 96.9067; 102.157, 98.7442; 101.348, 100.573; 100.516, 102.392; 99.6632, 104.202; 98.7972, 106.005; 97.9076, 107.797; 96.9984, 109.579; 96.0699, 111.35; 95.1213, 113.111; 94.1529, 114.862; 93.1652, 116.602; 92.1588, 118.33; 91.1332, 120.047; 90.0887, 121.753; 89.0241, 123.447; 87.9413, 125.129; 86.8402, 126.797; 85.715, 128.454; 84.5775, 130.099; 83.4206, 131.73; 82.2457, 133.349; 81.051, 134.953; ];
boundaryCurve{5} = [126.3, 49.75; 125.818, 51.7194; 125.319, 53.6839; 124.806, 55.6449; 124.278, 57.6024; 123.734, 59.5553; 123.175, 61.5037; 122.602, 63.4483; 122.013, 65.3881; 121.41, 67.3238; 120.792, 69.2548; 120.159, 71.1803; 119.511, 73.1009; 118.848, 75.0173; 118.171, 76.9281; 117.479, 78.8334; 116.773, 80.7337; 116.053, 82.6285; 115.317, 84.5178; 114.567, 86.4015; 113.804, 88.2792; 113.026, 90.151; 112.234, 92.0172; 111.427, 93.877; 110.606, 95.7309; 109.772, 97.5783; 108.923, 99.419; 108.061, 101.254; 107.185, 103.083; 106.297, 104.905; 105.393, 106.72; 104.476, 108.527; 103.545, 110.327; 102.599, 112.121; 101.641, 113.907; 100.669, 115.685; 99.6821, 117.457; 98.6834, 119.221; 97.6698, 120.977; 96.6425, 122.726; 95.6048, 124.466; 94.5521, 126.199; 93.4872, 127.923; 92.4089, 129.64; 91.3167, 131.348; 90.212, 133.048; 89.0948, 134.739; 87.9637, 136.422; 86.8202, 138.095; 85.6647, 139.762; 84.497, 141.418; 83.3154, 143.066; 82.121, 144.703; 80.9145, 146.334; 79.6953, 147.953; 78.4622, 149.563; 77.2167, 151.162; 75.9601, 152.75; 74.691, 154.333; ];
boundaryCurve{6} = [113.765, 53.385; 113.245, 55.3322; 112.71, 57.2759; 112.163, 59.2157; 111.604, 61.1525; 111.033, 63.0845; 110.448, 65.0129; 109.849, 66.9385; 109.239, 68.8591; 108.616, 70.7754; 107.98, 72.6881; 107.331, 74.5963; 106.671, 76.5013; 106, 78.4012; 105.314, 80.2965; 104.615, 82.1874; 103.905, 84.0735; 103.182, 85.9548; 102.446, 87.831; 101.698, 89.7026; 100.939, 91.5697; 100.166, 93.4312; 99.3809, 95.2871; 98.5852, 97.1384; 97.7763, 98.9841; 96.9549, 100.828; 96.1199, 102.66; 95.2753, 104.491; 94.418, 106.314; 93.5497, 108.133; 92.6689, 109.946; 91.7769, 111.754; 90.8725, 113.555; 89.9558, 115.35; 89.0304, 117.14; 88.0932, 118.924; 87.1399, 120.701; 86.177, 122.471; 85.2027, 124.235; 84.2137, 125.992; 83.2166, 127.743; 82.2068, 129.488; 81.1864, 131.226; 80.1553, 132.957; 79.1115, 134.682; 78.0561, 136.399; 76.9905, 138.11; 75.9129, 139.813; 74.8237, 141.508; 73.7228, 143.197; 72.6109, 144.878; 71.4918, 146.553; 70.357, 148.22; ];
boundaryCurve{7} = [113.805, 64.989; 113.094, 66.8893; 112.38, 68.7876; 111.652, 70.6821; 110.92, 72.5745; 110.182, 74.4639; 109.436, 76.3507; 108.683, 78.2348; 107.924, 80.1163; 107.158, 81.9954; 106.384, 83.8702; 105.603, 85.7423; 104.816, 87.6129; 104.022, 89.4796; 103.221, 91.3441; 102.414, 93.2055; 101.6, 95.0639; 100.78, 96.9191; 99.9516, 98.7708; 99.1162, 100.62; 98.2764, 102.468; 97.429, 104.311; 96.5763, 106.151; 95.7168, 107.99; 94.8491, 109.823; 93.975, 111.654; 93.0935, 113.482; 92.207, 115.306; 91.3126, 117.127; 90.4118, 118.945; 89.5037, 120.76; 88.5899, 122.571; 87.6679, 124.379; 86.7419, 126.183; 85.8075, 127.984; 84.8671, 129.782; 83.9204, 131.577; 82.9667, 133.367; 82.0065, 135.155; 81.04, 136.939; 80.0676, 138.719; 79.0872, 140.496; 78.101, 142.269; 77.1067, 144.038; 76.1103, 145.803; 75.104, 147.566; ];
boundaryCurve{8} = [119.583, 53.3; 119.047, 55.2412; 118.5, 57.178; 117.941, 59.1118; 117.371, 61.0431; 116.79, 62.9707; 116.196, 64.8945; 115.592, 66.815; 114.976, 68.7319; 114.349, 70.6448; 113.71, 72.5538; 113.06, 74.4607; 112.398, 76.3625; 111.726, 78.2574; 111.042, 80.1514; 110.346, 82.0413; 109.64, 83.927; 108.923, 85.8085; 108.194, 87.684; 107.454, 89.5556; 106.703, 91.4259; 105.941, 93.2893; 105.168, 95.1476; 104.384, 97.002; 103.588, 98.8516; 102.783, 100.697; 101.966, 102.536; 101.137, 104.372; 100.297, 106.201; 99.4459, 108.026; 98.586, 109.846; 97.7156, 111.661; 96.8334, 113.471; 95.9409, 115.276; 95.0359, 117.074; 94.1217, 118.868; 93.1984, 120.658; 92.264, 122.441; 91.3196, 124.218; 90.3628, 125.99; 89.3972, 127.756; 88.4204, 129.517; 87.433, 131.272; 86.4359, 133.021; 85.4268, 134.763; 84.4059, 136.497; 83.378, 138.229; 82.3407, 139.955; 81.2924, 141.674; 80.2338, 143.386; 79.1646, 145.092; 78.0854, 146.792; 76.9963, 148.485; 75.8965, 150.172; 74.7871, 151.852; 73.6675, 153.525; 72.5379, 155.19; 71.4, 156.852; ];
