boundaryCurve{1} = [51.292, 154.685; 51.68, 152.713; 52.0876, 150.746; 52.5147, 148.783; 52.9613, 146.825; 53.4275, 144.871; 53.9133, 142.922; 54.4186, 140.978; 54.9434, 139.038; 55.4878, 137.103; 56.0516, 135.172; 56.6338, 133.248; 57.2343, 131.33; 57.8531, 129.418; 58.4902, 127.513; 59.1456, 125.615; 59.8194, 123.723; 60.5114, 121.837; 61.2217, 119.958; 61.9503, 118.086; 62.6966, 116.221; 63.4607, 114.364; 64.2425, 112.514; 65.0421, 110.672; 65.8594, 108.837; 66.6945, 107.01; 67.5473, 105.19; 68.4179, 103.378; 69.3062, 101.573; 70.2116, 99.7767; 71.1335, 97.9897; 72.0717, 96.2124; 73.0263, 94.4445; 73.9974, 92.6861; 74.9848, 90.9372; 75.9886, 89.1978; 77.0089, 87.468; 78.0455, 85.7476; 79.0988, 84.0369; 80.1683, 82.3365; 81.2537, 80.6465; 82.355, 78.967; 83.4721, 77.2979; 84.605, 75.6393; 85.7539, 73.9911; 86.9185, 72.3533; 88.0991, 70.726; 89.2955, 69.1091; 90.5071, 67.5036; 91.7335, 65.9106; 92.9746, 64.33; 94.2303, 62.7618; 95.5007, 61.206; 96.7858, 59.6627; 98.0855, 58.1318; 99.4, 56.6133; 100.729, 55.1072; 102.073, 53.6138; 103.431, 52.1337; 104.803, 50.667; 106.189, 49.2137; 107.589, 47.7738; 109.004, 46.3474; 110.432, 44.9343; 111.874, 43.5347; 113.331, 42.1484; 114.801, 40.7759; 116.284, 39.4185; 117.78, 38.0765; 119.289, 36.7499; 120.811, 35.4388; 122.345, 34.143; 123.893, 32.8626; 125.453, 31.5977; 127.026, 30.3481; 128.612, 29.114; ];
boundaryCurve{2} = [55.984, 153.9; 56.2855, 151.904; 56.606, 149.911; 56.9456, 147.922; 57.3041, 145.936; 57.6817, 143.954; 58.0784, 141.974; 58.494, 139.999; 58.9287, 138.026; 59.3823, 136.058; 59.8545, 134.095; 60.3453, 132.137; 60.8548, 130.184; 61.3829, 128.237; 61.9296, 126.294; 62.495, 124.357; 63.079, 122.424; 63.6801, 120.498; 64.2988, 118.577; 64.9354, 116.662; 65.5901, 114.753; 66.2626, 112.85; 66.9532, 110.953; 67.6617, 109.063; 68.3882, 107.178; 69.1322, 105.3; 69.8933, 103.43; 70.6715, 101.568; 71.4668, 99.7131; 72.2793, 97.8657; 73.1089, 96.0259; 73.9557, 94.1937; 74.8195, 92.3689; 75.7002, 90.5521; 76.5972, 88.744; 77.5108, 86.9445; 78.4409, 85.1536; 79.3876, 83.3713; 80.3508, 81.5976; 81.3306, 79.8325; 82.3269, 78.076; 83.3397, 76.3282; 84.3686, 74.5904; 85.4135, 72.863; 86.4744, 71.1459; 87.5513, 69.4391; 88.6442, 67.7427; 89.7531, 66.0566; 90.878, 64.3808; 92.0186, 62.7152; 93.1742, 61.0603; 94.3451, 59.4165; 95.5314, 57.784; 96.733, 56.1627; 97.9499, 54.5526; 99.1822, 52.9537; 100.43, 51.366; 101.693, 49.7896; 102.97, 48.2257; 104.263, 46.6748; 105.57, 45.1369; 106.891, 43.6118; 108.228, 42.0997; 109.579, 40.6005; 110.945, 39.1143; 112.325, 37.641; ];
boundaryCurve{3} = [60.055, 152.717; 60.2, 150.701; 60.374, 148.689; 60.577, 146.679; 60.809, 144.673; 61.0698, 142.67; 61.3588, 140.671; 61.676, 138.676; 62.0213, 136.686; 62.3937, 134.701; 62.7924, 132.721; 63.2175, 130.746; 63.6692, 128.777; 64.1472, 126.814; 64.6503, 124.858; 65.1785, 122.908; 65.7318, 120.965; 66.3099, 119.029; 66.9112, 117.102; 67.5368, 115.181; 68.1864, 113.268; 68.8602, 111.363; 69.5562, 109.467; 70.2741, 107.579; 71.014, 105.699; 71.7758, 103.827; 72.562, 101.967; 73.3692, 100.115; 74.1968, 98.2726; 75.045, 96.4387; 75.9136, 94.6136; 76.8025, 92.7991; 77.7113, 90.9952; 78.6403, 89.2021; 79.5891, 87.4187; 80.5568, 85.6452; 81.5432, 83.8825; 82.5484, 82.1304; 83.5723, 80.389; 84.6139, 78.6581; 85.673, 76.938; 86.7494, 75.2286; 87.843, 73.5298; 88.9522, 71.8416; 90.0773, 70.1639; 91.218, 68.4966; 92.3746, 66.8399; 93.546, 65.1945; 94.7324, 63.5596; 95.9337, 61.9355; 97.15, 60.3219; 98.3799, 58.7195; 99.6233, 57.1277; 100.88, 55.5464; 102.151, 53.9753; 103.435, 52.4151; 104.731, 50.8657; 106.04, 49.3267; 107.361, 47.7982; 108.695, 46.2802; 110.04, 44.7726; 111.396, 43.2751; 112.763, 41.7878; 114.14, 40.3104; 115.529, 38.8428; 116.928, 37.3857; 118.338, 35.9391; 119.759, 34.503; ];
boundaryCurve{4} = [48.4, 149.822; 49.0365, 147.923; 49.6914, 146.031; 50.3647, 144.145; 51.0564, 142.267; 51.7665, 140.395; 52.4949, 138.53; 53.2417, 136.671; 54.0069, 134.82; 54.7905, 132.975; 55.5918, 131.137; 56.4102, 129.308; 57.2457, 127.488; 58.0982, 125.676; 58.9678, 123.873; 59.8545, 122.078; 60.7582, 120.292; 61.679, 118.514; 62.6169, 116.745; 63.5714, 114.985; 64.5423, 113.234; 65.5296, 111.492; 66.5333, 109.76; 67.5535, 108.037; 68.59, 106.324; 69.6429, 104.62; 70.7123, 102.925; 71.7979, 101.24; 72.8988, 99.5651; 74.0148, 97.9014; 75.1459, 96.2486; 76.292, 94.6068; 77.4532, 92.9759; 78.6294, 91.3559; 79.8207, 89.7469; 81.027, 88.1489; 82.2486, 86.562; 83.4852, 84.9871; 84.7362, 83.424; 86.0017, 81.8728; 87.2817, 80.3334; 88.5762, 78.8059; 89.8852, 77.2902; 91.2087, 75.7864; 92.5467, 74.2944; 93.8991, 72.8144; 95.2649, 71.3477; 96.6438, 69.8944; 98.0359, 68.4547; 99.4412, 67.0284; 100.86, 65.6157; 102.291, 64.2165; 103.736, 62.8308; 105.194, 61.4586; 106.665, 60.1002; 108.149, 58.7561; 109.645, 57.4263; 111.154, 56.1108; 112.676, 54.8096; 114.21, 53.5227; 115.757, 52.2501; 117.316, 50.9918; 118.887, 49.7478; 120.471, 48.5188; 122.066, 47.306; 123.672, 46.1093; 125.289, 44.9287; 126.917, 43.7641; 128.557, 42.6157; 130.208, 41.4834; 131.87, 40.3671; 133.544, 39.267; ];
boundaryCurve{5} = [63.043, 142.522; 63.333, 140.523; 63.647, 138.527; 63.9847, 136.536; 64.3464, 134.55; 64.7319, 132.567; 65.1412, 130.589; 65.5745, 128.614; 66.031, 126.645; 66.5104, 124.683; 67.0128, 122.727; 67.538, 120.777; 68.0861, 118.833; 68.6571, 116.896; 69.2509, 114.965; 69.8669, 113.041; 70.5051, 111.126; 71.1656, 109.217; 71.8482, 107.317; 72.5531, 105.423; 73.2802, 103.538; 74.0294, 101.66; 74.7999, 99.7911; 75.5915, 97.9324; 76.4044, 96.0835; 77.2385, 94.2443; 78.0937, 92.415; 78.9702, 90.5954; 79.8674, 88.7859; 80.7849, 86.9872; 81.7231, 85.1993; 82.682, 83.4222; 83.6616, 81.6558; 84.6618, 79.9001; 85.6827, 78.1551; 86.7243, 76.4209; 87.7855, 74.6997; 88.8658, 72.992; 89.9654, 71.2977; 91.0842, 69.617; 92.2222, 67.9498; 93.3795, 66.296; 94.5569, 64.6554; 95.7536, 63.0287; 96.9691, 61.4163; 98.2035, 59.818; 99.4568, 58.234; 100.729, 56.6642; 102.02, 55.1087; 103.329, 53.5684; 104.657, 52.0448; 106.002, 50.5377; 107.364, 49.0474; 108.745, 47.5736; 110.143, 46.1165; 111.559, 44.676; ];
boundaryCurve{6} = [58.906, 145.828; 59.1298, 143.838; 59.3959, 141.856; 59.7043, 139.882; 60.0549, 137.915; 60.447, 135.953; 60.8791, 134.001; 61.3512, 132.058; 61.8622, 130.125; 62.4088, 128.203; 62.9929, 126.291; 63.6146, 124.39; 64.2728, 122.501; 64.9631, 120.625; 65.6855, 118.76; 66.4399, 116.907; 67.2254, 115.068; 68.041, 113.244; 68.8872, 111.432; 69.764, 109.633; 70.6693, 107.848; 71.6006, 106.079; 72.558, 104.323; 73.5416, 102.581; 74.5508, 100.854; 75.5842, 99.1421; 76.6416, 97.4448; 77.723, 95.7623; 78.8289, 94.0922; 79.9552, 92.4382; 81.1015, 90.8007; 82.2679, 89.1796; 83.4568, 87.5688; 84.6633, 85.9731; 85.8875, 84.3925; 87.1294, 82.8269; 88.3888, 81.2742; 89.6649, 79.7345; 90.9575, 78.2077; 92.2658, 76.6941; 93.5868, 75.1932; 94.922, 73.7042; 96.2715, 72.2274; 97.6345, 70.7629; 99.0085, 69.3099; 100.394, 67.8672; 101.79, 66.4347; 103.197, 65.0132; 104.613, 63.6017; 106.039, 62.1992; 107.475, 60.8058; 108.92, 59.4219; 110.372, 58.0459; 111.83, 56.6774; 113.296, 55.3164; 114.769, 53.9623; 116.247, 52.6147; 117.731, 51.2735; 119.22, 49.9389; 120.716, 48.609; 122.214, 47.2837; 123.716, 45.963; 125.221, 44.647; ];
