boundaryCurve{1} = [38.2, 152.061; 38.8219, 150.138; 39.4652, 148.223; 40.1299, 146.316; 40.8156, 144.415; 41.5216, 142.523; 42.2479, 140.638; 42.995, 138.761; 43.7629, 136.892; 44.551, 135.032; 45.3579, 133.18; 46.1835, 131.336; 47.0308, 129.502; 47.898, 127.678; 48.785, 125.863; 49.6912, 124.057; 50.6161, 122.261; 51.5606, 120.475; 52.5241, 118.7; 53.5056, 116.934; 54.5054, 115.178; 55.5237, 113.434; 56.5605, 111.7; 57.616, 109.977; 58.6887, 108.266; 59.7787, 106.564; 60.8866, 104.875; 62.0125, 103.198; 63.1559, 101.532; 64.316, 99.8782; 65.493, 98.2364; 66.6869, 96.6071; 67.8976, 94.99; 69.1253, 93.3851; 70.3701, 91.7913; 71.6299, 90.2125; 72.9049, 88.6487; 74.1962, 87.0972; 75.5044, 85.5565; 76.8281, 84.0284; 78.1673, 82.5159; 79.5234, 81.0185; 80.8958, 79.5349; 82.2808, 78.064; 83.678, 76.6061; 85.0921, 75.1638; 86.5214, 73.736; 87.9657, 72.3228; 89.4239, 70.9241; 90.8954, 69.5403; 92.3814, 68.172; 93.8822, 66.8195; 95.3964, 65.4824; 96.9239, 64.1609; 98.4647, 62.8546; 100.019, 61.5633; 101.586, 60.289; 103.167, 59.0307; 104.761, 57.7888; 106.367, 56.5634; 107.985, 55.3544; 109.616, 54.1621; 111.259, 52.9869; 112.914, 51.8287; 114.582, 50.6878; 116.261, 49.5644; 117.951, 48.4585; 119.654, 47.37; 121.367, 46.299; 123.089, 45.2459; 124.823, 44.2118; 126.571, 43.1966; 128.329, 42.1999; 130.097, 41.2218; 131.875, 40.2624; 133.663, 39.3221; 135.461, 38.401; 137.269, 37.4989; 139.086, 36.6171; 140.913, 35.7545; 142.749, 34.9114; 144.594, 34.0884; 146.448, 33.2855; 148.31, 32.5027; 150.18, 31.7403; 152.06, 30.9985; 153.946, 30.2778; 155.841, 29.578; 157.745, 28.899; ];
boundaryCurve{2} = [48.917, 154.688; 49.265, 152.698; 49.6332, 150.712; 50.0215, 148.728; 50.4289, 146.749; 50.8555, 144.776; 51.3047, 142.808; 51.774, 140.842; 52.2635, 138.879; 52.7725, 136.924; 53.3009, 134.976; 53.8487, 133.031; 54.4167, 131.092; 55.0041, 129.16; 55.6101, 127.232; 56.2349, 125.311; 56.8792, 123.396; 57.5424, 121.488; 58.2246, 119.586; 58.9264, 117.692; 59.6468, 115.805; 60.3849, 113.924; 61.1415, 112.05; 61.9164, 110.184; 62.7092, 108.326; 63.5198, 106.476; 64.3488, 104.634; 65.1963, 102.8; 66.0613, 100.974; 66.9435, 99.1564; 67.8448, 97.3481; 68.7624, 95.5483; 69.6954, 93.7574; 70.6465, 91.9759; 71.6171, 90.2028; 72.6035, 88.4395; 73.607, 86.6861; 74.6278, 84.9425; 75.6649, 83.2088; 76.7181, 81.4848; 77.7882, 79.772; 78.8754, 78.0689; 79.9791, 76.3762; 81.0978, 74.694; 82.2323, 73.0226; 83.3869, 71.3655; 84.5559, 69.7173; 85.7395, 68.079; 86.9391, 66.4535; 88.1545, 64.8405; 89.3848, 63.2386; 90.6313, 61.6482; 91.8935, 60.0696; 93.1703, 58.504; 94.4616, 56.9516; 95.7688, 55.4117; 97.0921, 53.8843; 98.4305, 52.3696; 99.782, 50.8684; 101.148, 49.3805; 102.529, 47.9059; 103.924, 46.4448; 105.335, 44.9977; 106.76, 43.5661; 108.198, 42.1483; 109.651, 40.7441; 111.117, 39.3543; 112.597, 37.9794; 114.091, 36.6195; 115.599, 35.2752; 117.12, 33.9455; 118.654, 32.6305; 120.202, 31.3318; 121.763, 30.0496; 123.336, 28.7831; 124.923, 27.5325; 126.523, 26.2979; 128.135, 25.08; 129.759, 23.879; ];
boundaryCurve{3} = [55.3, 151.345; 55.8031, 149.409; 56.3281, 147.478; 56.8743, 145.553; 57.4385, 143.633; 58.0206, 141.72; 58.6239, 139.812; 59.2473, 137.911; 59.8906, 136.015; 60.551, 134.126; 61.2287, 132.245; 61.926, 130.371; 62.6425, 128.502; 63.3777, 126.641; 64.1307, 124.787; 64.9022, 122.942; 65.6923, 121.104; 66.4999, 119.273; 67.3254, 117.45; 68.169, 115.636; 69.0301, 113.831; 69.9086, 112.033; 70.8057, 110.244; 71.7196, 108.464; 72.6497, 106.693; 73.5969, 104.93; 74.5618, 103.178; 75.5442, 101.435; 76.5431, 99.7021; 77.5581, 97.9777; 78.59, 96.263; 79.6382, 94.5589; 80.7024, 92.8655; 81.7828, 91.1823; 82.88, 89.5082; 83.9929, 87.8456; 85.1218, 86.1937; 86.2667, 84.5525; 87.4272, 82.9226; 88.6031, 81.3042; 89.7943, 79.6973; 91.0008, 78.1011; 92.2231, 76.5157; 93.4604, 74.9432; 94.7127, 73.3837; 95.98, 71.8341; 97.2619, 70.299; 98.5582, 68.7776; 99.8699, 67.267; 101.197, 65.7675; 102.537, 64.2822; 103.892, 62.8098; 105.26, 61.3502; 106.643, 59.9041; 108.038, 58.4711; 109.448, 57.0518; 110.874, 55.6469; 112.313, 54.2561; 113.764, 52.8787; 115.227, 51.5156; 116.705, 50.1669; 118.196, 48.8321; 119.7, 47.5122; 121.217, 46.2081; 122.747, 44.9186; 124.29, 43.6446; 125.845, 42.3867; 127.412, 41.1442; 128.992, 39.9162; 130.584, 38.7039; 132.188, 37.5079; 133.804, 36.3281; 135.432, 35.1646; 137.071, 34.0176; 138.722, 32.8874; 140.384, 31.774; 142.058, 30.6777; 143.742, 29.5984; 145.438, 28.536; ];
boundaryCurve{4} = [61.253, 151.629; 61.5362, 149.626; 61.8369, 147.625; 62.1548, 145.626; 62.4894, 143.631; 62.8407, 141.638; 63.2097, 139.649; 63.5966, 137.662; 64.0001, 135.679; 64.4196, 133.7; 64.856, 131.725; 65.3096, 129.753; 65.7802, 127.784; 66.2674, 125.82; 66.7713, 123.861; 67.2915, 121.906; 67.828, 119.955; 68.3813, 118.009; 68.9516, 116.068; 69.5369, 114.132; 70.1391, 112.2; 70.7585, 110.272; 71.3936, 108.351; 72.0444, 106.436; 72.7115, 104.525; 73.3941, 102.621; 74.0923, 100.722; 74.8068, 98.8288; 75.538, 96.9418; 76.2846, 95.0612; 77.0466, 93.1868; 77.8247, 91.319; 78.6189, 89.4581; 79.4283, 87.6037; 80.2536, 85.7562; 81.0943, 83.9157; 81.9498, 82.0821; 82.8208, 80.2558; 83.7073, 78.437; 84.6089, 76.6256; 85.5259, 74.822; 86.4583, 73.0261; 87.4053, 71.2379; 88.3678, 69.4582; 89.3456, 67.6864; 90.3375, 65.9229; 91.3442, 64.1683; 92.3663, 62.4221; 93.4031, 60.684; 94.4547, 58.9552; 95.521, 57.236; 96.6014, 55.5252; 97.6964, 53.8237; 98.8061, 52.1317; 99.9302, 50.4493; 101.069, 48.7763; 102.221, 47.1133; 103.388, 45.461; 104.57, 43.8191; 105.767, 42.187; 106.977, 40.5654; 108.2, 38.9536; 109.437, 37.3521; 110.688, 35.7619; 111.954, 34.183; 113.232, 32.6152; 114.525, 31.058; 115.83, 29.5122; 117.148, 27.9773; 118.481, 26.455; 119.827, 24.9443; 121.187, 23.4449; 122.559, 21.9582; 123.525, 20.317; ];
boundaryCurve{5} = [44.249, 147.02; 44.9743, 145.148; 45.7203, 143.287; 46.4869, 141.434; 47.2734, 139.589; 48.0798, 137.751; 48.9064, 135.923; 49.7528, 134.105; 50.619, 132.295; 51.5048, 130.495; 52.4099, 128.705; 53.3343, 126.924; 54.2783, 125.155; 55.2409, 123.395; 56.2216, 121.644; 57.2219, 119.905; 58.2401, 118.177; 59.276, 116.46; 60.3298, 114.753; 61.4017, 113.056; 62.4916, 111.373; 63.5997, 109.7; 64.7254, 108.039; 65.8681, 106.391; 67.0285, 104.754; 68.2063, 103.13; 69.4011, 101.519; 70.6116, 99.9209; 71.8384, 98.3322; 73.0817, 96.7575; 74.3414, 95.1962; 75.6173, 93.6482; 76.909, 92.1133; 78.2164, 90.5915; 79.5398, 89.0836; 80.8785, 87.5899; 82.2325, 86.1095; 83.6004, 84.6422; 84.9836, 83.19; 86.383, 81.7529; 87.7974, 80.329; 89.2261, 78.9198; 90.6687, 77.5267; 92.1247, 76.1487; 93.597, 74.7858; 95.0854, 73.4381; 96.5853, 72.1053; 98.0962, 70.7878; 99.623, 69.4877; 101.164, 68.2028; 102.72, 66.933; 104.286, 65.6802; 105.865, 64.4442; 107.457, 63.2243; 109.062, 62.0205; 110.679, 60.8337; 112.31, 59.6647; 113.952, 58.5132; 115.606, 57.3784; 117.273, 56.2604; 118.951, 55.161; 120.641, 54.0804; 122.342, 53.0161; 124.054, 51.9707; 125.776, 50.9442; 127.51, 49.9361; 129.256, 48.9463; 131.011, 47.9754; 132.777, 47.0235; 134.554, 46.0916; 136.341, 45.18; 138.136, 44.2874; 139.942, 43.4139; 141.759, 42.5601; 143.584, 41.7266; 145.417, 40.913; ];
openCurve = [true true true true true ];
