boundaryCurve{1} = [118.56, 17.682; 119.216, 19.5723; 119.553, 21.5401; 119.565, 23.5415; 119.281, 25.5193; 118.745, 27.4457; 118, 29.3026; 117.091, 31.0855; 116.052, 32.7964; 114.914, 34.4287; 113.678, 36.0157; 112.378, 37.5357; 111.022, 39.0052; 109.619, 40.4454; 108.198, 41.8495; 106.749, 43.2386; 105.289, 44.6104; 103.824, 45.9781; 102.361, 47.3458; 100.904, 48.7269; 99.468, 50.1227; 98.0556, 51.5422; 96.6729, 53; 95.3473, 54.4913; 94.0717, 56.0437; 92.8832, 57.6424; 91.7975, 59.3241; 90.8434, 61.0831; 90.0429, 62.9168; 89.4306, 64.8211; 89.0464, 66.7828; 88.9262, 68.7772; 89.1082, 70.7679; 89.6109, 72.7035; 90.4208, 74.5314; 91.5037, 76.2136; 92.8087, 77.7296; 94.2701, 79.0938; 95.8495, 80.3221; 97.4994, 81.4554; 99.1937, 82.4996; 100.925, 83.4913; 102.699, 84.4555; 104.47, 85.3853; 106.254, 86.3083; 108.041, 87.2374; 109.803, 88.1764; 111.569, 89.1601; 113.283, 90.1781; 114.95, 91.2592; 116.564, 92.4434; 118.089, 93.7396; 119.469, 95.1884; 120.646, 96.8043; 121.544, 98.591; 122.1, 100.509; 122.286, 102.5; 122.11, 104.492; 121.628, 106.432; 120.889, 108.29; 119.947, 110.055; 118.848, 111.726; 117.618, 113.305; 116.284, 114.797; 114.874, 116.195; 113.368, 117.536; 111.825, 118.79; 110.219, 120.01; 108.601, 121.171; 106.939, 122.308; 105.273, 123.405; 103.579, 124.491; 101.883, 125.55; 100.172, 126.599; 98.4616, 127.641; 96.7505, 128.682; 95.0394, 129.731; 93.3414, 130.787; 91.6443, 131.865; 89.9736, 132.958; 88.3065, 134.088; 86.6829, 135.242; 85.0786, 136.454; 83.5324, 137.711; 82.0177, 139.048; 80.5926, 140.428; 79.2315, 141.895; 77.9623, 143.443; 76.8148, 145.082; 75.8163, 146.815; 75.0157, 148.647; 74.4702, 150.571; 74.2357, 152.557; 74.3659, 154.551; 74.8663, 156.485; 75.7025, 158.301; 76.7922, 159.978; 78.0498, 161.521; 79.4393, 162.97; 80.8995, 164.329; 82.4221, 165.637; 83.9779, 166.907; 85.5493, 168.148; 87.13, 169.387; 88.7008, 170.631; 90.2512, 171.899; 91.7592, 173.221; 93.1961, 174.62; 94.5305, 176.098; 95.747, 177.687; 96.7939, 179.391; 97.5956, 181.221; 98.0408, 183.167; 97.999, 185.162; 97.4061, 187.066; 96.338, 188.752; ];
boundaryCurve{2} = [105.288, 16.738; 105.795, 18.676; 106.281, 20.6228; 106.741, 22.5703; 107.181, 24.5245; 107.6, 26.4837; 107.994, 28.4484; 108.365, 30.4159; 108.713, 32.3887; 109.039, 34.3657; 109.341, 36.3463; 109.621, 38.3295; 109.877, 40.3168; 110.109, 42.3063; 110.32, 44.299; 110.506, 46.2934; 110.669, 48.2898; 110.808, 50.2889; 110.924, 52.2882; 111.016, 54.2894; 111.084, 56.2919; 111.129, 58.2945; 111.151, 60.298; 111.149, 62.3015; 111.123, 64.304; 111.074, 66.307; 111.002, 68.3092; 110.907, 70.3098; 110.787, 72.3099; 110.645, 74.308; 110.479, 76.3047; 110.291, 78.2995; 110.08, 80.2903; 109.845, 82.2806; 109.587, 84.2673; 109.307, 86.2511; 109.005, 88.2317; 108.679, 90.2083; 108.332, 92.1805; 107.963, 94.15; 107.571, 96.1144; 107.157, 98.0751; 106.722, 100.03; 106.265, 101.98; 105.787, 103.927; 105.285, 105.866; 104.761, 107.799; 104.222, 109.729; 103.659, 111.652; 103.076, 113.568; 102.474, 115.478; 101.85, 117.383; 101.207, 119.28; 100.546, 121.17; 99.8619, 123.054; 99.1604, 124.931; 98.4406, 126.799; 97.7002, 128.66; 96.9447, 130.517; 96.1683, 132.364; 95.3737, 134.202; 94.5597, 136.034; 93.7298, 137.857; 92.8833, 139.671; 92.0153, 141.478; 91.1315, 143.276; 90.2315, 145.064; 89.314, 146.846; 88.3795, 148.619; 87.4293, 150.381; 86.4631, 152.137; 85.4806, 153.884; 84.4834, 155.618; 83.4694, 157.347; 82.439, 159.067; 81.395, 160.776; 80.3355, 162.476; 79.2613, 164.168; 78.1747, 165.849; 77.0715, 167.522; 75.9543, 169.186; 74.8235, 170.837; 73.6751, 172.48; 72.5165, 174.115; 71.3463, 175.741; 70.1648, 177.359; 68.9669, 178.965; 67.7582, 180.558; 66.5323, 182.147; 65.2974, 183.723; 64.0498, 185.291; 62.789, 186.85; ];
boundaryCurve{3} = [82.623, 22.218; 84.0049, 23.6814; 85.3363, 25.1708; 86.6312, 26.7011; 87.8818, 28.2628; 89.085, 29.8583; 90.2493, 31.4985; 91.3606, 33.1581; 92.4254, 34.8541; 93.4403, 36.5811; 94.4056, 38.3319; 95.3225, 40.1148; 96.1878, 41.9206; 96.9989, 43.7481; 97.7629, 45.6003; 98.4798, 47.4745; 99.1404, 49.3599; 99.7554, 51.2679; 100.319, 53.1896; 100.838, 55.1222; 101.312, 57.0698; 101.739, 59.0262; 102.122, 60.9908; 102.464, 62.9651; 102.764, 64.9454; 103.023, 66.9303; 103.249, 68.9205; 103.44, 70.9137; 103.602, 72.9098; 103.734, 74.9083; 103.84, 76.9086; 103.923, 78.9098; 103.983, 80.9115; 104.025, 82.9135; 104.051, 84.9164; 104.061, 86.9195; 104.062, 88.9225; 104.055, 90.9249; 104.039, 92.928; 104.019, 94.9308; 103.997, 96.9341; 103.976, 98.9361; 103.959, 100.939; 103.948, 102.942; 103.945, 104.945; 103.953, 106.948; 103.975, 108.95; 104.011, 110.953; 104.067, 112.955; 104.142, 114.956; 104.232, 116.957; 104.335, 118.958; 104.443, 120.958; 104.554, 122.958; 104.663, 124.958; 104.764, 126.958; 104.85, 128.959; 104.923, 130.96; 104.976, 132.962; 105.005, 134.966; 105.003, 136.968; 104.964, 138.97; 104.89, 140.972; 104.77, 142.971; 104.603, 144.966; 104.383, 146.957; 104.107, 148.939; 103.77, 150.914; 103.368, 152.876; 102.899, 154.823; 102.359, 156.751; 101.753, 158.658; 101.074, 160.543; 100.327, 162.4; 99.5129, 164.233; 98.6302, 166.027; 97.6794, 167.789; 96.662, 169.512; 95.5788, 171.2; 94.4343, 172.844; 93.2309, 174.44; 91.9697, 175.994; 90.6484, 177.504; 89.2785, 178.962; 87.8606, 180.37; 86.3912, 181.735; 84.8767, 183.048; 83.3269, 184.306; 82.2, 185.171; 82.2, 185.764; ];
openCurve = [true true true ];
