boundaryCurve{1} = [51.292, 154.685; 51.6799, 152.714; 52.0876, 150.746; 52.5152, 148.783; 52.9626, 146.825; 53.4298, 144.87; 53.9163, 142.92; 54.4216, 140.975; 54.9458, 139.036; 55.4888, 137.102; 56.0512, 135.173; 56.6326, 133.25; 57.2327, 131.333; 57.8516, 129.422; 58.4893, 127.516; 59.1455, 125.616; 59.8198, 123.723; 60.5121, 121.837; 61.2224, 119.958; 61.9509, 118.086; 62.6977, 116.22; 63.4623, 114.362; 64.2446, 112.512; 65.0447, 110.669; 65.8624, 108.833; 66.6975, 107.006; 67.55, 105.187; 68.4198, 103.376; 69.307, 101.573; 70.2098, 99.7785; 71.13, 97.9931; 72.0678, 96.2163; 73.0233, 94.4483; 73.9964, 92.6888; 74.9857, 90.9389; 75.9905, 89.1987; 77.0109, 87.4683; 78.0469, 85.7475; 79.0998, 84.0366; 80.1697, 82.3359; 81.2554, 80.6454; 82.357, 78.9653; 83.4744, 77.2954; 84.6077, 75.636; 85.7565, 73.9876; 86.9208, 72.3504; 88.1007, 70.7242; 89.2962, 69.1092; 90.5069, 67.5059; 91.7328, 65.9143; 92.9741, 64.3345; 94.2306, 62.7664; 95.5025, 61.2099; 96.7889, 59.6655; 98.0893, 58.1338; 99.4038, 56.6148; 100.732, 55.1084; 102.076, 53.6149; 103.434, 52.1346; 104.806, 50.6673; 106.193, 49.213; 107.594, 47.7718; 109.008, 46.3442; 110.437, 44.9311; 111.879, 43.5323; 113.334, 42.1479; 114.804, 40.7778; 116.286, 39.422; 117.782, 38.0808; 119.291, 36.7541; 120.813, 35.4421; 122.348, 34.1451; 123.895, 32.864; 125.456, 31.5986; 127.029, 30.3489; 128.615, 29.115; ];
boundaryCurve{2} = [55.984, 153.9; 56.286, 151.904; 56.6071, 149.911; 56.9474, 147.922; 57.3068, 145.935; 57.6853, 143.952; 58.0826, 141.973; 58.4986, 139.998; 58.9335, 138.027; 59.3875, 136.06; 59.86, 134.097; 60.3511, 132.14; 60.8608, 130.187; 61.3889, 128.239; 61.9355, 126.297; 62.5004, 124.359; 63.0838, 122.426; 63.6845, 120.499; 64.3031, 118.577; 64.94, 116.662; 65.5952, 114.753; 66.2685, 112.849; 66.9592, 110.952; 67.6674, 109.062; 68.3931, 107.179; 69.1348, 105.302; 69.8942, 103.432; 70.6722, 101.57; 71.4689, 99.7146; 72.2838, 97.8668; 73.1146, 96.0266; 73.961, 94.1942; 74.823, 92.3696; 75.7024, 90.5529; 76.5997, 88.7448; 77.5137, 86.9451; 78.4442, 85.1539; 79.3913, 83.3714; 80.3548, 81.598; 81.335, 79.8336; 82.3317, 78.0781; 83.3448, 76.3319; 84.3736, 74.5954; 85.4185, 72.8685; 86.4795, 71.1512; 87.5566, 69.4436; 88.6496, 67.7463; 89.7585, 66.0598; 90.8833, 64.3839; 92.0239, 62.7185; 93.1797, 61.0636; 94.3508, 59.4197; 95.5374, 57.7868; 96.7394, 56.165; 97.9565, 54.5548; 99.189, 52.9564; 100.437, 51.3697; 101.7, 49.7948; 102.978, 48.2324; 104.27, 46.6822; 105.578, 45.1442; 106.899, 43.6185; 108.236, 42.1058; 109.587, 40.6061; 110.952, 39.1195; 112.332, 37.646; ];
boundaryCurve{3} = [60.055, 152.717; 60.2005, 150.701; 60.3753, 148.69; 60.579, 146.68; 60.8111, 144.673; 61.0722, 142.668; 61.3613, 140.67; 61.6784, 138.677; 62.0229, 136.686; 62.3952, 134.699; 62.7939, 132.719; 63.2188, 130.745; 63.6704, 128.776; 64.148, 126.813; 64.6512, 124.857; 65.1805, 122.906; 65.734, 120.963; 66.3115, 119.028; 66.9135, 117.1; 67.5396, 115.179; 68.1892, 113.266; 68.862, 111.361; 69.5569, 109.465; 70.2756, 107.576; 71.0167, 105.696; 71.7792, 103.826; 72.5645, 101.965; 73.3705, 100.113; 74.1973, 98.2694; 75.0459, 96.4362; 75.9155, 94.6114; 76.8054, 92.7983; 77.7155, 90.9973; 78.645, 89.2036; 79.594, 87.4181; 80.5621, 85.6451; 81.5493, 83.8834; 82.5544, 82.1312; 83.5772, 80.3885; 84.6184, 78.6573; 85.6765, 76.9374; 86.7515, 75.2283; 87.8445, 73.5273; 88.9534, 71.8389; 90.0787, 70.161; 91.2194, 68.4931; 92.3737, 66.8357; 93.5446, 65.1906; 94.7316, 63.5552; 95.9336, 61.9304; 97.1493, 60.3175; 98.3792, 58.7159; 99.6237, 57.1243; 100.881, 55.5436; 102.151, 53.9721; 103.434, 52.4111; 104.73, 50.8616; 106.039, 49.3226; 107.36, 47.7944; 108.694, 46.2766; 110.039, 44.7688; 111.394, 43.2719; 112.761, 41.7848; 114.139, 40.3076; 115.529, 38.841; 116.929, 37.384; 118.339, 35.9367; 119.758, 34.5; ];
boundaryCurve{4} = [48.4, 149.822; 49.0366, 147.923; 49.6917, 146.031; 50.3654, 144.145; 51.0577, 142.266; 51.7686, 140.393; 52.4974, 138.527; 53.244, 136.669; 54.0083, 134.818; 54.7904, 132.975; 55.5904, 131.139; 56.408, 129.311; 57.2434, 127.491; 58.0964, 125.679; 58.9668, 123.874; 59.8541, 122.079; 60.7582, 120.292; 61.6793, 118.514; 62.6172, 116.744; 63.572, 114.984; 64.5433, 113.233; 65.531, 111.491; 66.5352, 109.758; 67.5557, 108.034; 68.5922, 106.321; 69.6448, 104.617; 70.7134, 102.923; 71.7978, 101.24; 72.8976, 99.566; 74.0132, 97.903; 75.1445, 96.2504; 76.2915, 94.6083; 77.4539, 92.9769; 78.6312, 91.3566; 79.8232, 89.7475; 81.0301, 88.1496; 82.252, 86.5628; 83.4887, 84.9875; 84.74, 83.424; 86.0059, 81.8723; 87.2865, 80.3323; 88.5813, 78.8044; 89.8903, 77.2889; 91.2133, 75.7856; 92.5505, 74.2946; 93.9017, 72.816; 95.2664, 71.3504; 96.6447, 69.8976; 98.0367, 68.4578; 99.4422, 67.0308; 100.861, 65.6173; 102.293, 64.2175; 103.739, 62.8314; 105.197, 61.459; 106.668, 60.1; 108.152, 58.7553; 109.649, 57.4248; 111.159, 56.1087; 112.681, 54.8069; 114.215, 53.5199; 115.762, 52.2477; 117.32, 50.9903; 118.891, 49.7478; 120.473, 48.5209; 122.067, 47.3093; 123.673, 46.1129; 125.291, 44.9315; 126.921, 43.7656; 128.561, 42.6161; 130.212, 41.4832; 131.875, 40.3668; 133.548, 39.267; ];
boundaryCurve{5} = [63.043, 142.522; 63.3337, 140.523; 63.6483, 138.528; 63.9871, 136.536; 64.3498, 134.548; 64.7359, 132.564; 65.145, 130.586; 65.5773, 128.615; 66.0335, 126.647; 66.5128, 124.685; 67.0154, 122.728; 67.541, 120.777; 68.0894, 118.833; 68.6605, 116.895; 69.2541, 114.965; 69.8699, 113.041; 70.5084, 111.125; 71.1696, 109.215; 71.8527, 107.314; 72.5572, 105.421; 73.2832, 103.536; 74.031, 101.659; 74.801, 99.7917; 75.5927, 97.9333; 76.406, 96.0841; 77.2406, 94.2442; 78.0961, 92.4143; 78.9725, 90.5944; 79.8698, 88.7846; 80.7881, 86.9854; 81.7271, 85.1969; 82.6866, 83.4191; 83.6662, 81.6525; 84.6656, 79.8971; 85.6847, 78.1529; 86.725, 76.421; 87.7857, 74.702; 88.866, 72.9951; 89.9659, 71.3005; 91.0853, 69.6188; 92.2243, 67.9506; 93.3826, 66.2957; 94.5604, 64.6546; 95.7573, 63.0274; 96.973, 61.4142; 98.2077, 59.815; 99.4608, 58.2307; 100.733, 56.6614; 102.023, 55.1069; 103.332, 53.5686; 104.659, 52.0459; 106.004, 50.5385; 107.367, 49.047; 108.748, 47.5724; 110.146, 46.1147; 111.562, 44.674; ];
boundaryCurve{6} = [58.906, 145.828; 59.1319, 143.84; 59.3964, 141.858; 59.704, 139.882; 60.0571, 137.914; 60.4497, 135.952; 60.883, 134.001; 61.3551, 132.058; 61.8648, 130.123; 62.4125, 128.2; 62.9984, 126.287; 63.6187, 124.386; 64.2734, 122.497; 64.9632, 120.62; 65.6857, 118.755; 66.4408, 116.903; 67.2272, 115.064; 68.0443, 113.238; 68.892, 111.427; 69.7673, 109.628; 70.6709, 107.844; 71.6024, 106.074; 72.5606, 104.318; 73.5442, 102.577; 74.5536, 100.851; 75.5894, 99.1397; 76.6497, 97.4424; 77.7293, 95.7597; 78.8328, 94.0912; 79.958, 92.4384; 81.1055, 90.7998; 82.2737, 89.177; 83.4635, 87.5675; 84.6709, 85.9751; 85.8964, 84.3959; 87.1398, 82.8279; 88.3985, 81.2743; 89.6744, 79.7324; 90.9668, 78.2048; 92.2738, 76.6932; 93.595, 75.1921; 94.9315, 73.7029; 96.2804, 72.226; 97.6417, 70.7615; 99.0155, 69.3079; 100.401, 67.865; 101.797, 66.4331; 103.204, 65.0119; 104.621, 63.6001; 106.048, 62.1976; 107.484, 60.8055; 108.928, 59.4221; 110.379, 58.046; 111.838, 56.6776; 113.304, 55.3171; 114.776, 53.9637; 116.255, 52.6166; 117.74, 51.2755; 119.228, 49.9402; 120.723, 48.6095; 122.22, 47.2845; 123.72, 45.9641; 125.227, 44.647; ];
