boundaryCurve{1} = [51.378, 158.067; 51.5563, 156.064; 51.7565, 154.064; 51.9786, 152.065; 52.2231, 150.07; 52.4901, 148.078; 52.7791, 146.088; 53.0893, 144.101; 53.4209, 142.118; 53.7743, 140.138; 54.1493, 138.164; 54.5458, 136.191; 54.9631, 134.225; 55.401, 132.265; 55.8603, 130.309; 56.3411, 128.355; 56.8421, 126.408; 57.3637, 124.466; 57.906, 122.531; 58.4686, 120.602; 59.0521, 118.677; 59.6551, 116.758; 60.278, 114.847; 60.921, 112.942; 61.5824, 111.044; 62.2618, 109.151; 62.9622, 107.267; 63.6835, 105.39; 64.4248, 103.521; 65.1854, 101.66; 65.9649, 99.8064; 66.7631, 97.9615; 67.5802, 96.1247; 68.4167, 94.296; 69.2724, 92.4766; 70.1473, 90.6666; 71.0409, 88.8657; 71.9519, 87.0735; 72.8803, 85.29; 73.8271, 83.5162; 74.7928, 81.753; 75.7767, 80; 76.7779, 78.2567; 77.7972, 76.5234; 78.836, 74.8; 79.8933, 73.0906; 80.9673, 71.3923; 82.0568, 69.7025; 83.1634, 68.0242; 84.2872, 66.3574; 85.4283, 64.702; 86.5867, 63.0583; 87.762, 61.4269; 88.9535, 59.808; 90.1616, 58.2017; 91.3871, 56.6079; 92.6296, 55.026; 93.8872, 53.4567; 95.1604, 51.9017; 96.4495, 50.3607; 97.7557, 48.8324; 99.0786, 47.3169; 100.417, 45.8165; 101.771, 44.3304; 103.14, 42.8587; 104.526, 41.4014; 105.926, 39.9586; 107.342, 38.5307; 108.771, 37.1174; 110.215, 35.7198; 111.675, 34.3384; 113.152, 32.9728; 114.642, 31.6229; 116.147, 30.2895; 117.666, 28.9729; 119.2, 27.6728; 120.748, 26.3893; 122.309, 25.1227; 123.884, 23.8739; 125.474, 22.6429; 127.076, 21.429; 128.692, 20.232; ];
boundaryCurve{2} = [57.019, 163.755; 57.1062, 161.753; 57.21, 159.752; 57.3307, 157.751; 57.4706, 155.752; 57.6302, 153.755; 57.8076, 151.759; 58.0022, 149.764; 58.214, 147.771; 58.4444, 145.781; 58.6934, 143.792; 58.9589, 141.806; 59.2422, 139.822; 59.5436, 137.84; 59.8626, 135.861; 60.1988, 133.887; 60.5516, 131.913; 60.9222, 129.944; 61.311, 127.979; 61.7165, 126.017; 62.1383, 124.058; 62.578, 122.102; 63.0349, 120.151; 63.5083, 118.204; 63.9987, 116.261; 64.5063, 114.322; 65.0304, 112.388; 65.5711, 110.458; 66.1287, 108.534; 66.703, 106.614; 67.2941, 104.699; 67.9017, 102.789; 68.5255, 100.885; 69.1658, 98.986; 69.8224, 97.0928; 70.4952, 95.2051; 71.1843, 93.3235; 71.8896, 91.4479; 72.6111, 89.5779; 73.3489, 87.7147; 74.1036, 85.8584; 74.874, 84.0086; 75.6596, 82.1652; 76.4614, 80.3283; 77.2788, 78.4983; 78.1112, 76.6755; 78.9592, 74.8593; 79.8232, 73.0507; 80.7021, 71.2508; 81.5966, 69.4587; 82.5073, 67.6735; 83.4339, 65.8959; 84.3755, 64.1272; 85.3327, 62.3663; 86.3053, 60.6139; 87.2936, 58.8706; 88.2963, 57.1347; 89.3124, 55.4062; 90.3441, 53.6898; 91.3905, 51.9821; 92.447, 50.2792; 93.5163, 48.5836; 94.6077, 46.9029; 95.7131, 45.2315; 96.8329, 43.5692; 97.9665, 41.9167; 99.1141, 40.2744; 100.277, 38.6431; 101.456, 37.0218; 102.648, 35.4107; 103.855, 33.8108; 105.076, 32.2221; 106.31, 30.6442; 107.56, 29.0769; 108.823, 27.5202; 110.101, 25.9762; 111.392, 24.445; 112.698, 22.9234; 114.016, 21.4143; 115.346, 19.9176; 116.692, 18.4325; 118.051, 16.959; ];
boundaryCurve{3} = [49.625, 160.892; 50.0062, 158.925; 50.4066, 156.96; 50.8261, 154.998; 51.2646, 153.042; 51.7218, 151.091; 52.1976, 149.144; 52.6929, 147.201; 53.2075, 145.262; 53.7403, 143.329; 54.2909, 141.402; 54.8591, 139.48; 55.4462, 137.563; 56.0517, 135.651; 56.6751, 133.746; 57.316, 131.846; 57.9748, 129.952; 58.6521, 128.066; 59.3471, 126.186; 60.0586, 124.311; 60.7875, 122.443; 61.5342, 120.583; 62.2981, 118.729; 63.0792, 116.882; 63.8778, 115.044; 64.6937, 113.213; 65.5259, 111.389; 66.3742, 109.572; 67.2393, 107.764; 68.1222, 105.963; 69.0211, 104.171; 69.9364, 102.388; 70.8683, 100.613; 71.8162, 98.8463; 72.7803, 97.0881; 73.7609, 95.339; 74.7573, 93.5994; 75.7695, 91.8694; 76.7974, 90.1483; 77.8411, 88.436; 78.9012, 86.7339; 79.9763, 85.042; 81.0667, 83.3598; 82.1721, 81.6872; 83.2925, 80.0246; 84.4291, 78.3731; 85.5808, 76.7321; 86.7476, 75.1017; 87.9291, 73.482; 89.1255, 71.8734; 90.3368, 70.2762; 91.5626, 68.6894; 92.8029, 67.1137; 94.0581, 65.5505; 95.327, 64.0005; 96.6115, 62.4629; 97.9141, 60.9357; 99.2308, 59.4197; 100.556, 57.9164; 101.893, 56.4256; 103.246, 54.9467; 104.614, 53.4798; 105.996, 52.0256; 107.391, 50.5865; 108.799, 49.1608; 110.221, 47.7475; 111.656, 46.3473; 113.104, 44.9611; 114.566, 43.589; 116.041, 42.2309; 117.528, 40.8867; 119.028, 39.5563; 120.541, 38.2408; 122.067, 36.9405; 123.606, 35.6541; 125.157, 34.3842; 126.72, 33.1312; 128.295, 31.8915; 129.882, 30.664; ];
boundaryCurve{4} = [62.283, 158.854; 62.3703, 156.839; 62.4797, 154.825; 62.6117, 152.811; 62.7666, 150.8; 62.9431, 148.791; 63.1417, 146.784; 63.3627, 144.779; 63.6055, 142.777; 63.8704, 140.777; 64.1568, 138.78; 64.4641, 136.787; 64.7936, 134.797; 65.1457, 132.81; 65.5187, 130.828; 65.9121, 128.85; 66.3266, 126.876; 66.7623, 124.906; 67.2199, 122.942; 67.7005, 120.983; 68.2019, 119.029; 68.7202, 117.079; 69.2599, 115.136; 69.821, 113.199; 70.4024, 111.267; 71.004, 109.342; 71.6257, 107.423; 72.2679, 105.511; 72.9306, 103.605; 73.6129, 101.707; 74.3149, 99.8164; 75.0368, 97.9334; 75.7783, 96.0564; 76.5396, 94.1873; 77.3204, 92.3289; 78.1208, 90.4776; 78.9411, 88.6347; 79.7808, 86.8005; 80.639, 84.9751; 81.5164, 83.1592; 82.4142, 81.3528; 83.3316, 79.5556; 84.2658, 77.7679; 85.2181, 75.99; 86.1902, 74.2226; 87.1809, 72.4659; 88.1901, 70.7195; 89.2185, 68.9833; 90.2655, 67.2585; 91.3281, 65.5456; 92.4092, 63.8437; 93.5107, 62.1525; 94.6295, 60.4747; 95.7669, 58.8084; 96.9215, 57.1542; 98.092, 55.5115; 99.2805, 53.882; 100.488, 52.2662; 101.714, 50.6636; 102.955, 49.0737; 104.213, 47.4975; 105.49, 45.9355; 106.783, 44.3872; 108.093, 42.8535; 109.42, 41.3346; 110.764, 39.8302; 112.124, 38.3413; 113.501, 36.8673; 114.894, 35.408; ];
boundaryCurve{5} = [57.012, 153.047; 57.2146, 151.045; 57.44, 149.045; 57.6885, 147.048; 57.9598, 145.054; 58.2544, 143.064; 58.572, 141.077; 58.9119, 139.093; 59.2741, 137.113; 59.659, 135.138; 60.0663, 133.167; 60.4955, 131.201; 60.9465, 129.24; 61.4198, 127.284; 61.9153, 125.334; 62.4319, 123.388; 62.9699, 121.449; 63.5293, 119.517; 64.1102, 117.59; 64.7123, 115.67; 65.3353, 113.757; 65.9798, 111.85; 66.6451, 109.95; 67.3305, 108.058; 68.0358, 106.174; 68.7617, 104.297; 69.5088, 102.428; 70.2762, 100.566; 71.0628, 98.7152; 71.8708, 96.8715; 72.6985, 95.0375; 73.5451, 93.2141; 74.4113, 91.3982; 75.2975, 89.589; 76.2034, 87.7915; 77.1281, 86.0048; 78.0707, 84.2297; 79.0324, 82.4612; 80.014, 80.7023; 81.0146, 78.9563; 82.0331, 77.2209; 83.0704, 75.4969; 84.1273, 73.7841; 85.202, 72.0821; 86.2947, 70.3923; 87.4055, 68.7148; 88.5343, 67.0489; 89.6809, 65.3948; 90.8454, 63.7534; 92.0273, 62.1248; 93.2269, 60.509; 94.4443, 58.9067; 95.6794, 57.3178; 96.9315, 55.7424; 98.2003, 54.1804; 99.4863, 52.6322; 100.789, 51.0985; 102.109, 49.5794; 103.445, 48.0747; 104.797, 46.5848; 106.166, 45.1102; 107.553, 43.6509; 108.954, 42.2076; 110.372, 40.7788; 111.806, 39.3656; 113.255, 37.9695; 114.72, 36.5902; 116.2, 35.2271; 117.696, 33.8807; 119.206, 32.5516; 120.732, 31.2396; 122.272, 29.9451; 123.828, 28.6686; 125.4, 27.4101; 126.985, 26.17; 128.583, 24.948; ];
