boundaryCurve{1} = [38.008, 139.621; 38.49, 138.179; 38.6544, 137.71; 39, 136.747; 39.351, 135.818; 39.544, 135.323; 40.1055, 133.947; 40.121, 133.91; 40.728, 132.51; 40.9109, 132.1; 41.365, 131.117; 41.7697, 130.273; 42.034, 129.736; 42.6785, 128.472; 42.734, 128.366; 43.463, 127.008; 43.6353, 126.697; 44.221, 125.661; 44.6381, 124.947; 45.008, 124.328; 45.6855, 123.223; 45.825, 123; 46.671, 121.692; 46.78, 121.528; 47.544, 120.398; 47.917, 119.862; 48.444, 119.119; 49.0952, 118.227; 49.374, 117.853; 50.3178, 116.62; 50.332, 116.602; 51.317, 115.367; 51.579, 115.046; 52.329, 114.146; 52.8786, 113.504; 53.367, 112.946; 54.2168, 111.994; 54.433, 111.758; 55.524, 110.587; 55.5903, 110.517; 56.642, 109.432; 56.9979, 109.073; 57.785, 108.295; 58.4402, 107.663; 58.954, 107.176; 59.915, 106.287; 60.148, 106.076; 61.367, 104.993; 61.422, 104.945; 62.61, 103.93; 62.9577, 103.639; 63.878, 102.885; 64.5243, 102.368; 65.169, 101.86; 66.1177, 101.131; 66.485, 100.855; 67.7391, 99.9308; 67.823, 99.87; 69.185, 98.906; 69.3859, 98.7667; 70.57, 97.963; 71.0591, 97.6391; 71.976, 97.041; 72.7524, 96.546; 73.403, 96.141; 74.4723, 95.4901; 74.852, 95.263; 76.2118, 94.4685; 76.321, 94.406; 77.81, 93.571; 77.9713, 93.4825; 79.319, 92.759; 79.7503, 92.5328; 80.846, 91.968; 81.5469, 91.6153; 82.392, 91.201; 83.362, 90.7355; 83.956, 90.456; 85.1927, 89.8888; 85.538, 89.734; 87.0393, 89.0763; 87.138, 89.034; 88.754, 88.359; 88.9006, 88.2989; 90.385, 87.707; 90.7756, 87.5557; 92.031, 87.078; 92.6638, 86.8452; 93.693, 86.478; 94.5643, 86.1746; 95.37, 85.897; 96.4765, 85.5301; 97.06, 85.341; 98.4003, 84.9191; 98.76, 84.809; 100.333, 84.3426; 100.477, 84.301; 102.207, 83.819; 102.276, 83.8004; 103.949, 83.361; 104.227, 83.2907; 105.702, 82.928; 106.187, 82.8134; 107.467, 82.521; 108.154, 82.37; 109.242, 82.139; 110.129, 81.9589; 111.028, 81.783; 112.109, 81.581; 112.828, 81.453; 114.099, 81.2374; 114.628, 81.153; 116.09, 80.9279; 116.441, 80.875; 118.089, 80.6457; 118.262, 80.623; 120.091, 80.398; ];
boundaryCurve{2} = [50.351, 146.252; 50.991, 144.442; 51.0298, 144.334; 51.656, 142.642; 51.7364, 142.428; 52.345, 140.842; 52.4681, 140.528; 53.058, 139.054; 53.2262, 138.642; 53.796, 137.273; 54.0112, 136.766; 54.558, 135.5; 54.8219, 134.9; 55.344, 133.735; 55.6582, 133.047; 56.154, 131.978; 56.5196, 131.203; 56.987, 130.229; 57.4049, 129.374; 57.845, 128.488; 58.3167, 127.555; 58.726, 126.756; 59.2506, 125.746; 59.626, 125.033; 60.208, 123.953; 60.554, 123.319; 61.1918, 122.171; 61.505, 121.619; 62.1992, 120.406; 62.479, 119.924; 63.23, 118.652; 63.479, 118.238; 64.2817, 116.912; 64.499, 116.561; 65.3594, 115.185; 65.542, 114.895; 66.4555, 113.473; 66.608, 113.238; 67.5747, 111.774; 67.697, 111.592; 68.7156, 110.09; 68.808, 109.956; 69.8773, 108.42; 69.941, 108.33; 71.0607, 106.766; 71.097, 106.716; 72.2662, 105.128; 72.275, 105.116; 73.475, 103.524; 73.4905, 103.504; 74.697, 101.942; 74.7344, 101.894; 75.941, 100.373; 75.9987, 100.301; 77.206, 98.815; 77.2819, 98.7228; 78.494, 97.268; 78.5845, 97.1608; 79.803, 95.734; 79.9059, 95.6148; 81.133, 94.212; 81.2462, 94.0842; 82.485, 92.702; 82.6043, 92.5704; 83.135, 91.99; 83.794, 91.279; 83.9844, 91.0767; 84.463, 90.571; 85.141, 89.871; 85.3947, 89.6131; 85.83, 89.171; 86.53, 88.477; 86.8378, 88.177; 87.24, 87.788; 87.961, 87.107; 88.3149, 86.7792; 88.693, 86.434; 89.438, 85.77; 89.8323, 85.4254; 90.194, 85.116; 90.963, 84.473; 91.3941, 84.1218; 91.745, 83.842; 92.545, 83.223; 93.0045, 82.8776; 93.353, 82.618; 94.175, 82.028; 94.6567, 81.6952; 95.012, 81.453; 95.863, 80.894; 96.3589, 80.5809; 96.729, 80.353; 97.61, 79.83; 98.1094, 79.5469; 98.51, 79.33; 99.422, 78.846; 99.9094, 78.5994; 100.351, 78.383; 101.297, 77.942; 101.753, 77.7412; 102.259, 77.524; 103.239, 77.13; 103.637, 76.9787; 104.239, 76.761; 105.255, 76.417; 105.562, 76.3192; 106.288, 76.099; 107.341, 75.809; 107.518, 75.764; 108.412, 75.547; 109.503, 75.315; ];
boundaryCurve{3} = [49.554, 136.678; 50.4784, 134.903; 51.4484, 133.153; 52.4657, 131.429; 53.5262, 129.732; 54.6289, 128.06; 55.7724, 126.418; 56.9562, 124.805; 58.1778, 123.22; 59.4416, 121.665; 60.7367, 120.139; 62.0653, 118.643; 63.4281, 117.178; 64.8247, 115.743; 66.2521, 114.339; 67.7082, 112.968; 69.1931, 111.626; 70.7072, 110.315; 72.2488, 109.037; 73.8141, 107.792; 75.4056, 106.578; 77.0201, 105.395; 78.6599, 104.244; 80.3193, 103.126; 82.0002, 102.04; 83.7012, 100.985; 85.4239, 99.964; 87.1628, 98.9769; 88.9242, 98.0206; 90.6983, 97.0957; 92.4905, 96.2044; 94.2974, 95.3447; 96.1205, 94.5182; 97.9595, 93.724; 99.81, 92.9637; 101.674, 92.2359; 103.552, 91.5415; 105.441, 90.8799; 107.34, 90.2506; 109.252, 89.6537; 111.173, 89.0896; 113.102, 88.5599; 115.041, 88.0627; 116.99, 87.599; ];
boundaryCurve{4} = [42.155, 138.785; 42.731, 137.385; 42.9349, 136.907; 43.331, 135.985; 43.7582, 135.043; 43.964, 134.601; 44.626, 133.227; 44.6366, 133.206; 45.316, 131.864; 45.5624, 131.393; 46.034, 130.512; 46.534, 129.604; 46.779, 129.171; 47.551, 127.842; 47.5521, 127.84; 48.351, 126.526; 48.6148, 126.104; 49.177, 125.221; 49.7193, 124.394; 50.03, 123.929; 50.8667, 122.711; 50.909, 122.651; 51.809, 121.385; 52.0488, 121.055; 52.739, 120.134; 53.2776, 119.431; 53.695, 118.896; 54.5432, 117.836; 54.676, 117.673; 55.682, 116.464; 55.8451, 116.271; 56.712, 115.271; 57.1838, 114.737; 57.766, 114.092; 58.558, 113.235; 58.845, 112.929; 59.945, 111.782; 59.9644, 111.762; 61.071, 110.652; 61.4048, 110.324; 62.22, 109.538; 62.8769, 108.918; 63.392, 108.438; 64.3807, 107.545; 64.592, 107.358; 65.81, 106.295; 65.9147, 106.205; 67.05, 105.251; 67.4761, 104.9; 68.312, 104.224; 69.0656, 103.628; 69.595, 103.216; 70.6823, 102.389; 70.9, 102.227; 72.227, 101.258; 72.3257, 101.187; 73.574, 100.307; 73.9922, 100.019; 74.941, 99.377; 75.6837, 98.8857; 76.329, 98.466; 77.3985, 97.7868; 77.736, 97.576; 79.1345, 96.7231; 79.163, 96.706; 80.608, 95.857; 80.8913, 95.6941; 82.071, 95.028; 82.6676, 94.6998; 83.552, 94.221; 84.4619, 93.7395; 85.052, 93.434; 86.2764, 92.8141; 86.568, 92.669; 88.1, 91.925; 88.1069, 91.9217; 89.648, 91.203; 89.9525, 91.0641; 91.213, 90.503; 91.815, 90.2408; 92.792, 89.824; 93.6908, 89.45; 94.386, 89.167; 95.5809, 88.6932; 95.995, 88.533; 97.4846, 87.9692; 97.617, 87.92; 99.254, 87.33; 99.3997, 87.2786; 100.903, 86.763; 101.327, 86.6217; 102.565, 86.219; 103.264, 85.998; 104.239, 85.697; 105.212, 85.4055; 105.925, 85.197; 107.17, 84.8458; 107.625, 84.722; 109.137, 84.3204; 109.334, 84.27; 111.053, 83.842; 111.113, 83.8276; 112.781, 83.442; 113.097, 83.3719; 114.52, 83.062; 115.087, 82.9435; 116.268, 82.705; 117.085, 82.5471; 118.025, 82.373; 119.088, 82.1853; 119.79, 82.066; 121.097, 81.8547; 121.563, 81.783; 123.111, 81.5572; 123.343, 81.525; 125.13, 81.291; ];
openCurve = [true true true true ];
