boundaryCurve{1} = [47.446, 148.152; 47.6872, 146.151; 47.9581, 144.153; 48.2581, 142.161; 48.5859, 140.169; 48.9437, 138.187; 49.3301, 136.209; 49.7428, 134.236; 50.1851, 132.269; 50.6563, 130.309; 51.1551, 128.356; 51.6849, 126.411; 52.2398, 124.473; 52.8188, 122.542; 53.4254, 120.621; 54.0646, 118.71; 54.7292, 116.803; 55.4204, 114.912; 56.1383, 113.028; 56.8828, 111.155; 57.6542, 109.292; 58.4507, 107.441; 59.2766, 105.602; 60.127, 103.775; 61.0032, 101.959; 61.9046, 100.156; 62.8326, 98.3667; 63.7852, 96.5897; 64.7633, 94.8279; 65.7664, 93.0791; 66.7952, 91.3456; 67.8483, 89.6271; 68.9256, 87.9235; 70.028, 86.2351; 71.1536, 84.5657; 72.3029, 82.9055; 73.4852, 81.2732; 74.685, 79.6545; 75.906, 78.0519; 77.1521, 76.4665; 78.4203, 74.9008; 79.7164, 73.356; 81.0302, 71.8273; 82.367, 70.3181; 83.7233, 68.8271; 85.1034, 67.3581; 86.503, 65.9065; 87.921, 64.4754; 89.3596, 63.0639; 90.821, 61.6745; 92.3042, 60.3064; 93.8031, 58.9624; 95.3263, 57.6405; 96.8637, 56.3371; 98.4203, 55.0563; 99.9951, 53.7984; 101.587, 52.5622; 103.197, 51.3481; 104.824, 50.158; 106.467, 48.9915; 108.127, 47.8484; 109.802, 46.7287; 111.5, 45.6329; 113.205, 44.5648; 114.927, 43.5168; 116.664, 42.4941; 118.415, 41.4952; 120.181, 40.5213; 121.96, 39.5751; 123.752, 38.6527; 125.558, 37.7573; 127.377, 36.8874; 129.208, 36.0426; 131.049, 35.2242; 132.905, 34.4381; 134.77, 33.6729; 136.645, 32.9324; 138.533, 32.226; ];
boundaryCurve{2} = [65, 155.078; 65.2598, 153.084; 65.53, 151.093; 65.8154, 149.103; 66.1144, 147.115; 66.4255, 145.129; 66.7501, 143.145; 67.0888, 141.164; 67.4393, 139.184; 67.8029, 137.207; 68.1824, 135.233; 68.5701, 133.261; 68.9707, 131.291; 69.3886, 129.325; 69.8177, 127.361; 70.2593, 125.4; 70.7131, 123.441; 71.18, 121.486; 71.6592, 119.535; 72.1526, 117.586; 72.6605, 115.641; 73.1828, 113.699; 73.7119, 111.76; 74.2559, 109.825; 74.8115, 107.893; 75.3806, 105.965; 75.9628, 104.041; 76.5572, 102.121; 77.1639, 100.204; 77.7826, 98.2931; 78.4142, 96.3822; 79.0554, 94.4762; 79.7099, 92.5772; 80.3783, 90.6819; 81.0593, 88.791; 81.7542, 86.904; 82.457, 85.0208; 83.1725, 83.143; 83.9062, 81.2712; 84.6496, 79.4034; 85.4066, 77.5411; 86.176, 75.6842; 86.9552, 73.8314; 87.7518, 71.985; 88.556, 70.143; 89.3732, 68.3065; 90.2017, 66.4748; 91.0417, 64.6486; 91.8945, 62.8288; 92.7595, 61.0134; 93.6361, 59.2046; 94.483, 57.489; 94.526, 57.4026; 95.159, 56.146; 95.4336, 55.6091; 95.848, 54.805; 96.3595, 53.8247; 96.548, 53.467; 97.263, 52.134; 97.3075, 52.052; 97.992, 50.806; 98.2795, 50.293; 98.737, 49.485; 99.2778, 48.5469; 99.497, 48.173; 100.274, 46.873; 100.306, 46.8203; 101.067, 45.583; 101.363, 45.1108; 101.878, 44.305; 102.455, 43.4218; 102.707, 43.041; 103.554, 41.793; 103.579, 41.7564; 104.421, 40.562; 104.743, 40.1168; 105.308, 39.35; 105.946, 38.507; 106.216, 38.157; 107.145, 36.985; 107.191, 36.9286; 108.096, 35.836; 108.48, 35.3858; 109.069, 34.711; 109.815, 33.8846; 110.069, 33.611; 111.09, 32.538; 111.2, 32.4261; 112.134, 31.494; 112.632, 31.0151; 113.204, 30.479; 114.114, 29.6603; 114.304, 29.495; 115.426, 28.543; 115.648, 28.3606; 116.575, 27.625; 117.233, 27.1243; 117.751, 26.742; 118.867, 25.9534; 118.951, 25.896; 120.185, 25.088; 120.552, 24.8579; 121.448, 24.32; 122.285, 23.8415; 122.741, 23.592; 124.065, 22.906; ];
boundaryCurve{3} = [61.905, 140.535; 62.407, 138.58; 62.9377, 136.632; 63.4968, 134.692; 64.084, 132.76; 64.699, 130.837; 65.3415, 128.924; 66.012, 127.02; 66.7101, 125.126; 67.4346, 123.242; 68.1858, 121.365; 68.9642, 119.503; 69.7689, 117.653; 70.5989, 115.812; 71.4543, 113.983; 72.3356, 112.167; 73.2412, 110.363; 74.1728, 108.572; 75.1294, 106.794; 76.1092, 105.029; 77.1134, 103.277; 78.1419, 101.54; 79.1941, 99.8175; 80.2696, 98.1086; 81.369, 96.4151; 82.4905, 94.7369; 83.6349, 93.0739; 84.8019, 91.4262; 85.9911, 89.7948; 87.2032, 88.1803; 88.4362, 86.5818; 89.6919, 84.9998; 90.9676, 83.4353; 92.2611, 81.8891; 93.5809, 80.3604; 94.9216, 78.8488; 96.2808, 77.3563; 97.6602, 75.8824; 99.059, 74.4266; 100.478, 72.9904; 101.916, 71.5741; 103.375, 70.1784; 104.853, 68.8032; 106.348, 67.4484; 107.862, 66.1101; 109.395, 64.7946; 110.945, 63.5043; 112.514, 62.2341; 114.103, 60.9856; 115.707, 59.7591; 117.325, 58.5552; 118.962, 57.374; 120.617, 56.2159; 122.287, 55.0813; 123.97, 53.9708; 125.673, 52.8851; 127.394, 51.8241; 129.124, 50.7868; 130.87, 49.7751; 132.631, 48.787; 134.407, 47.8251; 136.198, 46.895; ];
boundaryCurve{4} = [53.037, 145.756; 53.3929, 143.778; 53.777, 141.804; 54.1904, 139.837; 54.6331, 137.877; 55.0993, 135.921; 55.594, 133.972; 56.1152, 132.031; 56.6644, 130.097; 57.2396, 128.172; 57.8425, 126.254; 58.4713, 124.344; 59.1269, 122.444; 59.808, 120.553; 60.5158, 118.672; 61.2495, 116.8; 62.0092, 114.94; 62.7934, 113.088; 63.6046, 111.249; 64.4394, 109.42; 65.2967, 107.602; 66.1828, 105.798; 67.0925, 104.006; 68.0286, 102.225; 68.9875, 100.46; 69.9714, 98.7069; 70.9795, 96.9677; 72.0121, 95.2427; 73.0693, 93.5327; 74.1489, 91.8364; 75.2517, 90.1581; 76.3756, 88.4911; 77.5268, 86.8419; 78.6978, 85.2092; 79.8929, 83.5921; 81.112, 81.9927; 82.3515, 80.412; 83.6154, 78.8473; 84.8993, 77.3017; 86.2056, 75.774; 87.5345, 74.2659; 88.8841, 72.7757; 90.2547, 71.3047; 91.6433, 69.8531; 93.0543, 68.4168; 94.485, 67.0083; 95.9353, 65.6157; 97.4049, 64.2443; 98.8936, 62.8937; 100.401, 61.564; 101.926, 60.2544; 103.469, 58.9665; 105.029, 57.6986; 106.607, 56.4531; 108.203, 55.2306; 109.815, 54.0298; 111.444, 52.8519; 113.088, 51.6956; 114.749, 50.5626; 116.424, 49.4522; 118.115, 48.3656; 119.822, 47.3035; 121.542, 46.2634; 123.278, 45.2473; 125.025, 44.2561; 126.789, 43.2876; 128.565, 42.3506; 130.354, 41.4323; 132.155, 40.5394; 133.968, 39.6708; 135.792, 38.8286; 137.629, 38.0122; 139.478, 37.2211; 141.337, 36.4571; 143.206, 35.7184; 145.086, 35.006; ];
openCurve = [true true true true ];
