boundaryCurve{1} = [239.073, 0.125; 239.077, 1.375; 239.081, 2.625; 239.086, 3.875; 239.09, 5.125; 239.094, 6.375; 239.099, 7.625; 239.103, 8.875; 239.108, 10.125; 236.974, 10.132; 234.841, 10.14; 232.707, 10.147; 230.574, 10.155; 228.44, 10.162; 226.307, 10.169; 224.173, 10.177; 222.04, 10.184; 219.906, 10.191; 217.773, 10.199; 215.64, 10.206; 213.506, 10.214; 211.373, 10.221; 209.239, 10.228; 207.106, 10.236; 204.972, 10.243; 202.839, 10.251; 200.705, 10.258; 198.572, 10.265; 196.438, 10.273; 194.305, 10.28; 192.171, 10.288; 190.038, 10.295; 187.904, 10.302; 185.771, 10.31; 183.638, 10.317; 181.504, 10.324; 179.371, 10.332; 177.237, 10.339; 175.104, 10.347; 172.97, 10.354; 170.837, 10.361; 168.703, 10.369; 166.57, 10.376; 164.436, 10.384; 162.303, 10.391; 160.169, 10.398; 158.036, 10.406; 155.902, 10.413; 153.769, 10.421; 151.636, 10.428; 149.502, 10.435; 147.369, 10.443; 145.235, 10.45; 143.102, 10.458; 140.968, 10.465; 138.835, 10.472; 136.701, 10.48; 134.568, 10.487; 132.434, 10.494; 130.301, 10.502; 128.167, 10.509; 126.034, 10.517; 123.9, 10.524; 121.767, 10.531; 119.634, 10.539; 117.5, 10.546; 115.367, 10.554; 113.233, 10.561; 111.1, 10.568; 108.966, 10.576; 106.833, 10.583; 104.699, 10.591; 102.566, 10.598; 100.432, 10.605; 98.299, 10.613; 96.165, 10.62; 94.032, 10.628; 91.898, 10.635; 89.765, 10.642; 87.632, 10.65; 85.498, 10.657; 83.365, 10.664; 81.231, 10.672; 79.098, 10.679; 76.964, 10.687; 74.831, 10.694; 72.697, 10.701; 70.564, 10.709; 68.43, 10.716; 66.297, 10.724; 64.163, 10.731; 62.03, 10.738; 59.896, 10.746; 57.763, 10.753; 55.63, 10.761; 53.496, 10.768; 51.363, 10.775; 49.229, 10.783; 47.096, 10.79; 44.962, 10.797; 42.829, 10.805; 40.695, 10.812; 38.562, 10.82; 36.428, 10.827; 34.295, 10.834; 32.161, 10.842; 30.028, 10.849; 27.894, 10.857; 25.761, 10.864; 23.628, 10.871; 21.494, 10.879; 19.361, 10.886; 17.227, 10.894; 15.094, 10.901; 12.96, 10.908; 10.827, 10.916; 8.693, 10.923; 6.56, 10.931; 4.426, 10.938; 2.293, 10.945; 0.159, 10.953; 0.155, 9.703; 0.151, 8.453; 0.147, 7.203; 0.142, 5.953; 0.138, 4.703; 0.134, 3.453; 0.13, 2.203; 0.125, 0.953; 2.259, 0.945; 4.392, 0.938; 6.526, 0.931; 8.659, 0.923; 10.793, 0.916; 12.926, 0.908; 15.06, 0.901; 17.193, 0.894; 19.327, 0.886; 21.46, 0.879; 23.593, 0.871; 25.727, 0.864; 27.86, 0.857; 29.994, 0.849; 32.127, 0.842; 34.261, 0.835; 36.394, 0.827; 38.528, 0.82; 40.661, 0.812; 42.795, 0.805; 44.928, 0.798; 47.061, 0.79; 49.195, 0.783; 51.328, 0.775; 53.462, 0.768; 55.595, 0.761; 57.729, 0.753; 59.862, 0.746; 61.996, 0.739; 64.129, 0.731; 66.263, 0.724; 68.396, 0.716; 70.529, 0.709; 72.663, 0.702; 74.796, 0.694; 76.93, 0.687; 79.063, 0.679; 81.197, 0.672; 83.33, 0.665; 85.464, 0.657; 87.597, 0.65; 89.731, 0.643; 91.864, 0.635; 93.998, 0.628; 96.131, 0.62; 98.264, 0.613; 100.398, 0.606; 102.531, 0.598; 104.665, 0.591; 106.798, 0.583; 108.932, 0.576; 111.065, 0.569; 113.199, 0.561; 115.332, 0.554; 117.466, 0.546; 119.599, 0.539; 121.732, 0.532; 123.866, 0.524; 125.999, 0.517; 128.133, 0.51; 130.266, 0.502; 132.4, 0.495; 134.533, 0.487; 136.667, 0.48; 138.8, 0.473; 140.934, 0.465; 143.067, 0.458; 145.2, 0.45; 147.334, 0.443; 149.467, 0.436; 151.601, 0.428; 153.734, 0.421; 155.868, 0.414; 158.001, 0.406; 160.135, 0.399; 162.268, 0.391; 164.402, 0.384; 166.535, 0.377; 168.668, 0.369; 170.802, 0.362; 172.935, 0.354; 175.069, 0.347; 177.202, 0.34; 179.336, 0.332; 181.469, 0.325; 183.603, 0.317; 185.736, 0.31; 187.87, 0.303; 190.003, 0.295; 192.137, 0.288; 194.27, 0.281; 196.403, 0.273; 198.537, 0.266; 200.67, 0.258; 202.804, 0.251; 204.937, 0.244; 207.071, 0.236; 209.204, 0.229; 211.338, 0.221; 213.471, 0.214; 215.605, 0.207; 217.738, 0.199; 219.871, 0.192; 222.005, 0.185; 224.138, 0.177; 226.272, 0.17; 228.405, 0.162; 230.539, 0.155; 232.672, 0.148; 234.806, 0.14; 236.939, 0.133; ];
openCurve = [false ];
