boundaryCurve{1} = [308.049, 223.946; 306.277, 223.005; 304.505, 222.064; 302.733, 221.123; 300.961, 220.183; 299.188, 219.242; 297.416, 218.301; 295.644, 217.36; 293.872, 216.419; 292.1, 215.479; 290.327, 214.538; 288.555, 213.597; 286.783, 212.656; 285.011, 211.715; 283.239, 210.775; 281.466, 209.834; 279.694, 208.893; 277.922, 207.952; 276.15, 207.011; 274.378, 206.071; 272.605, 205.13; 270.833, 204.189; 269.061, 203.248; 267.289, 202.307; 265.517, 201.367; 263.744, 200.426; 261.972, 199.485; 260.2, 198.544; 258.428, 197.603; 256.656, 196.663; 254.883, 195.722; 253.111, 194.781; 251.339, 193.84; 249.567, 192.9; 247.795, 191.959; 246.022, 191.018; 244.25, 190.077; 242.478, 189.136; 240.706, 188.196; 238.934, 187.255; 237.161, 186.314; 235.389, 185.373; 233.617, 184.432; 231.845, 183.492; 230.073, 182.551; 228.3, 181.61; 226.528, 180.669; 224.756, 179.728; 222.984, 178.788; 221.212, 177.847; 219.439, 176.906; 217.667, 175.965; 215.895, 175.024; 214.123, 174.084; 212.351, 173.143; 210.578, 172.202; 208.806, 171.261; 207.034, 170.32; 205.262, 169.38; 203.49, 168.439; 201.717, 167.498; 199.945, 166.557; 198.173, 165.616; 196.401, 164.676; 194.629, 163.735; 192.856, 162.794; 191.084, 161.853; 189.312, 160.912; 187.54, 159.972; 185.768, 159.031; 183.995, 158.09; 182.223, 157.149; 180.451, 156.208; 178.679, 155.268; 177.026, 155.807; 175.427, 157.019; 173.828, 158.231; 172.229, 159.443; 170.63, 160.655; 169.03, 161.867; 167.431, 163.078; 165.832, 164.29; 164.233, 165.502; 162.634, 166.714; 161.035, 167.926; 159.436, 169.138; 157.837, 170.35; 156.238, 171.562; 154.639, 172.774; 153.04, 173.986; 151.441, 175.198; 149.842, 176.41; 148.243, 177.622; 146.644, 178.834; 145.045, 180.046; 143.446, 181.258; 141.847, 182.47; 140.248, 183.682; 138.649, 184.894; 137.049, 186.106; 135.45, 187.317; 133.851, 188.529; 132.252, 189.741; 130.653, 190.953; 129.054, 192.165; 127.455, 193.377; 125.856, 194.589; 124.257, 195.801; 122.658, 197.013; 121.059, 198.225; 119.46, 199.437; 117.861, 200.649; 116.262, 201.861; 114.663, 203.073; 113.064, 204.285; 111.465, 205.497; 109.866, 206.709; 108.267, 207.921; 106.668, 209.133; 105.068, 210.345; 103.469, 211.556; 101.87, 212.768; 100.271, 213.98; 98.6723, 215.192; 97.0733, 216.404; 95.4742, 217.616; 93.8752, 218.828; 92.2761, 220.04; 90.6771, 221.252; 89.078, 222.464; 89.0328, 222.498; 87.918, 220.899; 86.7707, 219.253; 85.6235, 217.607; 84.4762, 215.961; 83.3289, 214.315; 83.3108, 214.288; 84.8845, 213.096; 86.4835, 211.884; 88.0825, 210.672; 89.6816, 209.46; 91.2806, 208.248; 92.8796, 207.036; 94.4787, 205.824; 96.0777, 204.612; 97.6768, 203.4; 99.2758, 202.188; 100.875, 200.976; 102.474, 199.764; 104.073, 198.552; 105.672, 197.34; 107.271, 196.128; 108.87, 194.916; 110.469, 193.704; 112.068, 192.492; 113.667, 191.28; 115.266, 190.068; 116.865, 188.856; 118.464, 187.644; 120.063, 186.432; 121.662, 185.22; 123.261, 184.009; 124.86, 182.797; 126.459, 181.585; 128.058, 180.373; 129.658, 179.161; 131.257, 177.949; 132.856, 176.737; 134.455, 175.525; 136.054, 174.313; 137.653, 173.101; 139.252, 171.889; 140.851, 170.677; 142.45, 169.465; 144.049, 168.253; 145.648, 167.041; 147.247, 165.829; 148.846, 164.617; 150.445, 163.405; 152.044, 162.193; 153.643, 160.981; 155.242, 159.769; 156.841, 158.557; 158.44, 157.345; 160.039, 156.133; 161.638, 154.921; 163.237, 153.709; 164.836, 152.497; 166.435, 151.285; 168.034, 150.074; 169.633, 148.862; 171.233, 147.65; 172.832, 146.438; 174.431, 145.226; 176.03, 144.014; 177.678, 143.414; 179.45, 144.355; 181.222, 145.296; 182.995, 146.236; 184.767, 147.177; 186.539, 148.118; 188.311, 149.059; 190.083, 150; 191.855, 150.94; 193.628, 151.881; 195.4, 152.822; 197.172, 153.763; 198.944, 154.704; 200.716, 155.645; 202.489, 156.585; 204.261, 157.526; 206.033, 158.467; 207.805, 159.408; 209.577, 160.349; 211.35, 161.289; 213.122, 162.23; 214.894, 163.171; 216.666, 164.112; 218.438, 165.053; 220.211, 165.993; 221.983, 166.934; 223.755, 167.875; 225.527, 168.816; 227.299, 169.757; 229.072, 170.697; 230.844, 171.638; 232.616, 172.579; 234.388, 173.52; 236.16, 174.461; 237.933, 175.401; 239.705, 176.342; 241.477, 177.283; 243.249, 178.224; 245.021, 179.165; 246.793, 180.105; 248.566, 181.046; 250.338, 181.987; 252.11, 182.928; 253.882, 183.869; 255.654, 184.809; 257.427, 185.75; 259.199, 186.691; 260.971, 187.632; 262.743, 188.573; 264.515, 189.513; 266.288, 190.454; 268.06, 191.395; 269.832, 192.336; 271.604, 193.277; 273.376, 194.217; 275.149, 195.158; 276.921, 196.099; 278.693, 197.04; 280.465, 197.981; 282.237, 198.921; 284.01, 199.862; 285.782, 200.803; 287.554, 201.744; 289.326, 202.685; 291.098, 203.625; 292.871, 204.566; 294.643, 205.507; 296.415, 206.448; 298.187, 207.389; 299.959, 208.329; 301.732, 209.27; 303.504, 210.211; 305.276, 211.152; 307.048, 212.093; 308.82, 213.034; 310.592, 213.974; 312.365, 214.915; 312.386, 214.927; 311.527, 216.713; 310.658, 218.521; 309.788, 220.329; 308.919, 222.138; ];
openCurve = [false ];
