b{1}=[68.882034,9.399635;66.942939,9.909338;65.01684,10.461845;63.104392,11.05659;61.206246,11.693006;59.323056,12.370527;57.455474,13.088587;55.604154,13.846618;53.769749,14.644055;51.952911,15.480331;50.154293,16.35488;48.374549,17.267135;46.614331,18.21653;44.874293,19.202498;43.155086,20.224473;41.457365,21.28189;39.781782,22.37418;38.12899,23.500778;36.499642,24.661118;34.894391,25.854633;33.31389,27.080756;31.758791,28.338922;30.229749,29.628563;28.727415,30.949114;27.252443,32.300007;25.805485,33.680677;24.387195,35.090558;22.998226,36.529082;21.63923,37.995683;20.31086,39.489795;19.01377,41.010852;17.748612,42.558287;16.516039,44.131533;15.316705,45.730025;14.151262,47.353196;13.020362,49.000479;11.92466,50.671308;10.864808,52.365116;9.841459,54.081338;8.855266,55.819407;7.906881,57.578755;6.996959,59.358818;6.126151,61.159029;5.297142,62.981397;4.513732,64.837804;3.779061,66.726362;3.097161,68.643098;2.472064,70.58404;1.907801,72.545215;1.408405,74.52265;0.977906,76.512374;0.620338,78.510413;0.339731,80.512795;0.140118,82.515547;0.02553,84.514697;0.0,86.506273;0.067559,88.486301;0.232238,90.45081;0.498071,92.395826;0.869088,94.317378;1.349321,96.211493;1.942802,98.074197;2.653564,99.901519;3.485637,101.689486;4.443054,103.434126;5.528704,105.109557;6.714616,106.706955;7.992205,108.2297;9.353324,109.680893;10.78983,111.063637;12.293577,112.381036;13.85642,113.636192;15.470216,114.832208;17.126818,115.972187;18.818083,117.05923;20.535865,118.096442;22.273735,119.088147;24.031528,120.041106;25.807504,120.955501;27.600974,121.831476;29.411247,122.669174;31.237632,123.468739;33.079438,124.230313;34.935976,124.954041;36.806554,125.640065;38.690481,126.288529;40.587068,126.899576;42.495623,127.47335;44.415457,128.009993;46.345878,128.50965;48.286195,128.972463;50.235719,129.398576;52.193759,129.788132;54.159624,130.141274;56.132623,130.458147;58.112066,130.738892;60.097263,130.983654;62.087522,131.192576;64.082153,131.3658;66.080466,131.503472;68.08177,131.605733;70.085374,131.672727;72.090588,131.704597;74.096721,131.701488;76.103083,131.663541;78.108983,131.590901;80.11373,131.483711;82.116634,131.342113;84.117005,131.166252;86.114151,130.956271;88.107382,130.712313;90.096007,130.434522;92.075236,130.1278;94.045046,129.792572;96.008392,129.425714;97.965027,129.027628;99.914703,128.59872;101.857172,128.139393;103.792186,127.650054;105.719496,127.131106;107.638856,126.582954;109.550016,126.006003;111.452729,125.400656;113.346748,124.76732;115.231823,124.106397;117.107707,123.418294;118.974153,122.703414;120.830911,121.962162;122.677735,121.194942;124.514376,120.40216;126.340585,119.58422;128.156117,118.741526;129.960721,117.874483;131.754151,116.983495;133.536158,116.068968;135.306494,115.131305;137.064912,114.170912;138.811162,113.188193;140.544999,112.183552;142.266173,111.157394;143.974436,110.110124;145.669541,109.042147;147.351239,107.953866;149.019283,106.845686;150.673424,105.718013;152.313415,104.57125;153.939007,103.405802;155.549953,102.222074;157.144618,101.021086;158.727651,99.795228;160.297798,98.542918;161.852455,97.263937;163.389018,95.958064;164.904883,94.62508;166.397446,93.264764;167.864102,91.876896;169.302248,90.461257;170.709279,89.017626;172.082591,87.545784;173.41958,86.045509;174.717642,84.516582;175.974172,82.958784;177.186567,81.371893;178.352221,79.75569;179.468532,78.109954;180.532894,76.434467;181.542705,74.729007;182.495358,72.993354;183.388251,71.227289;184.218779,69.430591;184.984338,67.603041;185.682324,65.744418;186.310132,63.854502;186.864644,61.93425;187.337927,59.992559;187.728404,58.033547;188.036569,56.060386;188.262914,54.076247;188.407935,52.084302;188.472123,50.087723;188.455972,48.089681;188.359976,46.093349;188.184627,44.101897;187.93042,42.118497;187.597848,40.146321;187.187404,38.188541;186.699581,36.248328;186.134872,34.328854;185.493772,32.433291;184.776774,30.564809;183.98437,28.726582;183.117055,26.92178;182.175321,25.153575;181.159662,23.425139;180.07111,21.740773;178.913002,20.105576;177.688053,18.521437;176.398943,16.990191;175.048352,15.513674;173.638963,14.093718;172.173456,12.732159;170.654512,11.43083;169.084813,10.191568;167.467039,9.016205;165.803872,7.906577;164.097993,6.864517;162.352083,5.891861;160.568823,4.990443;158.750895,4.162097;156.900978,3.408657;155.021756,2.731959;153.115908,2.133836;151.186115,1.616124;149.23506,1.180656;147.267395,0.831132;145.290541,0.559524;143.305698,0.35376;141.314141,0.204908;139.317148,0.104037;137.315994,0.042217;135.311955,0.010515;133.306306,0.0;131.30501,0.001865;129.305424,0.012002;127.305898,0.030347;125.306466,0.056925;123.307163,0.091757;121.308024,0.134867;119.309084,0.186278;117.310375,0.246013;115.311934,0.314095;113.313795,0.390546;111.315992,0.475391;109.31856,0.568651;107.321533,0.670351;105.324946,0.780512;103.328833,0.899158;101.333229,1.026313;99.338168,1.161998;97.343686,1.306238;95.349816,1.459054;93.356592,1.620471;91.364051,1.79051;89.372225,1.969196;87.38115,2.156551;85.39086,2.352598;83.40139,2.55736;81.412773,2.770861;79.425046,2.993122;77.438241,3.224168;75.452394,3.464021;73.46754,3.712704;71.483712,3.970241;69.500946,4.236654;67.519275,4.511966;65.538735,4.7962;63.559359,5.08938;61.581183,5.391528;59.604241,5.702668;59.012116,6.304533;60.80459,5.781874;60.982034,5.399635;];
clusterIdx(1)=1;
b{2}=[49.282034,8.699635;47.430853,9.443209;45.623562,10.270254;43.859088,11.176355;42.136357,12.1571;40.454295,13.208075;38.81183,14.324866;37.207887,15.50306;35.641394,16.738243;34.111275,18.026001;32.616458,19.361922;31.15587,20.741591;29.728436,22.160595;28.333084,23.61452;26.968739,25.098953;25.634328,26.60948;24.328777,28.141689;23.051013,29.691164;21.799383,31.252753;20.565703,32.827959;19.34641,34.414586;18.1383,36.010024;16.93817,37.611662;15.742817,39.21689;14.549037,40.823099;13.353627,42.427679;12.153385,44.028019;10.945107,45.621509;9.725589,47.20554;8.491629,48.777501;7.240023,50.334782;5.967568,51.874773;4.671061,53.394865;3.347298,54.892447;1.993077,56.364909;1.582034,56.799635;];
clusterIdx(2)=1;
b{3}=[18.282034,51.499635;16.751121,52.781259;15.312006,54.156791;13.963357,55.618914;12.703845,57.160311;11.53214,58.773662;10.44691,60.451651;9.446825,62.18696;8.530554,63.972271;7.696768,65.800266;6.944136,67.663628;6.271326,69.555039;5.677009,71.46718;5.15967,73.38801;4.709902,75.322373;4.321008,77.270397;3.986747,79.230768;3.700878,81.202172;3.457159,83.183295;3.24935,85.172823;3.071209,87.169443;2.916496,89.17184;2.778968,91.178701;2.652386,93.188711;2.530507,95.200557;2.482034,95.999635;];
clusterIdx(3)=1;
b{4}=[1.282034,98.599635;1.747106,100.418536;3.161563,101.859548;4.593936,103.263159;6.022572,104.663034;7.44853,106.060229;8.872866,107.455803;10.296639,108.850814;11.720905,110.246317;13.146722,111.643373;14.575148,113.043036;16.00724,114.446366;17.446504,115.852987;18.898585,117.25204;20.364777,118.629928;21.856355,119.969737;23.384591,121.254557;24.960761,122.467477;26.596139,123.591586;28.303603,124.609635;30.064106,125.504414;31.862622,126.279658;33.696388,126.943585;35.562644,127.504413;37.45863,127.970358;39.381585,128.349641;41.328748,128.650477;43.297358,128.881086;45.284655,129.049685;47.287878,129.164493;49.304266,129.233726;51.331059,129.265604;53.365495,129.268343;55.404815,129.250163;57.446257,129.21928;59.48706,129.183913;61.524465,129.15228;63.55571,129.132599;65.578034,129.133088;67.588677,129.161964;68.882034,129.199635;];
clusterIdx(4)=1;
