boundaryCurve{1} = [39.446, 45.148; 41.4487, 45.1202; 43.4504, 45.1471; 45.4501, 45.2286; 47.4466, 45.3647; 49.4387, 45.5552; 51.4255, 45.8002; 53.4057, 46.0995; 55.3776, 46.4513; 57.3392, 46.8518; 59.2899, 47.3007; 61.2286, 47.7977; 63.1545, 48.3427; 65.0666, 48.9353; 66.9642, 49.5753; 68.8463, 50.2606; 70.7119, 50.9881; 72.56, 51.7574; 74.39, 52.5683; 76.2012, 53.4204; 77.9929, 54.3135; 79.7644, 55.2472; 81.515, 56.2207; 83.2436, 57.2315; 84.9497, 58.2791; 86.6326, 59.363; 88.2918, 60.4828; 89.9267, 61.6381; 91.5368, 62.8286; 93.1212, 64.054; 94.6802, 65.311; 96.2143, 66.5976; 97.7231, 67.9135; 99.2061, 69.2583; 100.663, 70.6316; 102.093, 72.033; 103.496, 73.4622; 104.873, 74.9166; 106.225, 76.3942; 107.55, 77.8947; 108.849, 79.4178; 110.123, 80.9632; 111.369, 82.5304; 112.588, 84.1192; 113.782, 85.7272; 114.951, 87.353; 116.095, 88.9963; 117.214, 90.6568; 118.307, 92.3342; 119.375, 94.0283; 120.417, 95.7387; 121.436, 97.4641; 122.43, 99.2037; 123.4, 100.957; 124.346, 102.723; 125.267, 104.501; 126.164, 106.29; 127.038, 108.09; 127.888, 109.902; 128.717, 111.726; 129.524, 113.559; 130.308, 115.401; 131.071, 117.251; 131.813, 119.11; 132.535, 120.977; 133.236, 122.851; 133.918, 124.733; 134.581, 126.621; 135.226, 128.516; 135.853, 130.419; 136.461, 132.327; 137.053, 134.241; 137.627, 136.16; 138.185, 138.082; 138.727, 140.009; 139.255, 141.941; 139.767, 143.877; 140.265, 145.817; 140.749, 147.76; 141.22, 149.708; 141.679, 151.658; 142.124, 153.612; 142.557, 155.567; 142.979, 157.525; 143.39, 159.485; 143.79, 161.446; 144.18, 163.409; ];
boundaryCurve{2} = [57.361, 35.818; 59.2224, 36.6045; 61.0694, 37.4232; 62.9016, 38.2738; 64.7186, 39.1562; 66.52, 40.0702; 68.3054, 41.0155; 70.0743, 41.9919; 71.8271, 42.9997; 73.5625, 44.0375; 75.279, 45.1044; 76.9765, 46.2002; 78.6544, 47.3246; 80.3124, 48.4773; 81.9502, 49.6581; 83.5675, 50.8666; 85.1638, 52.1027; 86.7388, 53.366; 88.2922, 54.6563; 89.8236, 55.9733; 91.3327, 57.3168; 92.8191, 58.6864; 94.2824, 60.082; 95.7213, 61.5022; 97.1344, 62.9463; 98.5219, 64.4146; 99.8835, 65.9066; 101.219, 67.4222; 102.528, 68.9609; 103.81, 70.5224; 105.065, 72.1064; 106.289, 73.7142; 107.483, 75.344; 108.646, 76.9953; 109.777, 78.6676; 110.877, 80.3606; 111.945, 82.0737; 112.981, 83.8066; 113.985, 85.5587; 114.956, 87.3297; 115.894, 89.119; 116.799, 90.9263; 117.672, 92.7498; 118.509, 94.589; 119.311, 96.4434; 120.077, 98.3123; 120.807, 100.195; 121.501, 102.092; 122.158, 104.001; 122.779, 105.924; 123.363, 107.858; 123.91, 109.803; 124.42, 111.76; 124.892, 113.726; 125.322, 115.7; 125.711, 117.683; 126.057, 119.673; 126.362, 121.669; 126.624, 123.671; 126.844, 125.678; 127.022, 127.69; 127.158, 129.706; 127.251, 131.725; 127.301, 133.746; 127.306, 135.769; 127.264, 137.789; 127.174, 139.807; 127.036, 141.822; 126.85, 143.832; 126.616, 145.838; 126.335, 147.837; 126.007, 149.83; 125.632, 151.815; 125.209, 153.791; 124.739, 155.758; ];
openCurve = [true true ];
