boundaryCurve{1} = [42.108, 162.936; 42.0617, 160.923; 42.0509, 158.912; 42.0756, 156.902; 42.1359, 154.89; 42.2319, 152.881; 42.3636, 150.875; 42.5312, 148.87; 42.7336, 146.869; 42.9707, 144.872; 43.2422, 142.878; 43.5473, 140.89; 43.8861, 138.907; 44.2583, 136.931; 44.663, 134.961; 45.1, 132.997; 45.569, 131.041; 46.0706, 129.095; 46.6055, 127.155; 47.1718, 125.223; 47.7658, 123.302; 48.3908, 121.39; 49.0466, 119.487; 49.7317, 117.597; 50.4461, 115.716; 51.1897, 113.846; 51.9617, 111.99; 52.7624, 110.145; 53.5921, 108.311; 54.4491, 106.491; 55.3331, 104.684; 56.244, 102.89; 57.1818, 101.112; 58.1466, 99.3468; 59.1383, 97.5958; 60.1563, 95.8595; 61.1995, 94.1394; 62.2679, 92.4355; 63.3613, 90.7472; 64.4797, 89.0753; 65.6231, 87.4203; 66.7916, 85.7819; 67.9838, 84.161; 69.1988, 82.5583; 70.4374, 80.9735; 71.7007, 79.4074; 72.9866, 77.8608; 74.2953, 76.3337; 75.6273, 74.8257; 76.9814, 73.3383; 78.3576, 71.8715; 79.7563, 70.4234; 81.1745, 68.9968; 82.6121, 67.5917; 84.07, 66.2072; 85.5482, 64.8431; 87.0464, 63.4996; 88.5615, 62.1767; 90.0948, 60.875; 91.6469, 59.5945; 93.2178, 58.3346; 94.8036, 57.0957; 96.4036, 55.8782; 98.0194, 54.6821; 99.6521, 53.5074; 101.301, 52.3543; 102.965, 51.2231; 104.642, 50.1134; 106.334, 49.0248; 108.039, 47.9578; 109.758, 46.9132; 111.49, 45.8904; 113.236, 44.8893; 114.993, 43.9101; 116.762, 42.9523; 118.543, 42.0157; 120.334, 41.1015; 122.137, 40.2091; 123.951, 39.3387; 125.774, 38.4904; 127.608, 37.6633; 129.452, 36.8571; 131.306, 36.0735; 133.168, 35.3118; 135.038, 34.5718; 136.915, 33.8536; 138.802, 33.1574; 140.698, 32.4829; 142.602, 31.8305; 144.511, 31.2; 146.429, 30.5909; 148.355, 30.0033; 150.287, 29.4375; 152.223, 28.8939; 154.165, 28.3724; 156.114, 27.8726; 158.067, 27.3945; 160.026, 26.9379; 161.991, 26.5031; 163.96, 26.0908; 165.933, 25.701; ];
boundaryCurve{2} = [51.761, 161.664; 51.7496, 159.652; 51.7657, 157.641; 51.8095, 155.631; 51.8804, 153.621; 51.9778, 151.612; 52.1018, 149.604; 52.2527, 147.601; 52.43, 145.598; 52.6336, 143.595; 52.8637, 141.593; 53.1206, 139.597; 53.4043, 137.608; 53.7141, 135.623; 54.0495, 133.64; 54.4105, 131.661; 54.7972, 129.687; 55.2099, 127.719; 55.6484, 125.756; 56.1125, 123.799; 56.6016, 121.848; 57.116, 119.904; 57.6557, 117.966; 58.2201, 116.036; 58.8091, 114.113; 59.4231, 112.197; 60.0626, 110.29; 60.7265, 108.392; 61.4149, 106.502; 62.1276, 104.621; 62.8645, 102.75; 63.6257, 100.888; 64.4104, 99.0361; 65.2185, 97.1944; 66.05, 95.3627; 66.9059, 93.5416; 67.7865, 91.7334; 68.6917, 89.9381; 69.6199, 88.154; 70.5711, 86.382; 71.5455, 84.6224; 72.5431, 82.8754; 73.5637, 81.1423; 74.6073, 79.4233; 75.6734, 77.718; 76.7623, 76.0272; 77.8742, 74.3511; 79.0087, 72.6898; 80.1651, 71.0442; 81.3432, 69.4143; 82.5438, 67.7994; 83.7665, 66.2016; 85.0103, 64.622; 86.2753, 63.0602; 87.5613, 61.5147; 88.8679, 59.9852; 90.1958, 58.4742; 91.5455, 56.9846; 92.9152, 55.5114; 94.305, 54.0544; 95.7127, 52.6155; 97.1368, 51.1959; 98.5779, 49.7954; 100.039, 48.4131; 101.518, 47.05; 103.014, 45.7061; 104.528, 44.3818; 106.059, 43.0776; 107.607, 41.7934; 109.171, 40.5305; 110.752, 39.2878; 112.351, 38.0651; 113.965, 36.8625; 115.593, 35.6811; 117.235, 34.521; 118.892, 33.3823; 120.564, 32.2653; 122.251, 31.17; 123.953, 30.0966; 125.667, 29.0452; 127.395, 28.016; 129.136, 27.0093; 130.89, 26.0256; 132.657, 25.0647; 134.437, 24.1266; 136.229, 23.212; 138.031, 22.3209; 139.846, 21.4538; 141.671, 20.6106; 143.508, 19.7912; 145.356, 18.9953; 147.214, 18.2244; 149.082, 17.479; 150.96, 16.7592; 152.846, 16.0646; 154.743, 15.394; 156.648, 14.7474; 158.562, 14.1269; 160.483, 13.5338; 162.413, 12.968; ];
boundaryCurve{3} = [28.874, 152.393; 29.0827, 150.385; 29.3483, 148.383; 29.6713, 146.391; 30.0483, 144.408; 30.477, 142.436; 30.9585, 140.476; 31.4914, 138.528; 32.074, 136.595; 32.7047, 134.678; 33.3816, 132.776; 34.1054, 130.891; 34.8728, 129.023; 35.6799, 127.174; 36.5321, 125.344; 37.4253, 123.534; 38.3572, 121.742; 39.3276, 119.972; 40.3352, 118.223; 41.3782, 116.494; 42.4564, 114.788; 43.5692, 113.103; 44.7144, 111.44; 45.8924, 109.8; 47.1027, 108.185; 48.3424, 106.591; 49.6107, 105.021; 50.9066, 103.473; 52.2297, 101.948; 53.5782, 100.446; 54.9514, 98.9664; 56.3483, 97.5087; 57.7666, 96.0725; 59.2071, 94.6581; 60.668, 93.2638; 62.1488, 91.8922; 63.6482, 90.5405; 65.1665, 89.21; 66.7009, 87.8978; 68.2511, 86.6052; 69.8176, 85.3315; 71.3973, 84.0743; 72.9917, 82.8357; 74.6004, 81.6155; 76.2218, 80.4127; 77.8562, 79.2257; 79.4992, 78.0542; 81.1534, 76.8979; 82.82, 75.7567; 84.4946, 74.6295; 86.1787, 73.5153; 87.8708, 72.4148; 89.5717, 71.3263; 91.2798, 70.2506; 92.9953, 69.1874; 94.7189, 68.1366; 96.4504, 67.0982; 98.1893, 66.0724; 99.9354, 65.0593; 101.689, 64.0589; 103.451, 63.0712; 105.219, 62.0967; 106.994, 61.1355; 108.775, 60.1862; 110.563, 59.2487; 112.358, 58.3236; 114.159, 57.4114; 115.967, 56.5134; 117.782, 55.6298; 119.603, 54.7587; 121.43, 53.9003; 123.264, 53.0548; 125.104, 52.2227; 126.949, 51.4039; 128.8, 50.5985; 130.656, 49.8061; 132.519, 49.0273; 134.388, 48.2621; 136.262, 47.5103; 138.141, 46.7719; 140.025, 46.047; 141.914, 45.3358; 143.809, 44.6382; 145.708, 43.9543; 147.612, 43.284; 149.521, 42.6273; 151.435, 41.9845; 153.354, 41.3559; 155.277, 40.7417; 157.204, 40.1416; 159.136, 39.5547; 161.072, 38.981; 163.011, 38.4211; 164.955, 37.876; 166.903, 37.3458; 168.856, 36.8298; 170.811, 36.3272; 172.769, 35.838; ];
boundaryCurve{4} = [60.919, 152.783; 61.1927, 150.791; 61.4943, 148.803; 61.8236, 146.818; 62.1802, 144.838; 62.5639, 142.865; 62.9739, 140.896; 63.411, 138.933; 63.8754, 136.976; 64.3664, 135.026; 64.8835, 133.082; 65.4265, 131.146; 65.9957, 129.218; 66.5917, 127.296; 67.2136, 125.384; 67.8605, 123.479; 68.5325, 121.584; 69.2301, 119.698; 69.953, 117.821; 70.7011, 115.954; 71.4742, 114.098; 72.2722, 112.252; 73.0949, 110.416; 73.9416, 108.592; 74.8124, 106.78; 75.7078, 104.979; 76.6279, 103.191; 77.5713, 101.415; 78.5383, 99.6516; 79.5295, 97.9008; 80.5438, 96.1628; 81.5797, 94.4396; 82.6395, 92.7309; 83.7237, 91.0369; 84.83, 89.358; 85.9587, 87.6944; 87.1106, 86.0459; 88.2855, 84.4127; 89.4822, 82.7963; 90.701, 81.1968; 91.9418, 79.6143; 93.2046, 78.0493; 94.4894, 76.5017; 95.7952, 74.9723; 97.1219, 73.4609; 98.4693, 71.9676; 99.8369, 70.4931; 101.224, 69.0374; 102.633, 67.6017; 104.06, 66.1852; 105.507, 64.7876; 106.972, 63.4099; 108.456, 62.0525; 109.958, 60.715; 111.478, 59.3975; 113.014, 58.1006; 114.567, 56.8255; 116.138, 55.5703; 117.728, 54.3357; 119.333, 53.1243; 120.954, 51.9342; 122.592, 50.7654; 124.244, 49.6186; 125.911, 48.4939; 127.594, 47.3924; 129.291, 46.3138; 131.002, 45.2581; 132.728, 44.225; 134.467, 43.2145; 136.221, 42.2288; 137.987, 41.2662; 139.763, 40.326; 141.553, 39.4102; 143.356, 38.5198; 145.173, 37.6539; 146.999, 36.8117; 148.836, 35.9942; 150.683, 35.2023; 152.543, 34.4359; 154.414, 33.6949; 156.293, 32.9795; 158.182, 32.2904; 160.081, 31.6277; 161.989, 30.991; 163.905, 30.38; ];
openCurve = [true true true true ];
