boundaryCurve{1} = [28.936, 143.764; 29.7382, 141.908; 30.5754, 140.07; 31.4482, 138.248; 32.3552, 136.442; 33.2951, 134.654; 34.2706, 132.883; 35.276, 131.131; 36.3124, 129.398; 37.3818, 127.684; 38.4834, 125.99; 39.6155, 124.313; 40.7765, 122.661; 41.9673, 121.031; 43.1868, 119.42; 44.4337, 117.83; 45.7095, 116.261; 47.0109, 114.716; 48.3396, 113.194; 49.6955, 111.695; 51.0773, 110.223; 52.4862, 108.773; 53.9183, 107.349; 55.3771, 105.947; 56.8587, 104.572; 58.3621, 103.227; 59.892, 101.904; 61.4422, 100.611; 63.0185, 99.3423; 64.6152, 98.1047; 66.233, 96.8968; 67.8742, 95.7149; 69.5319, 94.5654; 71.2159, 93.4426; 72.9165, 92.3542; 74.6386, 91.2966; 76.3804, 90.2711; 78.1385, 89.2802; 79.9208, 88.3198; 81.7142, 87.3973; 83.5315, 86.5068; 85.3615, 85.653; 87.2077, 84.834; 89.0709, 84.0494; 90.9448, 83.3018; 92.8382, 82.5867; 94.7384, 81.9102; 96.6558, 81.2684; 98.5827, 80.6635; 100.52, 80.0942; 102.47, 79.5626; 104.431, 79.0696; 106.402, 78.6106; 108.372, 78.1863; 110.357, 77.8001; 112.346, 77.4512; 114.344, 77.1388; 116.345, 76.8645; 118.352, 76.6275; 120.362, 76.4276; 122.376, 76.2653; 124.394, 76.1396; 126.41, 76.0507; 128.432, 75.9994; 130.45, 75.9854; 132.472, 76.0088; 134.491, 76.0695; 136.51, 76.168; 138.526, 76.3027; 140.539, 76.4739; 142.549, 76.6826; 144.554, 76.9289; 146.555, 77.2125; 148.549, 77.5326; 150.54, 77.8899; 152.519, 78.283; ];
boundaryCurve{2} = [35.482, 141.751; 36.4134, 139.964; 37.3725, 138.193; 38.3593, 136.436; 39.3725, 134.695; 40.4115, 132.969; 41.477, 131.259; 42.5686, 129.566; 43.6855, 127.889; 44.8272, 126.228; 45.9925, 124.584; 47.1813, 122.959; 48.3965, 121.352; 49.6354, 119.763; 50.8979, 118.193; 52.1834, 116.641; 53.4917, 115.109; 54.8221, 113.597; 56.1746, 112.104; 57.5499, 110.631; 58.9471, 109.179; 60.3646, 107.747; 61.8026, 106.336; 63.2615, 104.947; 64.7405, 103.579; 66.2394, 102.233; 67.7578, 100.909; 69.2964, 99.6082; 70.8558, 98.3289; 72.4325, 97.0735; 74.0251, 95.8427; 75.6344, 94.6362; 77.2637, 93.4515; 78.9129, 92.289; 80.5773, 91.1539; 82.2581, 90.0432; 83.9552, 88.9571; 85.6681, 87.8969; 87.3972, 86.8627; 89.1415, 85.855; 90.9007, 84.8738; 92.6753, 83.9185; 94.464, 82.9905; 96.2667, 82.0911; 98.0833, 81.2201; 99.9124, 80.3751; 101.754, 79.5583; 103.608, 78.7699; 105.473, 78.0094; 107.35, 77.2766; 109.238, 76.5723; 111.136, 75.8969; 113.044, 75.2501; 114.962, 74.6316; 116.888, 74.0411; 118.822, 73.4786; 120.765, 72.945; 122.716, 72.4405; 124.673, 71.965; 126.637, 71.5179; 128.608, 71.0987; 130.585, 70.7085; 132.567, 70.3476; 134.554, 70.0154; 136.547, 69.7121; 138.542, 69.4377; 140.542, 69.1923; 142.544, 68.976; 144.55, 68.7887; 146.56, 68.6303; 148.57, 68.501; 150.582, 68.401; 152.595, 68.3301; 154.609, 68.2885; 156.625, 68.276; 158.64, 68.2928; 160.654, 68.3394; 162.667, 68.4156; 164.678, 68.5207; 166.689, 68.6551; 168.697, 68.819; 170.703, 69.0127; 172.705, 69.2364; 174.703, 69.4902; 176.698, 69.7736; 178.688, 70.0862; 180.673, 70.4281; 182.653, 70.8004; 184.628, 71.203; ];
boundaryCurve{3} = [21.568, 129.108; 22.5761, 127.363; 23.641, 125.655; 24.7601, 123.979; 25.933, 122.343; 27.1598, 120.745; 28.432, 119.184; 29.7503, 117.662; 31.114, 116.179; 32.5205, 114.736; 33.9654, 113.334; 35.449, 111.972; 36.9689, 110.651; 38.5239, 109.369; 40.1123, 108.131; 41.7311, 106.933; 43.3802, 105.777; 45.0582, 104.662; 46.7628, 103.589; 48.493, 102.558; 50.2488, 101.571; 52.0264, 100.623; 53.8233, 99.7149; 55.6405, 98.8457; 57.4754, 98.0142; 59.3294, 97.2226; 61.1912, 96.4653; 63.0747, 95.746; 64.969, 95.0604; 66.875, 94.4093; 68.7918, 93.7897; 70.7182, 93.2027; 72.6542, 92.6459; 74.5978, 92.1161; 76.5475, 91.6146; 78.5062, 91.1405; 80.4705, 90.6911; 82.4386, 90.2651; 84.4121, 89.8612; 86.3906, 89.4793; 88.3723, 89.1179; 90.3551, 88.7766; 92.3433, 88.4559; 94.3367, 88.1563; 96.332, 87.8773; 98.3287, 87.6183; 100.329, 87.3799; 102.331, 87.1626; 104.337, 86.9664; 106.342, 86.7905; 108.351, 86.6353; 110.361, 86.5018; 112.372, 86.3894; 114.384, 86.2973; 116.398, 86.2262; 118.411, 86.1772; 120.425, 86.149; 122.439, 86.1417; 124.454, 86.1558; 126.468, 86.1914; 128.48, 86.2486; 130.492, 86.327; 132.505, 86.4266; 134.516, 86.5482; 136.525, 86.6915; 138.533, 86.8558; 140.538, 87.0413; 142.541, 87.2493; 144.542, 87.4796; 146.541, 87.7306; 148.536, 88.0035; 150.529, 88.2983; 152.518, 88.615; ];
boundaryCurve{4} = [44.144, 141.672; 45.1807, 139.961; 46.2428, 138.265; 47.3306, 136.584; 48.4409, 134.921; 49.5784, 133.273; 50.7372, 131.643; 51.919, 130.029; 53.1278, 128.435; 54.3621, 126.859; 55.6155, 125.299; 56.8886, 123.758; 58.187, 122.236; 59.5098, 120.734; 60.8536, 119.251; 62.2184, 117.79; 63.6049, 116.347; 65.0111, 114.924; 66.4418, 113.524; 67.8918, 112.147; 69.3652, 110.79; 70.8558, 109.459; 72.3702, 108.148; 73.902, 106.864; 75.4569, 105.602; 77.0283, 104.367; 78.6225, 103.155; 80.2333, 101.971; 81.866, 100.81; 83.5144, 99.6799; 85.1843, 98.575; 86.8697, 97.4998; 88.5754, 96.4519; 90.2972, 95.4354; 92.0391, 94.4473; 93.7952, 93.4922; 95.5705, 92.5667; 97.3581, 91.6714; 99.1642, 90.809; 100.985, 89.9814; 102.824, 89.1844; 104.67, 88.422; 106.534, 87.6926; 108.409, 86.9981; 110.3, 86.3367; 112.198, 85.7123; 114.112, 85.1234; 116.033, 84.5727; 117.968, 84.0562; 119.908, 83.5749; 121.862, 83.132; 123.819, 82.7269; 125.787, 82.3601; 127.759, 82.0342; 129.74, 81.7462; 131.726, 81.4966; 133.716, 81.2884; 135.709, 81.122; 137.705, 80.9967; 139.705, 80.9136; 141.704, 80.8722; 143.706, 80.8735; 145.705, 80.9178; 147.705, 81.0062; 149.699, 81.14; ];
openCurve = [true true true true ];
