boundaryCurve{1} = [41.078, 63.424; 43.0253, 62.8848; 44.9949, 62.4437; 46.9829, 62.1013; 48.9857, 61.8582; 50.9995, 61.715; 53.0203, 61.6721; 55.0398, 61.7179; 57.0544, 61.8463; 59.0616, 62.0572; 61.0588, 62.3501; 63.0434, 62.7248; 65.013, 63.1786; 66.9655, 63.697; 68.8996, 64.2775; 70.8137, 64.9197; 72.7065, 65.6229; 74.5764, 66.3868; 76.4222, 67.2099; 78.2449, 68.0818; 80.0442, 68.9997; 81.8192, 69.963; 83.569, 70.9713; 85.2928, 72.0241; 86.9897, 73.1209; 88.6598, 74.2589; 90.3065, 75.4295; 91.93, 76.6317; 93.5297, 77.865; 95.1052, 79.1292; 96.656, 80.4239; 98.1817, 81.7488; 99.684, 83.1005; 101.166, 84.4744; 102.626, 85.8703; 104.065, 87.288; 105.483, 88.7272; 106.879, 90.1877; 108.253, 91.6693; 109.595, 93.1561; 110.914, 94.6521; 112.22, 96.1727; 113.513, 97.7169; 114.794, 99.2839; 116.062, 100.873; 117.317, 102.483; 118.559, 104.112; 119.755, 105.717; 120.937, 107.338; 122.106, 108.977; 123.263, 110.632; 124.407, 112.302; 125.537, 113.988; 126.654, 115.688; 127.754, 117.397; 128.826, 119.093; 129.887, 120.802; 130.935, 122.524; 131.972, 124.257; 132.997, 126.001; 134.011, 127.757; 135.014, 129.524; 136.002, 131.294; 136.969, 133.055; 137.927, 134.826; 138.874, 136.606; 139.812, 138.396; 140.741, 140.193; 141.66, 141.999; 142.57, 143.813; 143.468, 145.63; 144.351, 147.439; 145.225, 149.255; 146.091, 151.078; 146.949, 152.907; 147.799, 154.742; 148.641, 156.583; 149.476, 158.429; 150.303, 160.279; 151.119, 162.124; 151.928, 163.974; 152.73, 165.827; 153.526, 167.685; 154.316, 169.546; 155.099, 171.41; 155.877, 173.277; 156.649, 175.147; ];
boundaryCurve{2} = [50.76, 44.022; 52.6337, 44.7825; 54.4857, 45.5927; 56.3149, 46.4522; 58.1204, 47.3605; 59.9012, 48.3171; 61.6562, 49.3214; 63.3871, 50.3673; 65.0951, 51.4489; 66.7798, 52.5661; 68.4406, 53.7184; 70.0769, 54.9055; 71.6881, 56.1269; 73.2743, 57.3814; 74.8382, 58.6632; 76.38, 59.9711; 77.8992, 61.3048; 79.3956, 62.6641; 80.8688, 64.0487; 82.3185, 65.4582; 83.7447, 66.892; 85.1497, 68.3463; 86.5338, 69.8201; 87.897, 71.3132; 89.2389, 72.8254; 90.5593, 74.3564; 91.8581, 75.906; 93.135, 77.474; 94.3885, 79.0611; 95.6217, 80.6637; 96.8351, 82.2809; 98.0285, 83.9126; 99.2019, 85.5586; 100.355, 87.2187; 101.488, 88.8927; 102.6, 90.5805; 103.692, 92.2818; 104.763, 93.9965; 105.813, 95.7244; 106.842, 97.4653; 107.853, 99.2168; 108.846, 100.978; 109.821, 102.75; 110.777, 104.531; 111.715, 106.322; 112.634, 108.122; 113.535, 109.932; 114.416, 111.751; 115.279, 113.579; 116.123, 115.417; 116.948, 117.262; 117.754, 119.117; 118.541, 120.98; 119.311, 122.85; 120.061, 124.728; 120.792, 126.613; 121.504, 128.505; 122.196, 130.404; 122.869, 132.311; 123.523, 134.224; 124.156, 136.143; 124.77, 138.069; 125.365, 140.001; 125.94, 141.94; 126.495, 143.884; 127.03, 145.835; 127.546, 147.79; 128.039, 149.751; 128.509, 151.717; 128.957, 153.689; 129.383, 155.665; 129.785, 157.646; 130.165, 159.631; 130.522, 161.62; 130.856, 163.614; 131.167, 165.611; 131.455, 167.613; 131.721, 169.617; 131.963, 171.625; ];
openCurve = [true true ];
