boundaryCurve{1} = [93.172, 49.091; 95.1595, 48.8784; 97.152, 48.6976; 99.1492, 48.5488; 101.151, 48.432; 103.149, 48.347; 105.149, 48.2931; 107.152, 48.2704; 109.155, 48.2788; 111.154, 48.3182; 113.154, 48.3884; 115.154, 48.4895; 117.154, 48.6213; 119.149, 48.7833; 121.141, 48.9756; 123.131, 49.1981; 125.117, 49.451; 127.097, 49.7338; 129.074, 50.0465; 131.047, 50.3892; 133.016, 50.7615; 134.977, 51.1632; 136.932, 51.5945; 138.88, 52.0553; 140.821, 52.5455; 142.754, 53.0649; 144.678, 53.6137; 146.595, 54.1919; 148.504, 54.7995; 150.402, 55.4358; 152.29, 56.1009; 154.168, 56.7948; 156.026, 57.5259; 156.412, 57.692; 157.727, 58.315; 157.844, 58.3756; 158.992, 59.025; 159.564, 59.3949; 160.159, 59.825; 161.113, 60.6569; 161.181, 60.725; 162.013, 61.733; 162.322, 62.2401; 162.607, 62.853; 162.915, 64.092; 162.92, 64.1325; 162.945, 64.78; 162.884, 65.458; 162.746, 66.1146; 162.744, 66.124; 162.544, 66.78; 162.289, 67.425; 162.034, 67.9812; 161.996, 68.059; 161.678, 68.682; 161.349, 69.294; 161.1, 69.752; 160.145, 71.5102; 159.187, 73.2683; 158.228, 75.0265; 157.267, 76.7841; 156.305, 78.54; 155.341, 80.2949; 154.376, 82.049; 153.408, 83.8019; 152.436, 85.5524; 151.46, 87.3006; 150.48, 89.0465; 149.496, 90.7901; 148.508, 92.5308; 147.513, 94.2685; 146.513, 96.0032; 145.507, 97.7347; 144.495, 99.4621; 143.475, 101.185; 142.449, 102.905; 141.416, 104.619; 140.375, 106.329; 139.325, 108.034; 138.266, 109.733; 137.199, 111.427; 136.122, 113.115; 135.035, 114.796; 133.939, 116.472; 132.833, 118.14; 131.716, 119.801; 130.588, 121.454; 129.447, 123.101; 128.294, 124.739; 127.13, 126.368; 125.954, 127.986; 124.754, 129.591; 123.536, 131.18; 122.296, 132.752; 121.032, 134.304; 119.742, 135.834; 118.422, 137.34; 117.071, 138.818; 115.689, 140.266; 114.273, 141.679; 112.819, 143.058; 111.332, 144.398; 109.81, 145.695; 108.247, 146.947; 106.647, 148.151; 105.008, 149.302; 103.334, 150.397; 101.621, 151.436; 99.8758, 152.413; 98.0948, 153.328; 96.2818, 154.176; 94.4377, 154.955; 92.5628, 155.657; 90.6656, 156.281; 88.7351, 156.827; 86.7889, 157.287; 84.821, 157.663; 82.8403, 157.947; 80.8486, 158.141; 78.8533, 158.243; 76.8507, 158.262; 74.8505, 158.195; 72.8555, 158.041; 70.8668, 157.804; 68.8917, 157.486; 66.9291, 157.087; 64.9862, 156.609; 63.0637, 156.052; 61.1657, 155.416; 59.2962, 154.703; 57.4564, 153.912; 55.6523, 153.045; 53.888, 152.104; 52.1653, 151.085; 50.4889, 149.993; 48.8624, 148.825; 47.2904, 147.588; 45.7751, 146.282; 44.3189, 144.91; 42.9231, 143.473; 41.5922, 141.977; 40.3314, 140.426; 39.1357, 138.814; 38.0184, 137.158; 36.9742, 135.453; 36.0078, 133.701; 35.1237, 131.906; 34.3255, 130.071; 33.6146, 128.2; 32.9961, 126.297; 32.4729, 124.366; 32.0507, 122.41; 31.731, 120.435; ];
boundaryCurve{2} = [99.669, 61.3; 101.667, 61.0907; 103.669, 60.9055; 105.673, 60.7444; 107.679, 60.6075; 109.685, 60.4946; 111.693, 60.4053; 113.704, 60.3399; 115.712, 60.2983; 117.721, 60.281; 119.732, 60.2882; 121.745, 60.3197; 123.756, 60.3747; 125.766, 60.4519; 127.773, 60.5514; 129.778, 60.6738; 131.782, 60.8213; 133.785, 60.9921; 135.787, 61.1863; 137.786, 61.4038; 139.782, 61.6445; 141.775, 61.9086; 143.765, 62.1961; 145.75, 62.5062; 147.732, 62.8398; 149.711, 63.1968; 151.686, 63.5771; 153.656, 63.9806; 155.62, 64.4073; 157.579, 64.8574; 159.529, 65.3353; 159.924, 65.442; 161.183, 65.823; 161.457, 65.9158; 162.415, 66.276; 163.317, 66.6798; 163.588, 66.817; 164.67, 67.462; 165.029, 67.7203; 165.63, 68.226; 166.43, 69.126; 166.44, 69.1392; 167.046, 70.175; 167.325, 70.929; 167.408, 71.254; 167.553, 72.354; 167.553, 72.9152; 167.51, 73.467; 167.31, 74.583; 167.231, 74.8924; 166.987, 75.694; 166.573, 76.792; 166.572, 76.794; 166.096, 77.867; 165.733, 78.6203; 165.589, 78.909; 164.835, 80.416; 163.935, 82.2134; 163.034, 84.011; 162.133, 85.8088; 161.23, 87.6055; 160.323, 89.3999; 159.413, 91.1925; 158.498, 92.9831; 157.58, 94.7718; 156.656, 96.5577; 155.728, 98.3409; 154.794, 100.121; 153.854, 101.899; 152.907, 103.673; 151.952, 105.443; 150.989, 107.207; 150.018, 108.967; 149.037, 110.722; 148.047, 112.472; 147.048, 114.217; 146.038, 115.955; 145.018, 117.688; 143.985, 119.413; 142.94, 121.13; 141.883, 122.84; 140.813, 124.541; 139.73, 126.235; 138.633, 127.919; 137.522, 129.595; 136.397, 131.262; 135.258, 132.916; 134.103, 134.56; 132.931, 136.194; 131.742, 137.818; 130.538, 139.425; 129.313, 141.021; 128.067, 142.6; 126.795, 144.157; 125.496, 145.693; 124.169, 147.202; 122.81, 148.683; 121.418, 150.133; 119.99, 151.549; 118.525, 152.926; 117.023, 154.261; 115.48, 155.549; 113.897, 156.786; 112.272, 157.967; 110.606, 159.092; 108.9, 160.151; 107.149, 161.146; 105.363, 162.065; 103.54, 162.91; 101.683, 163.679; 99.7974, 164.373; 97.8862, 164.993; 95.9516, 165.538; 93.9982, 166.008; 92.0282, 166.404; 90.0446, 166.727; 88.0508, 166.977; 86.0489, 167.152; 84.0411, 167.255; 82.032, 167.284; 80.0238, 167.241; 78.0184, 167.124; 76.0179, 166.934; 74.0247, 166.671; 72.0435, 166.335; 70.0764, 165.925; 68.125, 165.442; 66.1939, 164.886; 64.2866, 164.255; 62.4053, 163.552; 60.5521, 162.777; 58.729, 161.93; 56.9396, 161.015; 55.1863, 160.033; 53.4705, 158.987; 51.7937, 157.878; 50.1596, 156.709; 48.57, 155.481; 47.0264, 154.195; 45.5304, 152.854; 44.0838, 151.457; 42.6903, 150.01; 41.3514, 148.511; 40.0688, 146.964; 38.8465, 145.369; 37.6861, 143.729; 36.5885, 142.045; 35.558, 140.321; 34.597, 138.556; 33.708, 136.754; 32.895, 134.917; 32.159, 133.047; ];
