boundaryCurve{1} = [64.141, 108.516; 65.0955, 106.694; 66.1298, 104.927; 67.2412, 103.217; 68.4271, 101.568; 69.685, 99.9795; 71.0123, 98.4552; 72.4063, 96.9966; 73.8646, 95.6058; 75.3844, 94.285; 76.9632, 93.036; 78.5984, 91.861; 80.2875, 90.762; 82.0277, 89.7411; 83.8167, 88.8004; 85.6516, 87.9417; 87.53, 87.1674; 89.4493, 86.4792; 91.4068, 85.8794; 93.4, 85.37; ];
boundaryCurve{2} = [74.8, 103.119; 76.2148, 101.585; 77.6778, 100.104; 79.1873, 98.6777; 80.7419, 97.3063; 82.3399, 95.991; 83.9797, 94.7325; 85.6599, 93.5318; 87.3787, 92.3898; 89.1347, 91.3075; 90.9263, 90.2856; 92.7518, 89.3252; 94.6097, 88.427; 96.4984, 87.5921; 98.4164, 86.8212; 100.362, 86.1154; 102.334, 85.4755; 104.33, 84.9023; 106.349, 84.3969; 108.39, 83.96; ];
openCurve = [true true ];
