boundaryCurve{1} = [40.063, 135.083; 40.7966, 136.946; 41.6516, 138.756; 42.625, 140.506; 43.7081, 142.189; 44.895, 143.801; 46.1807, 145.337; 47.5551, 146.792; 49.0138, 148.164; 50.5497, 149.449; 52.1546, 150.646; 53.8248, 151.751; 55.5522, 152.763; 57.3297, 153.68; 59.1531, 154.5; 61.0187, 155.222; 62.9224, 155.842; 64.8558, 156.361; 66.8136, 156.772; 68.7919, 157.076; 70.7849, 157.268; 72.7854, 157.345; 74.7872, 157.306; 76.7829, 157.16; 78.7688, 156.912; 80.7401, 156.565; 82.692, 156.123; 84.621, 155.588; 86.5232, 154.965; 88.3959, 154.259; 90.2361, 153.47; 92.0415, 152.605; 93.8101, 151.668; 95.5397, 150.659; 97.2291, 149.585; 98.8761, 148.448; 100.479, 147.254; 102.042, 146; 103.561, 144.692; 105.03, 143.333; 106.453, 141.923; 107.827, 140.466; 109.152, 138.964; 110.424, 137.419; 111.647, 135.83; 112.823, 134.208; 113.951, 132.56; 115.031, 130.877; 116.065, 129.159; 117.052, 127.417; 117.996, 125.652; 118.898, 123.862; 119.755, 122.053; 120.572, 120.225; 121.35, 118.377; 122.087, 116.518; 122.787, 114.641; 123.451, 112.749; 124.079, 110.849; 124.673, 108.936; 125.234, 107.011; 125.765, 105.079; 126.264, 103.14; 126.731, 101.192; 127.173, 99.2374; 127.588, 97.2798; 127.976, 95.3152; 128.342, 93.3458; 128.686, 91.3735; 129.015, 89.3978; 129.329, 87.4186; 129.632, 85.4388; 129.924, 83.4569; 130.208, 81.4738; 130.49, 79.4908; 130.77, 77.5077; 131.052, 75.5246; 131.335, 73.5414; 131.625, 71.5589; 131.923, 69.5785; 132.234, 67.6005; 132.56, 65.6242; 132.9, 63.6489; 133.261, 61.678; 133.645, 59.7138; 134.054, 57.7553; 134.492, 55.8001; 134.96, 53.8508; 135.463, 51.9123; 136.003, 49.9833; 136.583, 48.0653; 137.204, 46.1625; 137.871, 44.2707; 138.59, 42.4025; 139.357, 40.553; 140.176, 38.7251; 141.052, 36.9268; 141.99, 35.1537; 142.985, 33.4195; 144.045, 31.7224; 145.172, 30.0679; 146.365, 28.4595; 147.627, 26.9059; 148.786, 25.342; ];
boundaryCurve{2} = [49.5, 132.977; 50.9024, 134.426; 52.329, 135.856; 53.7794, 137.261; 55.2544, 138.636; 56.7569, 139.985; 58.2873, 141.299; 59.851, 142.58; 61.4409, 143.817; 63.0665, 145.016; 64.721, 146.168; 66.4121, 147.272; 68.1345, 148.32; 69.8919, 149.311; 71.6824, 150.242; 73.5067, 151.106; 75.3619, 151.895; 77.2485, 152.604; 79.169, 153.232; 81.1131, 153.772; 83.0787, 154.225; 85.064, 154.584; 87.0644, 154.85; 89.0757, 155.017; 91.0893, 155.08; 93.1058, 155.038; 95.1172, 154.886; 97.1162, 154.619; 99.0963, 154.235; 101.048, 153.73; 102.966, 153.104; 104.838, 152.355; 106.657, 151.484; 108.416, 150.499; 110.11, 149.405; 111.736, 148.213; 113.292, 146.929; 114.777, 145.564; 116.191, 144.126; 117.534, 142.628; 118.811, 141.061; 120.016, 139.448; 121.165, 137.787; 122.25, 136.086; 123.276, 134.347; 124.245, 132.574; 125.16, 130.774; 126.02, 128.951; 126.83, 127.1; 127.588, 125.233; 128.3, 123.345; 128.977, 121.444; 129.618, 119.53; 130.222, 117.605; 130.791, 115.669; 131.323, 113.723; 131.828, 111.778; 132.306, 109.823; 132.76, 107.858; 133.191, 105.885; 133.602, 103.905; 133.995, 101.917; 134.369, 99.9368; 134.727, 97.9527; 135.073, 95.9649; 135.408, 93.974; 135.735, 91.9806; 136.056, 89.9854; 136.372, 87.9889; 136.686, 85.9925; 136.999, 83.997; 137.313, 82.0032; 137.631, 80.0119; 137.954, 78.024; 138.286, 76.0265; 138.629, 74.03; 138.982, 72.0395; 139.35, 70.0556; 139.732, 68.0794; 140.132, 66.1118; 140.556, 64.1323; 141.004, 62.1552; 141.476, 60.1894; 141.975, 58.2358; 142.501, 56.2953; 143.059, 54.3689; 143.649, 52.4429; 144.282, 50.5266; 144.956, 48.6249; 145.671, 46.7385; 146.428, 44.8681; 147.226, 43.0143; 148.07, 41.1813; 148.967, 39.374; 149.915, 37.5936; 150.914, 35.841; 151.962, 34.1175; 153.06, 32.424; ];
openCurve = [true true ];
