boundaryCurve{1} = [67.11, 113.281; 67.5421, 111.179; 68.0995, 109.125; 68.7774, 107.124; 69.5711, 105.184; 70.476, 103.31; 71.4873, 101.511; 72.6002, 99.7922; 73.8103, 98.1611; 75.1126, 96.6241; 76.5025, 95.1881; 77.9753, 93.8599; 79.5263, 92.6461; 81.1507, 91.5535; 82.844, 90.589; ];
boundaryCurve{2} = [76.251, 105.594; 77.385, 103.988; 78.5883, 102.415; 79.8583, 100.874; 81.1928, 99.3688; 82.5895, 97.8998; 84.0459, 96.4689; 85.5597, 95.0778; 87.1286, 93.728; 88.7501, 92.4211; 90.422, 91.1588; 92.1419, 89.9426; 93.9074, 88.7741; 95.7162, 87.6549; 97.566, 86.5867; 99.4543, 85.571; 101.379, 84.6094; 103.337, 83.7035; 105.327, 82.855; ];
openCurve = [true true ];
