boundaryCurve{1} = [145.054, 33.345; 144.843, 35.3404; 144.632, 37.3359; 144.42, 39.3313; 144.208, 41.3267; 143.995, 43.3218; 143.78, 45.3168; 143.563, 47.3117; 143.344, 49.3065; 143.124, 51.3012; 142.9, 53.2954; 142.674, 55.2891; 142.445, 57.2824; 142.212, 59.2752; 141.975, 61.2677; 141.735, 63.2598; 141.49, 65.2516; 141.24, 67.2425; 140.986, 69.2328; 140.726, 71.2226; 140.462, 73.2119; 140.193, 75.2008; 139.917, 77.1886; 139.634, 79.1751; 139.344, 81.1602; 139.048, 83.1448; 138.745, 85.1286; 138.434, 87.111; 138.116, 89.0919; 137.79, 91.0713; 137.455, 93.0494; 137.111, 95.0263; 136.759, 97.002; 136.397, 98.9749; 136.026, 100.946; 135.643, 102.916; 135.248, 104.885; 134.838, 106.849; 134.411, 108.81; 133.967, 110.767; 133.503, 112.719; 133.02, 114.667; 132.517, 116.609; 131.989, 118.546; 131.436, 120.474; 130.858, 122.395; 130.251, 124.308; 129.617, 126.211; 128.953, 128.105; 128.257, 129.987; 127.527, 131.855; 126.763, 133.709; 125.963, 135.549; 125.127, 137.373; 124.254, 139.179; 123.342, 140.964; 122.389, 142.729; 121.394, 144.471; 120.355, 146.187; 119.262, 147.872; 118.115, 149.519; 116.911, 151.125; 115.647, 152.682; 114.317, 154.187; 112.924, 155.627; 111.459, 157; 109.926, 158.289; 108.319, 159.488; 106.641, 160.586; 104.893, 161.568; 103.081, 162.426; 101.211, 163.147; 99.2896, 163.723; 97.3302, 164.147; 95.3428, 164.421; 93.3418, 164.548; 91.3363, 164.53; 89.3381, 164.377; 87.3542, 164.094; 85.3914, 163.685; 83.4565, 163.163; 81.5546, 162.528; 79.6902, 161.791; 77.8674, 160.956; 76.0899, 160.028; 74.3611, 159.012; 72.6846, 157.912; 71.0637, 156.732; 69.5014, 155.475; 68.0021, 154.143; 66.5701, 152.74; 65.2055, 151.265; 63.9058, 149.736; 62.6713, 148.161; 61.4939, 146.537; 60.3747, 144.873; 59.3129, 143.172; 58.3064, 141.437; 57.3559, 139.67; 56.4548, 137.88; 55.5969, 136.064; 54.7859, 134.231; 54.0166, 132.378; 53.2883, 130.506; 52.5944, 128.624; 51.9313, 126.729; 51.2988, 124.825; 50.6937, 122.912; 50.1141, 120.988; 49.556, 119.059; 49.02, 117.13; ];
boundaryCurve{2} = [150.98, 34.488; 150.916, 36.4933; 150.85, 38.4999; 150.78, 40.5076; 150.707, 42.5166; 150.631, 44.5269; 150.552, 46.5383; 150.469, 48.5491; 150.381, 50.5568; 150.286, 52.5643; 150.184, 54.5716; 150.075, 56.5788; 149.959, 58.5858; 149.836, 60.5926; 149.707, 62.5996; 149.57, 64.6058; 149.424, 66.6109; 149.269, 68.615; 149.106, 70.618; 148.934, 72.6198; 148.754, 74.6209; 148.562, 76.6245; 148.359, 78.6257; 148.143, 80.6246; 147.915, 82.6212; 147.674, 84.6155; 147.422, 86.6075; 147.156, 88.6; 146.876, 90.5932; 146.582, 92.5829; 146.273, 94.5692; 145.95, 96.5521; 145.613, 98.5316; 145.262, 100.508; 144.894, 102.485; 144.508, 104.459; 144.104, 106.428; 143.682, 108.392; 143.242, 110.352; 142.783, 112.308; 142.306, 114.259; 141.81, 116.207; 141.293, 118.149; 140.756, 120.085; 140.2, 122.016; 139.624, 123.941; 139.027, 125.861; 138.411, 127.771; 137.772, 129.672; 137.11, 131.567; 136.423, 133.455; 135.713, 135.336; 134.979, 137.21; 134.222, 139.076; 133.44, 140.923; 132.622, 142.765; 131.766, 144.582; 130.862, 146.379; 129.909, 148.148; 128.903, 149.89; 127.831, 151.589; 126.691, 153.246; 125.482, 154.849; 124.198, 156.391; 122.83, 157.863; 121.379, 159.252; 119.844, 160.548; 118.226, 161.737; 116.528, 162.809; 114.756, 163.753; 112.918, 164.562; 111.026, 165.237; 109.092, 165.778; 107.126, 166.187; 105.137, 166.467; 103.134, 166.62; 101.126, 166.648; 99.1192, 166.555; 97.1216, 166.343; 95.14, 166.014; 93.1812, 165.568; 91.2517, 165.01; 89.3584, 164.339; 87.5082, 163.556; 85.7053, 162.67; 83.9525, 161.688; 82.2545, 160.615; 80.6143, 159.454; 79.0326, 158.216; 77.5118, 156.904; 76.054, 155.521; 74.6599, 154.074; 73.329, 152.568; 72.0647, 151.006; 70.8676, 149.392; 69.7366, 147.73; 68.6695, 146.027; 67.6704, 144.282; 66.7419, 142.502; 65.8775, 140.687; 65.0755, 138.845; 64.3381, 136.976; 63.6639, 135.082; 63.0477, 133.169; 62.4882, 131.239; 61.9847, 129.294; 61.5355, 127.335; 61.1362, 125.365; 60.7863, 123.386; 60.4836, 121.399; 60.2257, 119.404; 60.009, 117.406; 59.8333, 115.403; 59.697, 113.399; ];
openCurve = [true true ];
