boundaryCurve{1} = [80.3289, 194.822; 82.3098, 194.531; 84.2909, 194.182; 86.252, 193.783; 88.213, 193.331; 90.1518, 192.836; 92.0897, 192.293; 94.0055, 191.714; 95.9189, 191.093; 97.812, 190.439; 99.7007, 189.75; 101.572, 189.033; 103.437, 188.285; 105.289, 187.513; 107.131, 186.716; 108.965, 185.896; 110.786, 185.057; 112.604, 184.197; 114.408, 183.324; 116.211, 182.431; 117.999, 181.529; 119.787, 180.61; 121.566, 179.683; 123.341, 178.745; 125.112, 177.799; 126.878, 176.846; 128.643, 175.885; 130.402, 174.921; 132.162, 173.952; 133.919, 172.982; 135.675, 172.01; 137.432, 171.037; 139.188, 170.066; 140.946, 169.096; 142.706, 168.129; 144.467, 167.167; 146.233, 166.209; 147.999, 165.259; 149.774, 164.315; 151.549, 163.382; 153.333, 162.458; 155.121, 161.546; 156.916, 160.648; 158.72, 159.763; 160.527, 158.896; 162.349, 158.044; 164.171, 157.215; 166.013, 156.403; 167.855, 155.617; 169.716, 154.853; 171.581, 154.12; 173.463, 153.413; 175.351, 152.739; 177.255, 152.098; 179.168, 151.495; 181.095, 150.93; 183.033, 150.408; 184.981, 149.931; 186.942, 149.501; 188.912, 149.123; 190.893, 148.798; 192.881, 148.531; 194.877, 148.324; 196.877, 148.179; 198.882, 148.102; 200.888, 148.091; 202.893, 148.149; 204.895, 148.274; 206.893, 148.461; 208.884, 148.71; 210.867, 149.016; 212.841, 149.376; 214.804, 149.788; 216.758, 150.249; 218.699, 150.754; 220.631, 151.304; 222.548, 151.892; 224.458, 152.519; 226.35, 153.178; 228.238, 153.873; 230.106, 154.594; 231.974, 155.347; 233.819, 156.12; 235.665, 156.921; 237.493, 157.741; 239.318, 158.582; 241.131, 159.441; 242.938, 160.316; 244.738, 161.207; 246.529, 162.11; 248.318, 163.027; 250.097, 163.952; 251.876, 164.889; 253.646, 165.831; 255.415, 166.782; 257.18, 167.737; 258.943, 168.697; 260.705, 169.661; 262.465, 170.626; 264.225, 171.592; 265.985, 172.558; 267.745, 173.522; 269.508, 174.484; 271.272, 175.442; 273.039, 176.396; 274.809, 177.342; 276.583, 178.283; 278.362, 179.214; 280.144, 180.134; 281.936, 181.045; 283.728, 181.941; 285.535, 182.826; 287.342, 183.692; 289.163, 184.544; 290.989, 185.374; 292.827, 186.186; 294.672, 186.974; 296.528, 187.738; 298.396, 188.475; 300.272, 189.183; 302.164, 189.861; 304.062, 190.504; 305.978, 191.114; 307.898, 191.682; 309.839, 192.212; 311.781, 192.695; 313.745, 193.133; 315.709, 193.52; 317.692, 193.855; 319.61, 194.125; 319.61, 194.19; 319.623, 196.197; 319.636, 198.205; 319.649, 200.212; 319.662, 202.219; 319.674, 204.121; 319.582, 204.109; 317.687, 203.831; 315.641, 203.481; 313.727, 203.103; 311.68, 202.641; 309.74, 202.152; 307.8, 201.614; 305.883, 201.04; 303.968, 200.423; 302.074, 199.774; 300.183, 199.089; 298.311, 198.376; 296.444, 197.633; 294.591, 196.864; 292.747, 196.071; 290.912, 195.255; 289.088, 194.42; 287.269, 193.563; 285.463, 192.693; 283.659, 191.804; 281.869, 190.905; 280.078, 189.99; 278.299, 189.066; 276.521, 188.132; 274.749, 187.189; 272.98, 186.239; 271.214, 185.282; 269.452, 184.322; 267.691, 183.356; 265.932, 182.39; 264.173, 181.421; 262.415, 180.453; 260.656, 179.485; 258.896, 178.519; 257.134, 177.557; 255.37, 176.599; 253.602, 175.646; 251.834, 174.701; 250.056, 173.762; 248.278, 172.834; 246.491, 171.915; 244.701, 171.009; 242.902, 170.116; 241.096, 169.237; 239.285, 168.376; 237.461, 167.532; 235.635, 166.709; 233.79, 165.905; 231.946, 165.128; 230.08, 164.372; 228.213, 163.648; 226.326, 162.95; 224.435, 162.287; 222.526, 161.656; 220.611, 161.065; 218.68, 160.512; 216.74, 160.003; 214.786, 159.538; 212.824, 159.124; 210.85, 158.76; 208.867, 158.452; 206.877, 158.201; 204.879, 158.012; 202.877, 157.887; 200.872, 157.828; 198.866, 157.838; 196.861, 157.916; 194.861, 158.061; 192.865, 158.269; 190.877, 158.537; 188.896, 158.862; 186.927, 159.242; 184.966, 159.673; 183.018, 160.152; 181.081, 160.676; 179.155, 161.243; 177.243, 161.848; 175.34, 162.492; 173.452, 163.168; 171.571, 163.879; 169.708, 164.615; 167.848, 165.384; 166.008, 166.172; 164.168, 166.989; 162.348, 167.822; 160.528, 168.679; 158.723, 169.55; 156.922, 170.44; 155.13, 171.344; 153.345, 172.26; 151.563, 173.19; 149.791, 174.128; 148.019, 175.078; 146.256, 176.033; 144.493, 176.996; 142.735, 177.964; 140.978, 178.937; 139.224, 179.912; 137.47, 180.889; 135.717, 181.868; 133.964, 182.846; 132.21, 183.823; 130.454, 184.797; 128.697, 185.767; 126.936, 186.732; 125.173, 187.691; 123.405, 188.644; 121.632, 189.587; 119.857, 190.52; 118.072, 191.443; 116.286, 192.352; 114.485, 193.249; 112.684, 194.128; 110.869, 194.993; 109.05, 195.837; 107.218, 196.661; 105.378, 197.463; 103.528, 198.24; 101.665, 198.991; 99.7946, 199.713; 97.9073, 200.405; 96.0154, 201.063; 94.1031, 201.687; 92.1883, 202.27; 90.2511, 202.815; 88.313, 203.313; 86.3526, 203.767; 84.3919, 204.169; 82.4113, 204.52; 80.4303, 204.814; 80.3915, 204.819; 80.3791, 202.851; 80.3665, 200.844; 80.3539, 198.837; 80.3413, 196.829; ];
openCurve = [false ];
