boundaryCurve{1} = [80.3289, 194.822; 82.3066, 194.529; 84.2755, 194.185; 86.2345, 193.788; 88.1826, 193.338; 90.1019, 192.849; 92.0199, 192.314; 93.9381, 191.735; 95.8565, 191.113; 97.7365, 190.466; 99.6058, 189.785; 101.475, 189.071; 103.345, 188.323; 105.192, 187.554; 107.016, 186.766; 108.841, 185.952; 110.667, 185.113; 112.487, 184.254; 114.276, 183.388; 116.065, 182.504; 117.854, 181.602; 119.643, 180.685; 121.416, 179.762; 123.18, 178.831; 124.944, 177.889; 126.709, 176.937; 128.471, 175.979; 130.223, 175.02; 131.975, 174.056; 133.727, 173.088; 135.478, 172.119; 137.23, 171.149; 138.982, 170.179; 140.734, 169.213; 142.486, 168.249; 144.238, 167.291; 146.002, 166.333; 147.767, 165.383; 149.531, 164.443; 151.296, 163.515; 153.073, 162.592; 154.862, 161.677; 156.651, 160.779; 158.44, 159.898; 160.231, 159.036; 162.057, 158.178; 163.882, 157.344; 165.707, 156.535; 167.532, 155.753; 169.387, 154.986; 171.257, 154.244; 173.126, 153.536; 174.995, 152.863; 176.885, 152.22; 178.804, 151.607; 180.722, 151.036; 182.64, 150.51; 184.564, 150.028; 186.514, 149.589; 188.475, 149.202; 190.446, 148.868; 192.426, 148.585; 194.415, 148.362; 196.408, 148.205; 198.404, 148.113; 200.403, 148.087; 202.4, 148.127; 204.397, 148.233; 206.389, 148.405; 208.377, 148.642; 210.354, 148.933; 212.323, 149.276; 214.283, 149.672; 216.228, 150.119; 218.15, 150.607; 220.071, 151.14; 221.992, 151.717; 223.913, 152.336; 225.787, 152.978; 227.66, 153.657; 229.533, 154.369; 231.406, 155.115; 233.247, 155.877; 235.075, 156.663; 236.904, 157.474; 238.732, 158.31; 240.548, 159.163; 242.341, 160.025; 244.133, 160.906; 245.926, 161.804; 247.719, 162.718; 249.489, 163.634; 251.257, 164.562; 253.025, 165.499; 254.793, 166.447; 256.555, 167.398; 258.311, 168.353; 260.066, 169.311; 261.821, 170.273; 263.577, 171.236; 265.332, 172.2; 267.087, 173.162; 268.843, 174.122; 270.598, 175.077; 272.357, 176.029; 274.125, 176.978; 275.893, 177.918; 277.661, 178.848; 279.429, 179.767; 281.218, 180.682; 283.01, 181.585; 284.803, 182.47; 286.596, 183.337; 288.403, 184.191; 290.231, 185.033; 292.06, 185.851; 293.888, 186.643; 295.718, 187.408; 297.591, 188.161; 299.464, 188.882; 301.337, 189.569; 303.21, 190.221; 305.12, 190.846; 307.041, 191.434; 308.962, 191.978; 310.883, 192.478; 312.821, 192.935; 314.777, 193.344; 316.744, 193.701; 318.72, 194.005; 319.61, 194.125; 319.617, 195.226; 319.63, 197.226; 319.643, 199.226; 319.655, 201.226; 319.668, 203.226; 319.674, 204.121; 318.579, 203.968; 316.605, 203.653; 314.64, 203.288; 312.684, 202.874; 310.75, 202.412; 308.83, 201.905; 306.91, 201.353; 304.99, 200.757; 303.086, 200.125; 301.214, 199.467; 299.343, 198.773; 297.471, 198.045; 295.602, 197.287; 293.775, 196.516; 291.948, 195.719; 290.121, 194.895; 288.293, 194.048; 286.492, 193.191; 284.7, 192.319; 282.909, 191.429; 281.118, 190.523; 279.332, 189.604; 277.566, 188.682; 275.799, 187.749; 274.033, 186.805; 272.266, 185.852; 270.509, 184.898; 268.755, 183.94; 267.001, 182.978; 265.247, 182.013; 263.493, 181.046; 261.739, 180.081; 259.985, 179.116; 258.231, 178.156; 256.478, 177.199; 254.716, 176.245; 252.949, 175.295; 251.182, 174.355; 249.416, 173.426; 247.647, 172.507; 245.855, 171.591; 244.064, 170.69; 242.272, 169.807; 240.481, 168.942; 238.666, 168.087; 236.838, 167.248; 235.011, 166.434; 233.184, 165.646; 231.344, 164.88; 229.472, 164.132; 227.6, 163.417; 225.728, 162.736; 223.856, 162.091; 221.935, 161.469; 220.015, 160.889; 218.094, 160.353; 216.175, 159.863; 214.23, 159.414; 212.271, 159.016; 210.302, 158.67; 208.324, 158.378; 206.337, 158.141; 204.344, 157.969; 202.348, 157.863; 200.35, 157.824; 198.352, 157.851; 196.356, 157.944; 194.363, 158.103; 192.374, 158.328; 190.395, 158.613; 188.424, 158.949; 186.464, 159.338; 184.514, 159.779; 182.59, 160.264; 180.672, 160.793; 178.755, 161.366; 176.838, 161.982; 174.95, 162.629; 173.081, 163.306; 171.213, 164.018; 169.345, 164.763; 167.492, 165.534; 165.669, 166.321; 163.846, 167.135; 162.023, 167.973; 160.2, 168.836; 158.412, 169.703; 156.625, 170.589; 154.838, 171.492; 153.052, 172.412; 151.278, 173.34; 149.516, 174.275; 147.755, 175.22; 145.993, 176.176; 144.232, 177.14; 142.483, 178.104; 140.734, 179.072; 138.986, 180.045; 137.237, 181.02; 135.488, 181.996; 133.74, 182.971; 131.991, 183.944; 130.243, 184.914; 128.494, 185.879; 126.734, 186.843; 124.973, 187.8; 123.212, 188.747; 121.45, 189.684; 119.68, 190.612; 117.894, 191.535; 116.107, 192.442; 114.321, 193.331; 112.534, 194.201; 110.716, 195.065; 108.893, 195.908; 107.07, 196.727; 105.247, 197.519; 103.402, 198.292; 101.534, 199.043; 99.666, 199.761; 97.7978, 200.445; 95.9184, 201.096; 94.0014, 201.719; 92.0841, 202.301; 90.1666, 202.838; 88.2473, 203.33; 86.2997, 203.781; 84.341, 204.179; 82.3723, 204.525; 80.3947, 204.818; 80.3916, 204.819; 80.3791, 202.822; 80.3665, 200.822; 80.354, 198.822; 80.3414, 196.822; ];
openCurve = [false ];
