boundaryCurve{1} = [79.396, 205.208; 79.4071, 203.2; 79.4182, 201.192; 79.4292, 199.184; 79.4403, 197.177; 79.4514, 195.169; 79.452, 195.056; 81.0144, 194.91; 82.9251, 194.711; 85.0752, 194.453; 87.308, 194.148; 89.2779, 193.85; 91.2585, 193.527; 93.2486, 193.181; 95.226, 192.819; 97.19, 192.443; 99.1605, 192.051; 101.137, 191.646; 103.102, 191.234; 105.062, 190.814; 107.025, 190.386; 108.991, 189.954; 110.953, 189.52; 112.914, 189.085; 114.875, 188.651; 116.834, 188.219; 118.802, 187.791; 120.769, 187.368; 122.732, 186.955; 124.69, 186.552; 126.672, 186.157; 128.649, 185.777; 130.618, 185.414; 132.585, 185.07; 134.584, 184.741; 136.573, 184.437; 138.551, 184.161; 140.539, 183.911; 142.552, 183.691; 144.55, 183.506; 146.532, 183.361; 148.55, 183.254; 150.568, 183.194; 152.564, 183.184; 154.547, 183.226; 156.551, 183.329; 158.551, 183.498; 160.543, 183.733; 162.527, 184.042; 164.495, 184.435; 166.445, 184.912; 168.372, 185.475; 170.267, 186.135; 172.125, 186.891; 173.943, 187.744; 175.709, 188.696; 177.418, 189.746; 179.067, 190.892; 180.647, 192.129; 182.157, 193.45; 183.592, 194.853; 185.038, 196.243; 186.606, 197.493; 188.283, 198.594; 190.036, 199.572; 191.844, 200.44; 193.703, 201.197; 195.595, 201.868; 197.512, 202.464; 199.45, 202.984; 201.346, 203.426; 203.277, 203.822; 205.272, 204.177; 207.327, 204.492; 209.258, 204.747; 211.228, 204.969; 213.242, 205.162; 215.3, 205.324; 217.272, 205.451; 219.248, 205.551; 221.256, 205.629; 223.296, 205.683; 225.327, 205.715; 227.298, 205.726; 229.292, 205.719; 231.31, 205.694; 233.35, 205.652; 235.36, 205.594; 237.341, 205.523; 239.339, 205.438; 241.354, 205.338; 243.384, 205.225; 245.392, 205.102; 247.376, 204.969; 249.373, 204.824; 251.38, 204.669; 253.397, 204.503; 255.409, 204.328; 257.395, 204.147; 259.388, 203.957; 261.388, 203.759; 263.393, 203.553; 265.403, 203.338; 267.393, 203.12; 269.386, 202.894; 271.38, 202.662; 273.376, 202.424; 275.373, 202.18; 277.369, 201.931; 279.363, 201.677; 281.356, 201.418; 283.347, 201.155; 285.335, 200.888; 287.322, 200.617; 289.322, 200.341; 291.317, 200.061; 293.306, 199.779; 295.288, 199.495; 297.263, 199.209; 299.264, 198.917; 301.265, 198.622; 303.255, 198.326; 305.234, 198.03; 307.201, 197.734; 309.195, 197.433; 311.204, 197.127; 313.197, 196.824; 315.174, 196.522; 317.132, 196.222; 318.062, 196.08; 318.123, 197.126; 318.241, 199.131; 318.359, 201.135; 318.476, 203.139; 318.576, 204.828; 318.31, 204.84; 316.532, 204.92; 314.609, 205.016; 312.549, 205.131; 310.359, 205.267; 308.244, 205.412; 306.248, 205.558; 304.247, 205.715; 302.243, 205.881; 300.234, 206.057; 298.24, 206.237; 296.244, 206.423; 294.245, 206.616; 292.244, 206.816; 290.243, 207.02; 288.248, 207.226; 286.252, 207.436; 284.255, 207.648; 282.257, 207.863; 280.259, 208.08; 278.263, 208.296; 276.267, 208.512; 274.271, 208.727; 272.275, 208.943; 270.276, 209.156; 268.277, 209.366; 266.28, 209.572; 264.284, 209.775; 262.288, 209.975; 260.284, 210.168; 258.283, 210.355; 256.285, 210.536; 254.289, 210.71; 252.287, 210.877; 250.279, 211.034; 248.275, 211.181; 246.275, 211.319; 244.28, 211.447; 242.267, 211.562; 240.256, 211.664; 238.251, 211.753; 236.252, 211.828; 234.248, 211.889; 232.231, 211.933; 230.22, 211.959; 228.217, 211.968; 226.221, 211.959; 224.204, 211.93; 222.19, 211.878; 220.185, 211.805; 218.189, 211.711; 216.187, 211.592; 214.174, 211.446; 212.172, 211.273; 210.181, 211.074; 208.198, 210.849; 206.195, 210.589; 204.205, 210.298; 202.228, 209.976; 200.263, 209.623; 198.288, 209.231; 196.323, 208.802; 194.372, 208.338; 192.436, 207.837; 190.503, 207.295; 188.581, 206.71; 186.674, 206.085; 184.785, 205.419; 182.902, 204.718; 181.005, 204.052; 179.096, 203.437; 177.176, 202.873; 175.236, 202.353; 173.286, 201.879; 171.326, 201.453; 169.358, 201.07; 167.381, 200.729; 165.396, 200.429; 163.404, 200.171; 161.413, 199.949; 159.414, 199.764; 157.408, 199.615; 155.409, 199.498; 153.405, 199.413; 151.395, 199.358; 149.387, 199.332; 147.384, 199.331; 145.375, 199.356; 143.361, 199.406; 141.361, 199.476; 139.357, 199.567; 137.349, 199.677; 135.344, 199.806; 133.345, 199.948; 131.343, 200.106; 129.337, 200.279; 127.341, 200.463; 125.344, 200.656; 123.345, 200.86; 121.346, 201.073; 119.352, 201.291; 117.357, 201.514; 115.36, 201.744; 113.366, 201.976; 111.372, 202.209; 109.378, 202.443; 107.383, 202.678; 105.387, 202.91; 103.393, 203.138; 101.399, 203.364; 99.4013, 203.584; 97.4033, 203.797; 95.4069, 204.002; 93.4115, 204.2; 91.4079, 204.385; 89.407, 204.559; 87.4087, 204.72; 85.4055, 204.868; 83.3986, 204.998; 81.3954, 205.111; ];
openCurve = [false ];
