boundaryCurve{1} = [79.396, 205.208; 79.4071, 203.2; 79.4182, 201.192; 79.4292, 199.185; 79.4403, 197.177; 79.4514, 195.17; 79.452, 195.056; 81.2292, 194.889; 83.2826, 194.67; 85.2404, 194.432; 87.3114, 194.147; 89.294, 193.847; 91.2772, 193.524; 93.2546, 193.18; 95.23, 192.818; 97.2023, 192.441; 99.1714, 192.049; 101.139, 191.646; 103.104, 191.233; 105.068, 190.813; 107.029, 190.386; 108.991, 189.954; 110.951, 189.52; 112.912, 189.086; 114.873, 188.651; 116.833, 188.22; 118.796, 187.792; 120.757, 187.371; 122.724, 186.957; 124.688, 186.553; 126.661, 186.159; 128.628, 185.781; 130.608, 185.416; 132.581, 185.071; 134.567, 184.744; 136.548, 184.441; 138.54, 184.163; 140.53, 183.913; 142.527, 183.693; 144.527, 183.508; 146.526, 183.361; 148.535, 183.255; 150.534, 183.195; 152.549, 183.184; 154.552, 183.228; 156.558, 183.331; 158.559, 183.498; 160.548, 183.734; 162.535, 184.046; 164.5, 184.436; 166.45, 184.912; 168.375, 185.477; 170.269, 186.135; 172.128, 186.891; 173.942, 187.744; 175.709, 188.697; 177.414, 189.744; 179.064, 190.89; 180.642, 192.124; 182.148, 193.443; 183.59, 194.851; 185.036, 196.246; 186.609, 197.491; 188.283, 198.596; 190.035, 199.574; 191.825, 200.428; 193.696, 201.196; 195.574, 201.864; 197.493, 202.456; 199.438, 202.979; 201.382, 203.434; 203.367, 203.839; 205.325, 204.186; 207.331, 204.493; 209.301, 204.752; 211.315, 204.979; 213.296, 205.166; 215.311, 205.325; 217.303, 205.453; 219.314, 205.555; 221.318, 205.631; 223.323, 205.684; 225.339, 205.715; 227.337, 205.727; 229.361, 205.719; 231.354, 205.694; 233.367, 205.652; 235.374, 205.594; 237.376, 205.522; 239.395, 205.435; 241.388, 205.337; 243.397, 205.225; 245.402, 205.101; 247.401, 204.967; 249.413, 204.821; 251.408, 204.667; 253.41, 204.502; 255.414, 204.328; 257.409, 204.146; 259.411, 203.955; 261.409, 203.757; 263.404, 203.552; 265.406, 203.338; 267.398, 203.119; 269.394, 202.893; 271.39, 202.661; 273.382, 202.423; 275.376, 202.18; 277.369, 201.931; 279.361, 201.677; 281.351, 201.419; 283.344, 201.156; 285.333, 200.889; 287.322, 200.617; 289.313, 200.342; 291.3, 200.064; 293.289, 199.782; 295.279, 199.497; 297.261, 199.21; 299.253, 198.918; 301.239, 198.626; 303.22, 198.331; 305.213, 198.033; 307.194, 197.735; 309.182, 197.435; 311.17, 197.133; 313.144, 196.832; 315.142, 196.527; 317.121, 196.224; 318.062, 196.08; 318.123, 197.126; 318.241, 199.13; 318.359, 201.134; 318.476, 203.138; 318.575, 204.829; 318.288, 204.841; 316.35, 204.929; 314.257, 205.035; 312.329, 205.144; 310.29, 205.272; 308.242, 205.412; 306.241, 205.56; 304.237, 205.717; 302.238, 205.883; 300.236, 206.057; 298.238, 206.237; 296.239, 206.425; 294.24, 206.618; 292.243, 206.817; 290.244, 207.02; 288.248, 207.227; 286.25, 207.437; 284.255, 207.649; 282.258, 207.864; 280.262, 208.08; 278.266, 208.296; 276.27, 208.513; 274.274, 208.728; 272.278, 208.943; 270.281, 209.156; 268.284, 209.366; 266.287, 209.573; 264.289, 209.776; 262.292, 209.975; 260.293, 210.168; 258.295, 210.355; 256.294, 210.537; 254.295, 210.71; 252.294, 210.877; 250.291, 211.034; 248.291, 211.182; 246.286, 211.32; 244.285, 211.447; 242.278, 211.562; 240.274, 211.664; 238.268, 211.754; 236.261, 211.829; 234.256, 211.889; 232.246, 211.933; 230.243, 211.96; 228.231, 211.969; 226.227, 211.96; 224.216, 211.93; 222.211, 211.88; 220.204, 211.808; 218.199, 211.712; 216.195, 211.593; 214.192, 211.448; 212.194, 211.277; 210.194, 211.077; 208.203, 210.85; 206.208, 210.591; 204.226, 210.303; 202.241, 209.98; 200.268, 209.625; 198.297, 209.234; 196.337, 208.807; 194.383, 208.342; 192.441, 207.839; 190.508, 207.297; 188.587, 206.713; 186.68, 206.089; 184.787, 205.421; 182.905, 204.72; 181.012, 204.055; 179.101, 203.44; 177.176, 202.873; 175.237, 202.353; 173.286, 201.881; 171.325, 201.453; 169.355, 201.07; 167.376, 200.729; 165.392, 200.43; 163.401, 200.171; 161.406, 199.949; 159.408, 199.765; 157.405, 199.615; 155.402, 199.498; 153.395, 199.414; 151.389, 199.359; 149.382, 199.332; 147.374, 199.332; 145.367, 199.358; 143.358, 199.407; 141.354, 199.477; 139.347, 199.568; 137.343, 199.678; 135.34, 199.806; 133.337, 199.95; 131.336, 200.108; 129.334, 200.28; 127.336, 200.463; 125.337, 200.658; 123.341, 200.861; 121.344, 201.073; 119.348, 201.292; 117.353, 201.516; 115.358, 201.745; 113.364, 201.976; 111.37, 202.21; 109.376, 202.444; 107.382, 202.678; 105.387, 202.91; 103.393, 203.14; 101.398, 203.365; 99.4019, 203.585; 97.4062, 203.798; 95.4082, 204.003; 93.4112, 204.2; 91.4111, 204.386; 89.4115, 204.56; 87.41, 204.721; 85.4075, 204.868; 83.4048, 204.999; 81.3995, 205.112; ];
openCurve = [false ];
