boundaryCurve{1} = [318.531, 194.86; 318.538, 196.866; 318.546, 198.872; 318.553, 200.879; 318.56, 202.885; 318.568, 204.841; 318.526, 204.843; 316.779, 204.926; 314.882, 205.026; 312.84, 205.145; 310.663, 205.286; 308.508, 205.442; 306.515, 205.596; 304.518, 205.761; 302.516, 205.936; 300.51, 206.121; 298.515, 206.313; 296.523, 206.51; 294.527, 206.714; 292.528, 206.925; 290.528, 207.142; 288.536, 207.36; 286.544, 207.582; 284.55, 207.807; 282.554, 208.036; 280.559, 208.266; 278.566, 208.496; 276.572, 208.725; 274.579, 208.954; 272.586, 209.184; 270.59, 209.411; 268.594, 209.635; 266.599, 209.855; 264.606, 210.072; 262.614, 210.286; 260.613, 210.494; 258.613, 210.695; 256.617, 210.889; 254.623, 211.076; 252.628, 211.257; 250.62, 211.427; 248.617, 211.587; 246.618, 211.737; 244.624, 211.876; 242.619, 212.004; 240.607, 212.117; 238.602, 212.216; 236.603, 212.301; 234.61, 212.371; 232.59, 212.424; 230.578, 212.458; 228.574, 212.473; 226.578, 212.47; 224.571, 212.446; 222.555, 212.399; 220.548, 212.328; 218.551, 212.233; 216.561, 212.116; 214.546, 211.967; 212.543, 211.791; 210.551, 211.586; 208.571, 211.353; 206.577, 211.085; 204.587, 210.782; 202.611, 210.445; 200.649, 210.075; 198.686, 209.667; 196.725, 209.215; 194.78, 208.725; 192.852, 208.197; 190.934, 207.626; 189.022, 207.007; 187.13, 206.344; 185.255, 205.638; 183.395, 204.887; 181.52, 204.152; 179.634, 203.472; 177.737, 202.847; 175.816, 202.268; 173.881, 201.739; 171.935, 201.259; 169.979, 200.829; 168.012, 200.442; 166.035, 200.1; 164.05, 199.804; 162.065, 199.549; 160.072, 199.333; 158.071, 199.156; 156.071, 199.017; 154.071, 198.912; 152.065, 198.84; 150.054, 198.801; 148.054, 198.79; 146.049, 198.807; 144.038, 198.851; 142.035, 198.92; 140.034, 199.011; 138.029, 199.123; 136.022, 199.257; 134.026, 199.406; 132.028, 199.572; 130.026, 199.755; 128.029, 199.951; 126.036, 200.157; 124.04, 200.375; 122.042, 200.605; 120.052, 200.839; 118.061, 201.081; 116.069, 201.328; 114.077, 201.581; 112.087, 201.833; 110.097, 202.088; 108.106, 202.344; 106.114, 202.598; 104.123, 202.848; 102.133, 203.095; 100.141, 203.338; 98.1458, 203.572; 96.1521, 203.798; 94.1601, 204.017; 92.162, 204.224; 90.1628, 204.418; 88.1662, 204.599; 86.1702, 204.766; 84.1639, 204.914; 82.1613, 205.045; 80.1624, 205.156; 79.3955, 205.194; 79.3914, 203.959; 79.3847, 201.952; 79.3781, 199.946; 79.3715, 197.94; 79.3649, 195.933; 79.3624, 195.182; 80.463, 195.122; 82.3631, 195.006; 84.428, 194.86; 86.6183, 194.682; 88.6106, 194.502; 90.6064, 194.306; 92.6055, 194.094; 94.6, 193.869; 96.5901, 193.636; 98.5823, 193.391; 100.577, 193.137; 102.565, 192.878; 104.553, 192.614; 106.542, 192.345; 108.532, 192.072; 110.52, 191.8; 112.508, 191.528; 114.495, 191.257; 116.486, 190.988; 118.476, 190.726; 120.465, 190.468; 122.454, 190.216; 124.45, 189.975; 126.443, 189.743; 128.435, 189.523; 130.432, 189.315; 132.432, 189.122; 134.43, 188.947; 136.423, 188.787; 138.432, 188.648; 140.437, 188.53; 142.436, 188.435; 144.441, 188.364; 146.452, 188.321; 148.456, 188.306; 150.455, 188.319; 152.467, 188.367; 154.473, 188.449; 156.471, 188.566; 158.471, 188.72; 160.469, 188.917; 162.459, 189.155; 164.442, 189.434; 166.422, 189.762; 168.392, 190.137; 170.352, 190.559; 172.298, 191.031; 174.231, 191.557; 176.153, 192.135; 178.061, 192.767; 179.945, 193.453; 181.809, 194.194; 183.65, 194.989; 185.487, 195.794; 187.343, 196.553; 189.217, 197.264; 191.11, 197.929; 193.013, 198.546; 194.931, 199.121; 196.865, 199.652; 198.815, 200.139; 200.768, 200.584; 202.725, 200.989; 204.695, 201.357; 206.679, 201.686; 208.669, 201.979; 210.647, 202.236; 212.636, 202.461; 214.637, 202.654; 216.651, 202.815; 218.64, 202.947; 220.636, 203.052; 222.642, 203.13; 224.658, 203.182; 226.665, 203.209; 228.661, 203.214; 230.665, 203.199; 232.677, 203.161; 234.696, 203.102; 236.688, 203.027; 238.687, 202.936; 240.692, 202.827; 242.703, 202.702; 244.707, 202.562; 246.7, 202.411; 248.697, 202.248; 250.7, 202.072; 252.707, 201.883; 254.699, 201.687; 256.691, 201.483; 258.686, 201.271; 260.684, 201.049; 262.683, 200.82; 264.672, 200.588; 266.663, 200.351; 268.655, 200.109; 270.649, 199.862; 272.642, 199.612; 274.632, 199.363; 276.623, 199.112; 278.614, 198.86; 280.605, 198.607; 282.597, 198.355; 284.59, 198.106; 286.581, 197.859; 288.572, 197.615; 290.561, 197.374; 292.559, 197.138; 294.555, 196.908; 296.548, 196.685; 298.54, 196.468; 300.533, 196.257; 302.537, 196.056; 304.537, 195.865; 306.533, 195.684; 308.525, 195.514; 310.529, 195.354; 312.537, 195.209; 314.541, 195.078; 316.538, 194.962; ];
openCurve = [false ];
