boundaryCurve{1} = [318.531, 194.86; 318.538, 196.866; 318.546, 198.872; 318.553, 200.878; 318.56, 202.885; 318.568, 204.841; 318.522, 204.843; 316.613, 204.934; 314.526, 205.045; 312.59, 205.16; 310.568, 205.293; 308.507, 205.442; 306.508, 205.597; 304.506, 205.763; 302.51, 205.938; 300.51, 206.122; 298.514, 206.313; 296.517, 206.511; 294.521, 206.716; 292.526, 206.926; 290.53, 207.142; 288.537, 207.361; 286.542, 207.583; 284.549, 207.809; 282.556, 208.036; 280.562, 208.266; 278.569, 208.496; 276.576, 208.726; 274.582, 208.956; 272.589, 209.184; 270.595, 209.411; 268.602, 209.635; 266.608, 209.856; 264.612, 210.073; 262.619, 210.286; 260.621, 210.493; 258.626, 210.695; 256.629, 210.89; 254.631, 211.077; 252.634, 211.256; 250.633, 211.427; 248.636, 211.587; 246.632, 211.738; 244.632, 211.876; 242.629, 212.003; 240.625, 212.117; 238.624, 212.217; 236.616, 212.302; 234.616, 212.371; 232.606, 212.424; 230.602, 212.459; 228.594, 212.475; 226.588, 212.471; 224.582, 212.447; 222.576, 212.4; 220.573, 212.33; 218.566, 212.236; 216.568, 212.116; 214.563, 211.969; 212.569, 211.795; 210.569, 211.59; 208.58, 211.355; 206.589, 211.087; 204.607, 210.786; 202.629, 210.45; 200.658, 210.078; 198.694, 209.669; 196.739, 209.22; 194.795, 208.731; 192.859, 208.2; 190.938, 207.628; 189.029, 207.01; 187.137, 206.349; 185.259, 205.641; 183.399, 204.889; 181.53, 204.157; 179.643, 203.477; 177.739, 202.848; 175.818, 202.27; 173.885, 201.741; 171.936, 201.261; 169.978, 200.829; 168.01, 200.443; 166.033, 200.102; 164.049, 199.804; 162.06, 199.549; 160.065, 199.334; 158.067, 199.157; 156.066, 199.017; 154.062, 198.912; 152.059, 198.841; 150.051, 198.801; 148.047, 198.791; 146.04, 198.808; 144.034, 198.852; 142.03, 198.921; 140.024, 199.012; 138.023, 199.125; 136.019, 199.257; 134.02, 199.407; 132.02, 199.574; 130.022, 199.756; 128.026, 199.952; 126.029, 200.159; 124.036, 200.377; 122.041, 200.605; 120.05, 200.84; 118.058, 201.083; 116.067, 201.33; 114.076, 201.581; 112.086, 201.834; 110.096, 202.089; 108.106, 202.344; 106.115, 202.598; 104.125, 202.849; 102.134, 203.096; 100.142, 203.338; 98.1493, 203.572; 96.1558, 203.8; 94.1616, 204.017; 92.1654, 204.224; 90.1697, 204.419; 88.1703, 204.6; 86.1721, 204.765; 84.1702, 204.915; 82.1687, 205.046; 80.1656, 205.157; 79.3954, 205.194; 79.3914, 203.961; 79.3847, 201.954; 79.3781, 199.948; 79.3715, 197.942; 79.365, 195.936; 79.3625, 195.182; 80.5496, 195.117; 82.614, 194.989; 84.5566, 194.85; 86.6162, 194.683; 88.6127, 194.502; 90.6101, 194.304; 92.6048, 194.093; 94.5987, 193.87; 96.5916, 193.635; 98.5825, 193.39; 100.574, 193.137; 102.562, 192.878; 104.552, 192.613; 106.54, 192.344; 108.528, 192.073; 110.515, 191.8; 112.503, 191.528; 114.491, 191.257; 116.48, 190.989; 118.468, 190.726; 120.459, 190.468; 122.449, 190.217; 124.441, 189.975; 126.434, 189.743; 128.428, 189.523; 130.424, 189.315; 132.42, 189.123; 134.42, 188.946; 136.418, 188.787; 138.421, 188.648; 140.423, 188.53; 142.428, 188.435; 144.433, 188.364; 146.437, 188.32; 148.445, 188.304; 150.449, 188.319; 152.456, 188.366; 154.46, 188.447; 156.463, 188.564; 158.463, 188.72; 160.458, 188.915; 162.451, 189.152; 164.437, 189.433; 166.416, 189.76; 168.386, 190.134; 170.347, 190.557; 172.296, 191.031; 174.232, 191.556; 176.152, 192.134; 178.056, 192.765; 179.941, 193.451; 181.803, 194.191; 183.647, 194.988; 185.486, 195.795; 187.342, 196.553; 189.217, 197.264; 191.11, 197.929; 193.017, 198.547; 194.939, 199.122; 196.873, 199.652; 198.819, 200.139; 200.774, 200.585; 202.738, 200.991; 204.711, 201.358; 206.689, 201.687; 208.675, 201.979; 210.662, 202.237; 212.659, 202.462; 214.652, 202.654; 216.656, 202.816; 218.653, 202.948; 220.66, 203.052; 222.662, 203.129; 224.668, 203.181; 226.674, 203.209; 228.68, 203.214; 230.688, 203.197; 232.691, 203.159; 234.701, 203.102; 236.702, 203.027; 238.708, 202.934; 240.71, 202.825; 242.713, 202.7; 244.715, 202.562; 246.714, 202.41; 248.716, 202.245; 250.712, 202.069; 252.712, 201.882; 254.707, 201.686; 256.703, 201.481; 258.699, 201.267; 260.692, 201.047; 262.687, 200.819; 264.679, 200.587; 266.672, 200.348; 268.663, 200.106; 270.654, 199.861; 272.646, 199.612; 274.636, 199.362; 276.627, 199.11; 278.617, 198.858; 280.608, 198.606; 282.599, 198.354; 284.589, 198.105; 286.58, 197.858; 288.572, 197.614; 290.563, 197.374; 292.557, 197.138; 294.549, 196.908; 296.544, 196.684; 298.539, 196.467; 300.533, 196.257; 302.531, 196.056; 304.525, 195.865; 306.526, 195.683; 308.524, 195.513; 310.525, 195.355; 312.526, 195.209; 314.527, 195.078; 316.532, 194.961; ];
openCurve = [false ];
