boundaryCurve{1} = [270.6, 310.656; 268.619, 310.464; 266.618, 310.261; 264.631, 310.043; 262.639, 309.8; 260.655, 309.525; 258.677, 309.213; 256.704, 308.853; 254.745, 308.444; 252.795, 307.976; 250.866, 307.446; 248.954, 306.843; 247.073, 306.168; 245.214, 305.413; 243.402, 304.578; 241.619, 303.651; 239.892, 302.636; 238.23, 301.522; 236.637, 300.311; 235.119, 299.006; 233.683, 297.612; 232.335, 296.133; 231.081, 294.574; 229.929, 292.937; 228.886, 291.23; 227.959, 289.456; 227.159, 287.623; 226.492, 285.736; 225.971, 283.805; 225.601, 281.838; 225.394, 279.848; 225.358, 277.846; 225.504, 275.85; 225.83, 273.874; 226.326, 271.935; 226.984, 270.044; 227.794, 268.216; 228.747, 266.457; 229.827, 264.772; 231.018, 263.164; 232.307, 261.633; 233.678, 260.174; 235.119, 258.782; 236.616, 257.453; 238.165, 256.174; 239.746, 254.949; 241.367, 253.756; 243, 252.605; 244.664, 251.468; 246.318, 250.355; 246.815, 250.022; 246.907, 249.96; 246.999, 249.899; 247.091, 249.837; 247.182, 249.776; 247.274, 249.715; 247.366, 249.653; 247.458, 249.592; 247.972, 249.246; 249.625, 248.116; 251.267, 246.966; 252.898, 245.803; 254.516, 244.625; 256.124, 243.428; 257.718, 242.215; 259.3, 240.986; 260.87, 239.741; 262.425, 238.48; 263.968, 237.203; 265.499, 235.91; 267.015, 234.602; 268.519, 233.278; 269.839, 232.092; 269.903, 232.033; 269.965, 231.977; 270.007, 231.938; 270.025, 231.921; 270.084, 231.867; 270.14, 231.814; 270.194, 231.763; 270.247, 231.713; 270.041, 231.637; 269.821, 231.562; 269.587, 231.489; 269.338, 231.419; 269.076, 231.352; 268.8, 231.29; 268.64, 231.257; 268.51, 231.232; 268.21, 231.181; 266.651, 230.957; 264.661, 230.734; 262.672, 230.578; 260.672, 230.484; 258.67, 230.447; 256.668, 230.467; 254.673, 230.541; 252.673, 230.665; 250.674, 230.836; 248.69, 231.048; 246.701, 231.301; 244.716, 231.591; 242.747, 231.911; 240.771, 232.263; 238.8, 232.641; 236.844, 233.04; 234.882, 233.46; 232.925, 233.898; 230.979, 234.347; 229.027, 234.811; 227.077, 235.283; 225.138, 235.76; 223.19, 236.243; 221.241, 236.728; 219.298, 237.211; 217.352, 237.692; 215.407, 238.166; 213.457, 238.634; 211.508, 239.09; 209.553, 239.535; 207.597, 239.965; 205.636, 240.378; 203.673, 240.772; 201.704, 241.145; 199.732, 241.494; 197.755, 241.817; 195.774, 242.111; 193.788, 242.376; 191.798, 242.605; 189.815, 242.798; 188.299, 242.903; 187.813, 242.926; 185.807, 242.96; 183.805, 242.868; 181.817, 242.626; 179.86, 242.203; 177.959, 241.58; 176.144, 240.739; 174.451, 239.675; 172.908, 238.402; 171.543, 236.941; 170.382, 235.311; 169.454, 233.54; 168.769, 231.659; 168.322, 229.709; 168.104, 227.719; 168.093, 225.718; 168.269, 223.725; 168.615, 221.755; 169.11, 219.816; 169.745, 217.918; 170.507, 216.067; 171.39, 214.271; 172.387, 212.536; 173.496, 210.858; 174.67, 209.233; 175.897, 207.666; 177.192, 206.13; 178.531, 204.644; 179.919, 203.203; 181.352, 201.803; 182.824, 200.449; 184.335, 199.133; 185.874, 197.853; 187.443, 196.607; 189.036, 195.394; 190.652, 194.211; 192.286, 193.052; 193.935, 191.914; 195.597, 190.795; 197.268, 189.69; 198.949, 188.6; 200.637, 187.514; 202.321, 186.437; 202.641, 186.233; 202.667, 186.217; 202.692, 186.201; 202.718, 186.185; 202.743, 186.168; 202.768, 186.152; 202.794, 186.136; 202.819, 186.12; 204.012, 185.358; 205.701, 184.274; 207.385, 183.19; 209.064, 182.106; 210.744, 181.015; 212.423, 179.918; 214.096, 178.815; 215.762, 177.708; 217.425, 176.593; 219.087, 175.465; 220.739, 174.332; 222.382, 173.192; 224.019, 172.043; 225.654, 170.879; 227.279, 169.705; 228.892, 168.522; 230.496, 167.327; 232.096, 166.114; 233.683, 164.889; 235.256, 163.653; 236.816, 162.405; 238.37, 161.135; 239.908, 159.85; 241.43, 158.55; 242.935, 157.235; 244.429, 155.896; 245.905, 154.541; 247.362, 153.168; 248.8, 151.779; 250.222, 150.367; 251.622, 148.935; 253.001, 147.482; 254.355, 146.012; 255.687, 144.516; 256.977, 142.986; 258.214, 141.41; 259.385, 139.781; 260.47, 138.094; 261.447, 136.347; 262.288, 134.531; 262.961, 132.648; 263.427, 130.703; 263.643, 128.715; 263.595, 126.717; 263.298, 124.74; 262.771, 122.811; 262.042, 120.948; 261.139, 119.162; 260.082, 117.463; 258.892, 115.854; 257.582, 114.34; 256.165, 112.926; 254.649, 111.619; 253.039, 110.43; 251.348, 109.358; 249.597, 108.388; 247.796, 107.513; 245.952, 106.73; 244.076, 106.03; 242.172, 105.408; 240.247, 104.858; 238.301, 104.371; 236.345, 103.946; 234.375, 103.571; 232.397, 103.241; 230.419, 102.949; 228.423, 102.687; 226.449, 102.457; 224.465, 102.249; 222.477, 102.063; 220.482, 101.897; 218.483, 101.754; 216.478, 101.632; 214.468, 101.531; 212.476, 101.452; 210.48, 101.393; 208.48, 101.355; 206.476, 101.338; 204.469, 101.341; 202.458, 101.364; 200.46, 101.408; 198.465, 101.471; 196.468, 101.555; 194.468, 101.659; 192.465, 101.783; 190.46, 101.926; 188.46, 102.09; 186.474, 102.271; 184.486, 102.472; 182.497, 102.692; 180.506, 102.931; 178.514, 103.19; 176.521, 103.468; 174.549, 103.761; 172.577, 104.073; 170.605, 104.404; 168.632, 104.754; 166.659, 105.123; 164.686, 105.511; 162.723, 105.915; 160.774, 106.334; 158.824, 106.772; 156.876, 107.228; 154.927, 107.702; 152.979, 108.195; 151.032, 108.705; 149.106, 109.228; 147.184, 109.768; 145.263, 110.325; 143.345, 110.9; 141.428, 111.493; 139.513, 112.103; 137.606, 112.729; 135.717, 113.367; 133.831, 114.022; 131.947, 114.693; 130.065, 115.382; 128.185, 116.088; 126.307, 116.811; 124.412, 117.56; 122.537, 118.321; 120.713, 119.083; 118.868, 119.878; 117.027, 120.696; 115.237, 121.518; 113.401, 122.391; 111.61, 123.277; 109.845, 124.185; 108.065, 125.14; 106.341, 126.106; 104.593, 127.13; 102.897, 128.173; 101.213, 129.26; 99.5575, 130.387; 97.9357, 131.552; 96.3364, 132.764; 94.7821, 134.011; 93.252, 135.31; 92.137, 136.305; 91.8006, 135.936; 90.445, 134.462; 89.0946, 132.982; 87.7444, 131.502; 86.3946, 130.022; 85.0446, 128.542; 84.046, 127.448; 84.4299, 127.1; 85.9302, 125.781; 87.4716, 124.491; 89.0266, 123.251; 90.6252, 122.036; 92.2438, 120.863; 93.8868, 119.727; 95.5714, 118.614; 97.2438, 117.558; 98.9668, 116.516; 100.697, 115.513; 102.437, 114.545; 104.225, 113.588; 105.982, 112.682; 107.772, 111.792; 109.611, 110.909; 111.392, 110.081; 113.219, 109.259; 115.091, 108.442; 116.894, 107.678; 118.742, 106.916; 120.635, 106.155; 122.518, 105.417; 124.395, 104.699; 126.274, 103.997; 128.157, 103.311; 130.041, 102.641; 131.929, 101.988; 133.819, 101.35; 135.727, 100.724; 137.643, 100.112; 139.56, 99.5176; 141.478, 98.9396; 143.398, 98.3783; 145.319, 97.8337; 147.242, 97.3059; 149.182, 96.7916; 151.128, 96.2926; 153.076, 95.8101; 155.025, 95.3443; 156.974, 94.8951; 158.924, 94.4626; 160.875, 94.0467; 162.843, 93.6444; 164.817, 93.2595; 166.79, 92.8932; 168.762, 92.5453; 170.735, 92.2161; 172.707, 91.9053; 174.678, 91.6131; 176.669, 91.3338; 178.661, 91.0723; 180.652, 90.8291; 182.642, 90.6042; 184.631, 90.3977; 186.618, 90.2096; 188.608, 90.0396; 190.615, 89.8865; 192.619, 89.7523; 194.621, 89.6368; 196.62, 89.5401; 198.617, 89.4622; 200.611, 89.403; 202.611, 89.3627; 204.622, 89.3418; 206.629, 89.3404; 208.632, 89.3583; 210.633, 89.3957; 212.63, 89.4524; 214.623, 89.5286; 216.629, 89.6251; 218.635, 89.7418; 220.636, 89.8784; 222.632, 90.0351; 224.624, 90.2118; 226.61, 90.4085; 228.582, 90.624; 230.557, 90.8626; 232.553, 91.1312; 234.531, 91.4298; 236.511, 91.7663; 238.477, 92.1422; 240.439, 92.5621; 242.386, 93.0293; 244.325, 93.5489; 246.241, 94.1218; 248.147, 94.7556; 250.023, 95.4471; 251.881, 96.2068; 253.699, 97.031; 255.496, 97.9314; 257.241, 98.8987; 258.951, 99.9474; 260.611, 101.074; 262.207, 102.281; 263.742, 103.567; 265.207, 104.93; 266.601, 106.366; 267.916, 107.875; 269.148, 109.452; 270.293, 111.094; 271.344, 112.798; 272.296, 114.558; 273.144, 116.371; 273.88, 118.232; 274.497, 120.136; 274.988, 122.075; 275.35, 124.043; 275.573, 126.031; 275.655, 128.031; 275.589, 130.03; 275.371, 132.019; 275.01, 133.987; 274.51, 135.926; 273.884, 137.827; 273.141, 139.692; 272.292, 141.501; 271.347, 143.27; 270.32, 144.992; 269.221, 146.661; 268.052, 