boundaryCurve{1} = [270.6, 310.656; 268.645, 310.467; 266.659, 310.266; 264.647, 310.045; 262.645, 309.801; 260.675, 309.528; 258.696, 309.216; 256.71, 308.855; 254.74, 308.446; 252.794, 307.976; 250.864, 307.441; 248.953, 306.841; 247.066, 306.169; 245.213, 305.412; 243.396, 304.572; 241.618, 303.65; 239.891, 302.634; 238.23, 301.519; 236.639, 300.307; 235.122, 299.003; 233.683, 297.609; 232.333, 296.131; 231.082, 294.571; 229.932, 292.935; 228.888, 291.227; 227.956, 289.453; 227.157, 287.62; 226.496, 285.733; 225.975, 283.802; 225.599, 281.833; 225.394, 279.842; 225.364, 277.843; 225.51, 275.847; 225.836, 273.869; 226.333, 271.929; 226.987, 270.039; 227.794, 268.209; 228.751, 266.448; 229.838, 264.766; 231.024, 263.155; 232.306, 261.619; 233.681, 260.163; 235.128, 258.778; 236.622, 257.444; 238.162, 256.164; 239.746, 254.939; 241.396, 253.73; 243.061, 252.557; 244.71, 251.429; 246.33, 250.339; 246.91, 249.951; 247.094, 249.828; 247.277, 249.706; 247.461, 249.583; 247.976, 249.237; 249.629, 248.109; 251.272, 246.962; 252.904, 245.798; 254.523, 244.617; 256.13, 243.421; 257.724, 242.208; 259.307, 240.979; 260.878, 239.734; 262.434, 238.473; 263.976, 237.196; 265.506, 235.902; 267.023, 234.592; 268.526, 233.269; 269.906, 232.029; 270.014, 231.93; 270.028, 231.917; 270.143, 231.81; 270.25, 231.71; 269.824, 231.559; 269.341, 231.416; 268.803, 231.287; 268.64, 231.254; 268.211, 231.178; 266.654, 230.959; 264.664, 230.736; 262.668, 230.575; 260.669, 230.476; 258.667, 230.44; 256.664, 230.465; 254.662, 230.545; 252.663, 230.669; 250.667, 230.836; 248.676, 231.047; 246.689, 231.302; 244.717, 231.595; 242.763, 231.912; 240.803, 232.261; 238.838, 232.637; 236.867, 233.038; 234.889, 233.462; 232.928, 233.901; 230.997, 234.347; 229.059, 234.807; 227.114, 235.278; 225.16, 235.758; 223.198, 236.245; 221.24, 236.732; 219.304, 237.213; 217.36, 237.693; 215.408, 238.17; 213.455, 238.638; 211.508, 239.094; 209.555, 239.538; 207.595, 239.969; 205.634, 240.383; 203.672, 240.776; 201.704, 241.149; 199.729, 241.498; 197.752, 241.821; 195.771, 242.115; 193.786, 242.379; 191.796, 242.609; 189.824, 242.8; 187.847, 242.928; 185.801, 242.964; 183.801, 242.87; 181.814, 242.627; 179.857, 242.206; 177.957, 241.58; 176.141, 240.74; 174.45, 239.675; 172.904, 238.4; 171.539, 236.938; 170.384, 235.31; 169.456, 233.539; 168.777, 231.652; 168.328, 229.703; 168.101, 227.717; 168.098, 225.714; 168.282, 223.72; 168.621, 221.75; 169.113, 219.811; 169.755, 217.914; 170.518, 216.063; 171.4, 214.268; 172.398, 212.533; 173.506, 210.864; 174.68, 209.241; 175.911, 207.663; 177.199, 206.13; 178.541, 204.644; 179.935, 203.205; 181.368, 201.806; 182.838, 200.446; 184.344, 199.126; 185.885, 197.846; 187.456, 196.602; 189.05, 195.389; 190.666, 194.205; 192.299, 193.046; 193.947, 191.91; 195.613, 190.79; 197.29, 189.684; 198.972, 188.592; 200.655, 187.51; 202.336, 186.436; 202.669, 186.224; 202.72, 186.192; 202.77, 186.159; 202.821, 186.127; 204.03, 185.355; 205.725, 184.269; 207.415, 183.181; 209.1, 182.092; 210.779, 181; 212.453, 179.904; 214.12, 178.806; 215.779, 177.702; 217.442, 176.588; 219.111, 175.456; 220.771, 174.319; 222.421, 173.174; 224.06, 172.022; 225.689, 170.862; 227.306, 169.694; 228.912, 168.516; 230.51, 167.325; 232.116, 166.107; 233.708, 164.879; 235.286, 163.638; 236.849, 162.385; 238.397, 161.119; 239.929, 159.838; 241.445, 158.543; 242.945, 157.232; 244.439, 155.898; 245.915, 154.543; 247.372, 153.169; 248.81, 151.775; 250.229, 150.361; 251.628, 148.928; 253.008, 147.476; 254.363, 146.01; 255.665, 144.545; 256.976, 142.986; 258.222, 141.399; 259.387, 139.771; 260.475, 138.089; 261.447, 136.34; 262.288, 134.523; 262.964, 132.639; 263.422, 130.693; 263.638, 128.703; 263.592, 126.706; 263.295, 124.731; 262.76, 122.801; 262.036, 120.937; 261.133, 119.152; 260.07, 117.455; 258.881, 115.845; 257.572, 114.332; 256.153, 112.918; 254.636, 111.613; 253.026, 110.424; 251.332, 109.355; 249.582, 108.382; 247.782, 107.507; 245.937, 106.727; 244.06, 106.028; 242.158, 105.403; 240.231, 104.856; 238.275, 104.368; 236.313, 103.941; 234.354, 103.569; 232.368, 103.238; 230.363, 102.946; 228.385, 102.69; 226.431, 102.464; 224.438, 102.257; 222.443, 102.072; 220.447, 101.907; 218.45, 101.763; 216.451, 101.64; 214.451, 101.539; 212.45, 101.458; 210.448, 101.399; 208.446, 101.361; 206.443, 101.343; 204.44, 101.347; 202.437, 101.373; 200.434, 101.418; 198.432, 101.483; 196.43, 101.567; 194.43, 101.671; 192.431, 101.794; 190.434, 101.936; 188.438, 102.098; 186.443, 102.28; 184.451, 102.48; 182.46, 102.7; 180.471, 102.939; 178.485, 103.198; 176.501, 103.476; 174.519, 103.772; 172.541, 104.087; 170.566, 104.419; 168.594, 104.769; 166.625, 105.137; 164.66, 105.522; 162.698, 105.925; 160.74, 106.346; 158.786, 106.785; 156.836, 107.241; 154.89, 107.715; 152.948, 108.207; 151.01, 108.716; 149.077, 109.242; 147.148, 109.785; 145.225, 110.343; 143.306, 110.919; 141.393, 111.51; 139.485, 112.118; 137.582, 112.742; 135.684, 113.382; 133.792, 114.039; 131.905, 114.711; 130.024, 115.4; 128.149, 116.105; 126.28, 116.826; 124.356, 117.587; 122.422, 118.373; 120.542, 119.16; 118.713, 119.948; 116.937, 120.739; 115.21, 121.533; 113.335, 122.426; 111.495, 123.338; 109.713, 124.257; 107.987, 125.185; 106.317, 126.121; 104.597, 127.127; 102.892, 128.177; 101.211, 129.265; 99.5561, 130.392; 97.9277, 131.557; 96.3323, 132.767; 94.7712, 134.02; 93.2454, 135.316; 92.13, 136.311; 91.7873, 135.936; 90.4361, 134.457; 89.0859, 132.977; 87.7359, 131.497; 86.386, 130.017; 85.0359, 128.537; 84.045, 127.451; 84.4401, 127.093; 85.9442, 125.772; 87.4791, 124.486; 89.0442, 123.238; 90.6387, 122.027; 92.2619, 120.854; 93.9093, 119.716; 95.5794, 118.611; 97.2716, 117.541; 98.9856, 116.506; 100.676, 115.528; 102.367, 114.585; 104.105, 113.653; 105.891, 112.731; 107.727, 111.816; 109.613, 110.91; 111.337, 110.109; 113.104, 109.313; 114.915, 108.521; 116.772, 107.732; 118.675, 106.946; 120.625, 106.162; 122.513, 105.421; 124.384, 104.705; 126.26, 104.004; 128.142, 103.318; 130.029, 102.648; 131.922, 101.993; 133.82, 101.353; 135.723, 100.729; 137.631, 100.12; 139.543, 99.5265; 141.461, 98.9487; 143.384, 98.3865; 145.311, 97.8398; 147.243, 97.3088; 149.179, 96.7936; 151.119, 96.2949; 153.063, 95.813; 155.011, 95.3478; 156.963, 94.8993; 158.919, 94.4676; 160.878, 94.0527; 162.841, 93.6547; 164.807, 93.2734; 166.776, 92.909; 168.749, 92.5615; 170.724, 92.2309; 172.703, 91.9172; 174.684, 91.6205; 176.668, 91.3409; 178.654, 91.0794; 180.642, 90.8362; 182.633, 90.6113; 184.625, 90.4047; 186.618, 90.2164; 188.614, 90.0464; 190.611, 89.8947; 192.609, 89.7614; 194.608, 89.6463; 196.609, 89.5497; 198.611, 89.4714; 200.613, 89.4114; 202.616, 89.3699; 204.619, 89.3479; 206.622, 89.3458; 208.625, 89.3637; 210.628, 89.4013; 212.629, 89.4589; 214.63, 89.5364; 216.631, 89.6337; 218.63, 89.7508; 220.628, 89.8878; 222.624, 90.0447; 224.62, 90.2214; 226.613, 90.4179; 228.58, 90.6319; 230.499, 90.863; 232.479, 91.1285; 234.511, 91.4348; 236.505, 91.7734; 238.44, 92.1422; 240.399, 92.5608; 242.376, 93.0344; 244.34, 93.5595; 246.258, 94.1331; 248.158, 94.7679; 250.036, 95.4631; 251.891, 96.2186; 253.716, 97.0441; 255.504, 97.9443; 257.253, 98.918; 258.961, 99.964; 260.619, 101.088; 262.216, 102.295; 263.748, 103.581; 265.213, 104.944; 266.607, 106.382; 267.925, 107.891; 269.156, 109.468; 270.297, 111.111; 271.347, 112.814; 272.302, 114.576; 273.15, 116.389; 273.881, 118.251; 274.494, 120.155; 274.986, 122.095; 275.352, 124.065; 275.574, 126.052; 275.651, 128.05; 275.582, 130.049; 275.365, 132.04; 275.002, 134.008; 274.505, 135.946; 273.877, 137.847; 273.129, 139.705; 272.283, 141.52; 271.341, 143.286; 270.31, 145.003; 269.21, 146.675; 268.047, 148.305; 266.814, 149.904; 265.511, 151.496; 264.207, 153.004; 262.909, 154.446; 261.546, 155.914; 260.164, 157.364; 258.764, 158.797; 257.347, 160.211; 255.911, 161.608; 254.458, 162.986; 252.988, 164.346; 251.5, 165.688; 249.999, 167.011; 248.486, 168.319; 246.959, 169.61; 245.418, 170.887; 243.864, 172.149; 242.298, 