boundaryCurve{1} = [306.825, 329.545; 304.874, 329.39; 302.898, 329.229; 300.902, 329.059; 298.887, 328.875; 296.866, 328.676; 294.897, 328.464; 292.919, 328.229; 290.933, 327.969; 288.943, 327.68; 286.952, 327.359; 284.983, 327.01; 283.022, 326.619; 281.07, 326.186; 279.127, 325.712; 277.194, 325.196; 275.276, 324.632; 273.375, 324.01; 271.495, 323.332; 269.635, 322.597; 267.798, 321.807; 265.988, 320.955; 264.219, 320.025; 262.493, 319.02; 260.812, 317.941; 259.18, 316.788; 257.599, 315.564; 256.074, 314.269; 254.624, 312.895; 253.252, 311.444; 251.962, 309.92; 250.757, 308.327; 249.64, 306.665; 248.644, 304.932; 247.78, 303.132; 247.051, 301.272; 246.461, 299.362; 246.023, 297.407; 245.772, 295.425; 245.712, 293.431; 245.841, 291.439; 246.162, 289.464; 246.68, 287.529; 247.355, 285.65; 248.18, 283.833; 249.153, 282.089; 250.268, 280.426; 251.495, 278.847; 252.801, 277.335; 254.182, 275.892; 255.637, 274.523; 257.162, 273.229; 258.734, 271.993; 260.338, 270.799; 261.973, 269.647; 263.637, 268.54; 265.331, 267.476; 267.076, 266.423; 268.833, 265.394; 270.584, 264.397; 272.318, 263.427; 274.024, 262.484; 274.827, 262.042; 275.075, 261.905; 275.323, 261.769; 275.571, 261.632; 275.753, 261.531; 277.502, 260.556; 279.242, 259.569; 280.974, 258.57; 282.698, 257.558; 284.417, 256.531; 286.129, 255.491; 287.831, 254.44; 289.523, 253.377; 291.205, 252.302; 292.886, 251.21; 294.556, 250.107; 296.216, 248.993; 297.865, 247.867; 299.511, 246.724; 301.15, 245.567; 302.775, 244.401; 304.387, 243.225; 305.888, 242.112; 305.987, 242.037; 306.053, 241.987; 306.207, 241.868; 306.352, 241.755; 305.777, 241.588; 305.125, 241.428; 304.871, 241.374; 304.397, 241.285; 303.597, 241.163; 302.885, 241.076; 300.897, 240.859; 298.905, 240.68; 296.911, 240.538; 294.914, 240.434; 292.916, 240.369; 290.917, 240.341; 288.917, 240.35; 286.917, 240.397; 284.918, 240.471; 282.921, 240.572; 280.925, 240.7; 278.932, 240.855; 276.94, 241.036; 274.951, 241.244; 272.964, 241.478; 271.001, 241.727; 269.038, 241.996; 267.07, 242.282; 265.098, 242.586; 263.122, 242.907; 261.141, 243.242; 259.154, 243.591; 257.163, 243.952; 255.217, 244.315; 253.27, 244.686; 251.319, 245.067; 249.362, 245.455; 247.399, 245.849; 245.43, 246.248; 243.454, 246.652; 241.472, 247.058; 239.514, 247.458; 237.561, 247.856; 235.603, 248.254; 233.639, 248.651; 231.67, 249.043; 229.703, 249.428; 227.746, 249.806; 225.783, 250.179; 223.816, 250.544; 221.843, 250.901; 219.866, 251.247; 217.898, 251.579; 215.926, 251.9; 213.95, 252.207; 211.97, 252.5; 209.986, 252.778; 208.003, 253.038; 206.021, 253.279; 204.034, 253.502; 202.044, 253.706; 200.05, 253.888; 198.07, 254.046; 196.122, 254.168; 194.102, 254.242; 192.06, 254.253; 190.063, 254.182; 188.072, 254.02; 186.089, 253.765; 184.126, 253.386; 182.194, 252.875; 180.301, 252.232; 178.472, 251.429; 176.724, 250.465; 175.064, 249.347; 173.524, 248.071; 172.15, 246.627; 170.956, 245.031; 169.955, 243.3; 169.194, 241.447; 168.672, 239.521; 168.384, 237.549; 168.335, 235.55; 168.507, 233.555; 168.846, 231.586; 169.348, 229.653; 170.009, 227.767; 170.814, 225.935; 171.729, 224.159; 172.752, 222.444; 173.88, 220.795; 175.11, 219.218; 176.407, 217.695; 177.748, 216.213; 179.133, 214.772; 180.562, 213.374; 182.033, 212.019; 183.544, 210.71; 185.087, 209.437; 186.656, 208.197; 188.25, 206.99; 189.868, 205.815; 191.511, 204.674; 193.177, 203.567; 194.847, 202.489; 196.537, 201.432; 198.245, 200.395; 199.969, 199.376; 201.706, 198.374; 203.455, 197.387; 205.209, 196.415; 206.968, 195.456; 208.732, 194.507; 210.498, 193.566; 212.266, 192.632; 214.031, 191.703; 215.062, 191.162; 215.13, 191.126; 215.199, 191.09; 215.267, 191.054; 215.803, 190.772; 217.586, 189.834; 219.365, 188.894; 221.141, 187.954; 222.912, 187.012; 224.679, 186.069; 226.441, 185.124; 228.197, 184.177; 229.948, 183.227; 231.693, 182.274; 233.432, 181.319; 235.186, 180.348; 236.95, 179.364; 238.707, 178.377; 240.456, 177.386; 242.196, 176.389; 243.929, 175.388; 245.652, 174.381; 247.367, 173.368; 249.071, 172.348; 250.766, 171.321; 252.455, 170.284; 254.174, 169.214; 255.882, 168.136; 257.579, 167.051; 259.263, 165.957; 260.935, 164.855; 262.594, 163.744; 264.24, 162.623; 265.872, 161.492; 267.49, 160.351; 269.094, 159.199; 270.707, 158.022; 272.311, 156.827; 273.902, 155.615; 275.479, 154.386; 277.043, 153.14; 278.593, 151.877; 280.13, 150.597; 281.653, 149.301; 283.162, 147.989; 284.658, 146.66; 286.095, 145.342; 287.547, 143.957; 288.988, 142.51; 290.354, 141.05; 291.66, 139.537; 292.904, 137.972; 294.055, 136.338; 295.09, 134.628; 296, 132.848; 296.714, 130.984; 297.205, 129.049; 297.428, 127.061; 297.369, 125.067; 297.038, 123.1; 296.446, 121.188; 295.66, 119.352; 294.704, 117.601; 293.583, 115.947; 292.338, 114.382; 290.995, 112.903; 289.558, 111.515; 288.034, 110.219; 286.443, 109.009; 284.788, 107.89; 283.071, 106.865; 281.3, 105.935; 279.496, 105.074; 277.662, 104.28; 275.799, 103.554; 273.91, 102.896; 272.003, 102.291; 270.083, 101.735; 268.148, 101.228; 266.202, 100.771; 264.239, 100.354; 262.267, 99.9747; 260.294, 99.6309; 258.323, 99.3203; 256.353, 99.0392; 254.333, 98.7782; 252.329, 98.5431; 250.346, 98.3307; 248.389, 98.1378; 246.416, 97.9585; 244.423, 97.7908; 242.429, 97.636; 240.434, 97.4939; 238.438, 97.3647; 236.442, 97.2484; 234.445, 97.1448; 232.447, 97.0541; 230.449, 96.9762; 228.45, 96.9111; 226.451, 96.8589; 224.452, 96.8195; 222.452, 96.7929; 220.452, 96.7792; 218.452, 96.7783; 216.452, 96.7903; 214.452, 96.8151; 212.452, 96.8522; 210.453, 96.9012; 208.453, 96.962; 206.455, 97.0347; 204.457, 97.1192; 202.459, 97.2155; 200.462, 97.3237; 198.466, 97.4437; 196.471, 97.5756; 194.476, 97.7192; 192.482, 97.8747; 190.49, 98.042; 188.498, 98.2212; 186.507, 98.4121; 184.517, 98.6148; 182.529, 98.8294; 180.541, 99.0557; 178.564, 99.2921; 176.594, 99.5384; 174.624, 99.7962; 172.653, 100.065; 170.681, 100.346; 168.709, 100.638; 166.737, 100.942; 164.765, 101.257; 162.793, 101.583; 160.821, 101.921; 158.849, 102.27; 156.877, 102.63; 154.906, 103.002; 152.935, 103.385; 150.964, 103.78; 148.994, 104.185; 147.025, 104.602; 145.056, 105.031; 143.116, 105.464; 141.177, 105.909; 139.238, 106.364; 137.301, 106.83; 135.365, 107.307; 133.43, 107.795; 131.496, 108.294; 129.564, 108.804; 127.633, 109.324; 125.704, 109.856; 123.776, 110.398; 121.85, 110.951; 119.926, 111.515; 118.004, 112.09; 116.084, 112.676; 114.166, 113.272; 112.25, 113.88; 110.313, 114.505; 108.303, 115.168; 106.336, 115.831; 104.41, 116.495; 102.524, 117.159; 100.679, 117.825; 98.8732, 118.493; 97.1055, 119.163; 95.1909, 119.909; 93.2603, 120.683; 91.3768, 121.461; 89.5393, 122.244; 87.7468, 123.032; 85.9979, 123.827; 84.2403, 124.652; 82.3689, 125.563; 80.5483, 126.484; 78.7768, 127.417; 77.053, 128.361; 75.3755, 129.318; 73.6978, 130.313; 71.9966, 131.364; 70.3177, 132.451; 68.6617, 133.571; 67.029, 134.726; 65.745, 135.671; 65.4436, 135.399; 63.9589, 134.059; 62.4742, 132.718; 60.9894, 131.378; 59.5046, 130.038; 58.0198, 128.698; 56.5348, 127.358; 55.0498, 126.018; 54.815, 125.806; 56.17, 124.806; 57.7985, 123.645; 59.4471, 122.513; 61.1156, 121.411; 62.8035, 120.339; 64.5105, 119.296; 66.1732, 118.316; 67.8633, 117.355; 69.5915, 116.406; 71.3592, 115.468; 73.1675, 114.542; 75.0177, 113.625; 76.8276, 112.758; 78.562, 111.952; 80.3331, 111.154; 82.142, 110.362; 83.9896, 109.575; 85.8767, 108.795; 87.8044, 108.019; 89.7206, 107.268; 91.4886, 106.593; 93.2901, 105.92; 95.1257, 105.251; 96.996, 104.584; 98.9018, 103.918; 100.844, 103.255; 102.822, 102.593; 104.832, 101.934; 106.745, 101.318; 108.661, 100.713; 110.578, 100.118; 112.497, 99.5333; 114.419, 98.9588; 116.343, 98.3946; 118.268, 97.8406; 120.195, 97.2969; 122.124, 96.7636; 124.054, 96.2405; 125.986, 95.7277; 127.92, 95.2252; 129.855, 94.7331; 131.791, 94.2513; 133.729, 93.7799; 135.668, 93.3188; 137.608, 92.8681; 139.549, 92.4278; 141.497, 91.9963; 143.465, 91.5715; 145.434, 91.1573; 147.404, 90.7539; 149.374, 90.3611; 151.345, 89.9792; 153.316, 89.6079; 155.287, 89.2474; 157.259, 