boundaryCurve{1} = [323.949, 334.277; 321.971, 334.125; 319.97, 333.969; 317.968, 333.806; 315.979, 333.636; 313.978, 333.451; 311.99, 333.249; 310.001, 333.034; 308.003, 332.799; 306.022, 332.541; 304.04, 332.259; 302.057, 331.948; 300.087, 331.608; 298.119, 331.236; 296.157, 330.828; 294.207, 330.384; 292.264, 329.9; 290.332, 329.373; 288.414, 328.801; 286.51, 328.181; 284.624, 327.513; 282.758, 326.792; 280.911, 326.017; 279.09, 325.185; 277.303, 324.286; 275.551, 323.321; 273.836, 322.289; 272.165, 321.189; 270.542, 320.02; 268.969, 318.783; 267.454, 317.477; 266.003, 316.101; 264.617, 314.657; 263.311, 313.141; 262.089, 311.556; 260.958, 309.904; 259.935, 308.185; 259.026, 306.402; 258.242, 304.561; 257.602, 302.666; 257.11, 300.725; 256.787, 298.752; 256.64, 296.757; 256.677, 294.756; 256.906, 292.77; 257.324, 290.813; 257.912, 288.901; 258.658, 287.045; 259.554, 285.255; 260.578, 283.537; 261.723, 281.896; 262.969, 280.329; 264.3, 278.835; 265.711, 277.415; 267.181, 276.058; 268.705, 274.762; 270.271, 273.529; 271.879, 272.341; 273.529, 271.193; 275.202, 270.089; 276.897, 269.022; 278.61, 267.988; 280.351, 266.974; 282.095, 265.988; 283.84, 265.026; 285.623, 264.06; 287.382, 263.118; 288.564, 262.488; 288.701, 262.415; 288.837, 262.342; 288.974, 262.27; 289.11, 262.197; 289.128, 262.187; 289.247, 262.124; 289.384, 262.052; 289.52, 261.979; 290.893, 261.242; 292.652, 260.285; 294.404, 259.316; 296.15, 258.336; 297.889, 257.345; 299.623, 256.341; 301.348, 255.325; 303.066, 254.298; 304.779, 253.259; 306.482, 252.209; 308.18, 251.146; 309.869, 250.073; 311.553, 248.987; 313.229, 247.889; 314.893, 246.782; 316.555, 245.66; 318.204, 244.528; 319.846, 243.382; 321.481, 242.227; 322.826, 241.266; 322.921, 241.197; 323.014, 241.129; 323.103, 241.064; 323.107, 241.061; 323.19, 241; 323.273, 240.937; 323.354, 240.877; 323.432, 240.817; 323.127, 240.727; 322.799, 240.639; 322.45, 240.552; 322.081, 240.469; 321.888, 240.429; 321.69, 240.39; 321.279, 240.316; 320.849, 240.248; 320.399, 240.187; 319.905, 240.127; 317.911, 239.907; 315.917, 239.723; 313.923, 239.575; 311.929, 239.463; 309.93, 239.384; 307.93, 239.336; 305.928, 239.318; 303.925, 239.331; 301.926, 239.373; 299.928, 239.442; 297.929, 239.538; 295.927, 239.661; 293.933, 239.809; 291.944, 239.978; 289.952, 240.168; 287.957, 240.379; 285.962, 240.609; 283.983, 240.856; 282.001, 241.12; 280.016, 241.401; 278.029, 241.7; 276.059, 242.01; 274.089, 242.33; 272.113, 242.662; 270.133, 243.005; 268.16, 243.356; 266.199, 243.713; 264.232, 244.078; 262.26, 244.452; 260.284, 244.833; 258.329, 245.214; 256.368, 245.599; 254.403, 245.985; 252.431, 246.375; 250.464, 246.765; 248.502, 247.153; 246.535, 247.541; 244.571, 247.927; 242.607, 248.308; 240.638, 248.686; 238.672, 249.059; 236.705, 249.427; 234.733, 249.788; 232.763, 250.143; 230.791, 250.488; 228.816, 250.825; 226.842, 251.151; 224.865, 251.466; 222.885, 251.771; 220.904, 252.064; 218.922, 252.342; 216.936, 252.606; 214.95, 252.856; 212.962, 253.089; 210.971, 253.307; 208.98, 253.507; 206.986, 253.689; 204.99, 253.851; 203.013, 253.987; 201.001, 254.085; 199, 254.132; 196.998, 254.117; 194.989, 254.034; 192.998, 253.87; 191.011, 253.613; 189.042, 253.256; 187.095, 252.785; 185.185, 252.189; 183.322, 251.461; 181.522, 250.59; 179.802, 249.57; 178.174, 248.407; 176.667, 247.094; 175.297, 245.635; 174.104, 244.031; 173.111, 242.296; 172.341, 240.45; 171.804, 238.525; 171.502, 236.547; 171.418, 234.55; 171.545, 232.553; 171.854, 230.577; 172.334, 228.634; 172.959, 226.733; 173.72, 224.882; 174.602, 223.087; 175.592, 221.35; 176.686, 219.674; 177.872, 218.064; 179.145, 216.52; 180.472, 215.022; 181.844, 213.566; 183.261, 212.154; 184.712, 210.785; 186.201, 209.448; 187.728, 208.143; 189.276, 206.884; 190.854, 205.656; 192.464, 204.458; 194.095, 203.297; 195.741, 202.165; 197.411, 201.056; 199.1, 199.973; 200.795, 198.918; 202.508, 197.883; 204.24, 196.868; 205.979, 195.876; 207.725, 194.898; 209.48, 193.933; 211.244, 192.981; 213.011, 192.042; 214.784, 191.112; 216.564, 190.192; 218.35, 189.277; 220.135, 188.366; 221.916, 187.459; 222.848, 186.985; 222.885, 186.966; 222.923, 186.946; 222.961, 186.927; 222.999, 186.908; 223.037, 186.889; 223.074, 186.87; 223.112, 186.851; 223.7, 186.552; 225.49, 185.641; 227.276, 184.73; 229.058, 183.817; 230.837, 182.904; 232.613, 181.99; 234.392, 181.071; 236.176, 180.145; 237.954, 179.217; 239.726, 178.285; 241.493, 177.352; 243.254, 176.415; 245.021, 175.469; 246.79, 174.515; 248.552, 173.557; 250.307, 172.596; 252.055, 171.63; 253.796, 170.661; 255.549, 169.676; 257.297, 168.684; 259.035, 167.685; 260.764, 166.681; 262.484, 165.671; 264.199, 164.653; 265.925, 163.613; 267.64, 162.568; 269.344, 161.516; 271.038, 160.458; 272.72, 159.393; 274.406, 158.312; 276.091, 157.214; 277.762, 156.106; 279.42, 154.987; 281.065, 153.858; 282.698, 152.718; 284.34, 151.552; 285.968, 150.375; 287.58, 149.187; 289.178, 147.988; 290.761, 146.779; 292.342, 145.547; 293.915, 144.295; 295.469, 143.03; 297.006, 141.751; 298.525, 140.458; 300.021, 139.157; 301.511, 137.819; 302.976, 136.453; 304.414, 135.048; 305.804, 133.608; 307.147, 132.117; 308.421, 130.576; 309.622, 128.966; 310.717, 127.302; 311.692, 125.555; 312.51, 123.73; 313.134, 121.831; 313.513, 119.869; 313.618, 117.873; 313.445, 115.881; 313.019, 113.927; 312.363, 112.037; 311.516, 110.225; 310.504, 108.5; 309.355, 106.863; 308.09, 105.313; 306.727, 103.849; 305.277, 102.47; 303.753, 101.174; 302.162, 99.9593; 300.509, 98.8261; 298.795, 97.775; 297.052, 96.823; 295.263, 95.9408; 293.432, 95.1196; 291.581, 94.3648; 289.706, 93.665; 287.807, 93.0192; 285.899, 92.4287; 283.969, 91.8811; 282.03, 91.3763; 280.082, 90.9171; 278.123, 90.4951; 276.158, 90.1085; 274.188, 89.7555; 272.208, 89.4315; 270.226, 89.1349; 268.247, 88.8638; 266.251, 88.6146; 264.268, 88.3882; 262.266, 88.1776; 260.273, 87.9836; 258.299, 87.8045; 256.315, 87.6361; 254.328, 87.4792; 252.337, 87.3336; 250.342, 87.1994; 248.343, 87.0766; 246.341, 86.9653; 244.336, 86.8653; 242.327, 86.7767; 240.315, 86.6995; 238.323, 86.6344; 236.329, 86.5803; 234.333, 86.5373; 232.334, 86.5052; 230.333, 86.4842; 228.329, 86.4743; 226.323, 86.4753; 224.314, 86.4874; 222.303, 86.5105; 220.305, 86.5442; 218.312, 86.5885; 216.317, 86.6434; 214.32, 86.7091; 212.32, 86.7855; 210.319, 86.8727; 208.316, 86.9705; 206.311, 87.0791; 204.304, 87.1984; 202.301, 87.328; 200.312, 87.4669; 198.321, 87.6161; 196.329, 87.7754; 194.337, 87.9449; 192.343, 88.1245; 190.348, 88.3144; 188.352, 88.5144; 186.355, 88.7246; 184.358, 88.9449; 182.373, 89.1754; 180.392, 89.416; 178.41, 89.6667; 176.428, 89.9276; 174.446, 90.1986; 172.463, 90.4798; 170.48, 90.7711; 168.496, 91.0726; 166.512, 91.3843; 164.53, 91.7057; 162.56, 92.035; 160.592, 92.3743; 158.623, 92.7234; 156.655, 93.0824; 154.688, 93.4513; 152.721, 93.8301; 150.755, 94.2187; 148.79, 94.6173; 146.824, 95.0258; 144.866, 95.4427; 142.914, 95.8677; 140.964, 96.3025; 139.014, 96.7471; 137.066, 97.2014; 135.119, 97.6655; 133.172, 98.1394; 131.227, 98.623; 129.283, 99.1164; 127.339, 99.6196; 125.404, 100.131; 123.474, 100.65; 121.545, 101.179; 119.619, 101.718; 117.694, 102.266; 115.771, 102.823; 113.85, 103.39; 111.931, 103.966; 110.014, 104.552; 108.098, 105.147; 106.139, 105.767; 104.211, 106.389; 102.319, 107.012; 100.463, 107.634; 98.5519, 108.288; 96.6367, 108.959; 94.7592, 109.632; 92.9196, 110.307; 91.0227, 111.021; 89.1346, 111.749; 87.2875, 112.481; 85.4726, 113.22; 83.5873, 114.01; 81.7444, 114.806; 79.9441, 115.608; 78.1163, 116.448; 76.2919, 117.316; 74.5126, 118.191; 72.7404, 119.095; 70.952, 120.039; 69.2065, 120.996; 67.4771, 121.98; 65.7365, 123.01; 64.0427, 124.055; 62.369, 125.131; 60.6969, 126.252; 59.0646, 127.392; 58.405, 127.866; 57.5176, 127.09; 56.0105, 125.772; 54.5035, 124.453; 52.9964, 123.135; 51.4894, 121.817; 49.9753, 120.507; 48.4637, 119.194; 46.9567, 117.876; 46.385, 117.376; 47.3837, 116.659; 49.0192, 115.518; 50.6869, 114.396; 52.3642, 113.306; 54.0459, 112.251; 