boundaryCurve{1} = [76.382, 328.106; 76.182, 328.02; 75.982, 327.933; 75.782, 327.847; 75.582, 327.76; 75.382, 327.674; 75.182, 327.588; 74.982, 327.501; 74.782, 327.415; 74.582, 327.328; 74.5436, 327.311; 74.382, 327.242; 74.182, 327.155; 73.982, 327.069; 73.782, 326.982; 73.582, 326.896; 73.382, 326.809; 73.182, 326.723; 72.982, 326.636; 72.782, 326.55; 72.7054, 326.517; 72.582, 326.463; 72.382, 326.377; 72.182, 326.29; 71.982, 326.204; 71.782, 326.117; 71.582, 326.031; 71.382, 325.944; 71.182, 325.858; 70.982, 325.771; 70.8672, 325.722; 70.782, 325.685; 70.582, 325.598; 70.382, 325.512; 70.182, 325.425; 69.982, 325.339; 70.3934, 324.387; 71.1945, 322.552; 72.0057, 320.719; 72.8252, 318.893; 73.6546, 317.07; 74.4941, 315.251; 75.3427, 313.437; 76.1998, 311.627; 77.0647, 309.822; 77.9411, 308.022; 78.8291, 306.225; 79.7217, 304.434; 80.6242, 302.645; 81.5356, 300.861; 82.4558, 299.082; 83.3857, 297.308; 84.3234, 295.54; 85.2702, 293.775; 86.2264, 292.014; 87.1899, 290.26; 88.1629, 288.509; 89.1438, 286.763; 90.1328, 285.022; 91.1311, 283.284; 92.1361, 281.554; 93.1503, 279.827; 94.1735, 278.104; 95.2041, 276.388; 96.2437, 274.675; 97.2905, 272.969; 98.3453, 271.267; 99.4096, 269.568; 100.479, 267.877; 101.558, 266.19; 102.646, 264.507; 103.741, 262.831; 104.843, 261.159; 105.953, 259.491; 107.07, 257.83; 108.196, 256.172; 109.328, 254.522; 110.469, 252.876; 111.618, 251.233; 112.771, 249.598; 113.933, 247.967; 115.103, 246.34; 116.279, 244.721; 117.464, 243.105; 118.655, 241.495; 119.852, 239.89; 121.059, 238.29; 122.271, 236.699; 123.489, 235.11; 124.716, 233.523; 125.948, 231.946; 127.187, 230.372; 128.432, 228.803; 129.682, 227.241; 130.942, 225.683; 132.209, 224.131; 133.48, 222.584; 134.759, 221.041; 136.043, 219.507; 137.334, 217.976; 138.633, 216.448; 139.935, 214.929; 141.245, 213.414; 142.562, 211.903; 143.882, 210.4; 145.21, 208.9; 146.545, 207.406; 147.884, 205.919; 149.23, 204.435; 150.583, 202.957; 151.939, 201.485; 153.303, 200.017; 154.671, 198.556; 156.045, 197.1; 157.427, 195.648; 158.813, 194.202; 160.203, 192.761; 161.6, 191.324; 163, 189.895; 164.408, 188.471; 165.823, 187.049; 167.238, 185.638; 168.662, 184.229; 170.093, 182.824; 171.525, 181.427; 172.965, 180.033; 174.41, 178.646; 175.858, 177.264; 177.313, 175.885; 178.77, 174.514; 180.235, 173.147; 181.703, 171.785; 183.175, 170.429; 184.655, 169.076; 186.136, 167.731; 187.624, 166.39; 189.116, 165.054; 190.612, 163.725; 192.116, 162.397; 193.62, 161.078; 195.13, 159.763; 196.646, 158.452; 198.164, 157.148; 199.689, 155.847; 201.215, 154.554; 202.748, 153.264; 204.286, 151.978; 205.825, 150.699; 207.371, 149.424; 208.918, 148.156; 210.47, 146.891; 212.03, 145.629; 213.589, 144.374; 215.154, 143.124; 216.722, 141.88; 218.294, 140.642; 219.873, 139.405; 221.453, 138.176; 223.037, 136.951; 224.626, 135.729; 226.216, 134.516; 227.812, 133.306; 229.413, 132.1; 231.014, 130.9; 232.622, 129.702; 234.229, 128.513; 235.842, 127.327; 237.462, 126.141; 239.08, 124.965; 240.705, 123.792; 242.332, 122.626; 243.961, 121.464; 245.596, 120.304; 247.232, 119.15; 248.871, 118.001; 250.517, 116.854; 252.161, 115.716; 253.81, 114.58; 255.465, 113.447; 257.118, 112.322; 258.777, 111.199; 260.44, 110.08; 262.102, 108.968; 263.771, 107.858; 265.442, 106.752; 267.114, 105.653; 268.792, 104.555; 270.469, 103.464; 272.149, 102.376; 273.837, 101.29; 275.52, 100.213; 277.209, 99.1369; 278.905, 98.0625; 280.596, 96.9982; 282.293, 95.9346; 283.995, 94.8727; 285.694, 93.819; 287.399, 92.7674; 289.109, 91.7192; 290.815, 90.6772; 292.528, 89.6363; 294.242, 88.5989; 295.955, 87.5687; 297.676, 86.5401; 299.399, 85.5155; 301.119, 84.4965; 302.846, 83.4784; 304.574, 82.4642; 306.301, 81.456; 308.035, 80.4495; 309.089, 79.84; 309.199, 80.03; 309.308, 80.219; 309.418, 80.409; 309.484, 80.5228; 309.527, 80.598; 309.637, 80.787; 309.746, 80.977; 309.855, 81.166; 309.965, 81.356; 310.074, 81.545; 310.184, 81.735; 310.293, 81.924; 310.403, 82.113; 310.486, 82.2568; 310.512, 82.303; 310.622, 82.492; 310.731, 82.682; 310.84, 82.871; 310.95, 83.06; 311.059, 83.25; 311.169, 83.439; 311.278, 83.629; 311.388, 83.818; 311.487, 83.991; 311.497, 84.008; 311.606, 84.197; 311.716, 84.386; 311.825, 84.576; 311.935, 84.765; 312.044, 84.955; 312.154, 85.144; 312.263, 85.334; 312.372, 85.523; 312.482, 85.712; 312.489, 85.725; 312.591, 85.902; 311.031, 86.8059; 309.299, 87.813; 307.574, 88.8208; 305.843, 89.8367; 304.118, 90.8548; 302.4, 91.8745; 300.675, 92.903; 298.957, 93.9316; 297.245, 94.9604; 295.532, 95.9945; 293.82, 97.0338; 292.108, 98.0791; 290.399, 99.1306; 288.696, 100.183; 286.997, 101.238; 285.295, 102.301; 283.601, 103.365; 281.908, 104.434; 280.214, 105.508; 278.529, 106.584; 276.843, 107.666; 275.159, 108.753; 273.482, 109.841; 271.802, 110.937; 270.127, 112.036; 268.459, 113.136; 266.787, 114.246; 265.121, 115.357; 263.46, 116.472; 261.798, 117.595; 260.143, 118.72; 258.491, 119.851; 256.839, 120.987; 255.193, 122.122; 253.546, 123.265; 251.904, 124.413; 250.269, 125.563; 248.632, 126.722; 247, 127.883; 245.373, 129.048; 243.746, 130.22; 242.127, 131.394; 240.507, 132.575; 238.89, 133.759; 237.279, 134.942; 235.669, 136.138; 234.066, 137.336; 232.467, 138.54; 230.869, 139.751; 229.278, 140.964; 227.688, 142.183; 226.102, 143.407; 224.523, 144.634; 222.942, 145.87; 221.369, 147.108; 219.8, 148.35; 218.233, 149.599; 216.673, 150.852; 215.112, 152.113; 213.56, 153.378; 212.014, 154.646; 210.467, 155.921; 208.927, 157.199; 207.39, 158.483; 205.858, 159.774; 204.332, 161.068; 202.806, 162.369; 201.287, 163.673; 199.772, 164.982; 198.261, 166.298; 196.757, 167.617; 195.254, 168.944; 193.757, 170.273; 192.265, 171.609; 190.777, 172.951; 189.297, 174.296; 187.816, 175.648; 186.344, 177.005; 184.876, 178.367; 183.413, 179.735; 181.955, 181.106; 180.5, 182.484; 179.052, 183.866; 177.608, 185.255; 176.169, 186.649; 174.737, 188.047; 173.308, 189.453; 171.885, 190.862; 170.469, 192.276; 169.056, 193.698; 167.65, 195.123; 166.25, 196.553; 164.853, 197.991; 163.464, 199.432; 162.08, 200.88; 160.7, 202.334; 159.328, 203.789; 157.959, 205.253; 156.597, 206.722; 155.244, 208.195; 153.893, 209.676; 152.549, 211.161; 151.213, 212.65; 149.879, 214.148; 148.554, 215.649; 147.236, 217.154; 145.922, 218.667; 144.616, 220.184; 143.315, 221.706; 142.02, 223.234; 140.734, 224.768; 139.452, 226.312; 138.177, 227.857; 136.911, 229.403; 135.647, 230.96; 134.392, 232.52; 133.145, 234.086; 131.903, 235.659; 130.668, 237.234; 129.44, 238.816; 128.218, 240.404; 127.005, 241.995; 125.797, 243.594; 124.597, 245.198; 123.405, 246.805; 122.218, 248.421; 121.04, 250.039; 119.868, 251.663; 118.704, 253.294; 117.549, 254.928; 116.399, 256.569; 115.257, 258.215; 114.124, 259.864; 112.997, 261.521; 111.879, 263.182; 110.768, 264.848; 109.664, 266.52; 108.57, 268.196; 107.482, 269.879; 106.402, 271.566; 105.331, 273.256; 104.267, 274.954; 103.212, 276.656; 102.166, 278.362; 101.127, 280.075; 100.096, 281.791; 99.0723, 283.515; 98.0587, 285.242; 97.0541, 286.973; 96.0565, 288.711; 95.068, 290.452; 94.0878, 292.199; 93.1166, 293.95; 92.1546, 295.705; 91.2, 297.468; 90.2559, 299.233; 89.3203, 301.005; 88.3926, 302.782; 87.4747, 304.558; 86.5652, 306.341; 85.6656, 308.13; 84.7753, 309.926; 83.893, 311.725; 83.021, 313.527; 82.1577, 315.334; 81.304, 317.146; 80.4605, 318.961; 79.6259, 320.783; 78.8007, 322.607; 77.9839, 324.437; 77.1773, 326.27; ];
openCurve = [false ];
