boundaryCurve{1} = [76.382, 328.106; 76.182, 328.049; 75.982, 327.991; 75.782, 327.934; 75.582, 327.876; 75.382, 327.819; 75.182, 327.761; 74.982, 327.704; 74.782, 327.646; 74.582, 327.589; 74.4582, 327.553; 74.382, 327.531; 74.182, 327.474; 73.982, 327.416; 73.782, 327.359; 73.582, 327.301; 73.382, 327.244; 73.182, 327.186; 72.982, 327.129; 72.782, 327.071; 72.582, 327.014; 72.5345, 327; 72.382, 326.956; 72.182, 326.899; 71.982, 326.841; 71.782, 326.784; 71.582, 326.726; 71.382, 326.668; 71.182, 326.611; 70.982, 326.553; 70.782, 326.496; 70.611, 326.446; 70.582, 326.438; 70.382, 326.381; 70.182, 326.323; 69.982, 326.266; 70.7156, 325.14; 71.8214, 323.469; 72.9396, 321.811; 74.0745, 320.16; 75.222, 318.522; 76.3844, 316.89; 77.5566, 315.272; 78.7503, 313.66; 79.9496, 312.062; 81.1662, 310.468; 82.3907, 308.89; 83.6322, 307.315; 84.8812, 305.756; 86.1467, 304.2; 87.4198, 302.659; 88.7087, 301.124; 90.0041, 299.602; 91.3152, 298.086; 92.6322, 296.584; 93.9655, 295.085; 95.3039, 293.602; 96.6575, 292.122; 98.0161, 290.658; 99.3899, 289.197; 100.768, 287.751; 102.16, 286.309; 103.559, 284.88; 104.97, 283.458; 106.387, 282.046; 107.814, 280.642; 109.25, 279.249; 110.694, 277.863; 112.147, 276.484; 113.607, 275.116; 115.077, 273.755; 116.551, 272.406; 118.039, 271.06; 119.527, 269.729; 121.03, 268.4; 122.535, 267.084; 124.05, 265.774; 125.572, 264.475; 127.1, 263.182; 128.633, 261.896; 130.173, 260.62; 131.725, 259.35; 133.277, 258.092; 134.841, 256.837; 136.406, 255.594; 137.981, 254.356; 139.56, 253.127; 141.145, 251.906; 142.739, 250.69; 144.333, 249.486; 145.939, 248.284; 147.544, 247.095; 149.16, 245.911; 150.78, 244.736; 152.403, 243.568; 154.036, 242.402; 155.667, 241.249; 157.309, 240.099; 158.953, 238.959; 160.602, 237.824; 162.256, 236.696; 163.912, 235.577; 165.579, 234.461; 167.243, 233.356; 168.916, 232.256; 170.595, 231.162; 172.275, 230.077; 173.962, 228.995; 175.65, 227.922; 177.345, 226.854; 179.04, 225.794; 180.744, 224.738; 182.446, 223.691; 184.157, 222.648; 185.868, 221.613; 187.585, 220.582; 189.305, 219.559; 191.028, 218.542; 192.757, 217.529; 194.485, 216.524; 196.222, 215.523; 197.957, 214.531; 199.7, 213.541; 201.442, 212.56; 203.19, 211.583; 204.94, 210.613; 206.694, 209.649; 208.453, 208.69; 210.21, 207.737; 211.977, 206.786; 213.739, 205.845; 215.509, 204.905; 217.277, 203.974; 219.051, 203.047; 220.83, 202.124; 222.607, 201.208; 224.393, 200.294; 226.173, 199.39; 227.962, 198.487; 229.752, 197.591; 231.543, 196.7; 233.339, 195.812; 235.133, 194.932; 236.936, 194.054; 238.736, 193.184; 240.54, 192.317; 242.348, 191.453; 244.154, 190.596; 245.968, 189.742; 247.777, 188.895; 249.593, 188.05; 251.411, 187.209; 253.228, 186.375; 255.053, 185.543; 256.872, 184.718; 258.698, 183.896; 260.526, 183.078; 262.352, 182.265; 264.187, 181.455; 266.017, 180.651; 267.852, 179.85; 269.69, 179.051; 271.524, 178.26; 273.367, 177.47; 275.207, 176.686; 277.048, 175.905; 278.898, 175.125; 280.739, 174.355; 282.588, 173.585; 284.439, 172.818; 286.286, 172.057; 288.142, 171.297; 289.995, 170.543; 291.849, 169.792; 293.711, 169.043; 295.562, 168.301; 297.423, 167.56; 299.287, 166.822; 301.146, 166.09; 303.012, 165.358; 304.877, 164.631; 306.741, 163.909; 308.613, 163.188; 309.089, 163.006; 309.199, 163.132; 309.308, 163.258; 309.418, 163.384; 309.527, 163.51; 309.637, 163.636; 309.746, 163.762; 309.855, 163.888; 309.965, 164.014; 310.069, 164.134; 310.074, 164.14; 310.184, 164.266; 310.293, 164.392; 310.403, 164.518; 310.512, 164.644; 310.622, 164.77; 310.731, 164.896; 310.84, 165.021; 310.95, 165.147; 311.059, 165.273; 311.169, 165.399; 311.278, 165.525; 311.382, 165.644; 311.388, 165.651; 311.497, 165.777; 311.606, 165.903; 311.716, 166.029; 311.825, 166.155; 311.935, 166.281; 312.044, 166.407; 312.154, 166.533; 312.263, 166.659; 312.372, 166.785; 312.482, 166.911; 312.591, 167.037; 312.444, 167.094; 310.571, 167.815; 308.706, 168.538; 306.842, 169.264; 304.975, 169.995; 303.115, 170.726; 301.253, 171.464; 299.392, 172.206; 297.539, 172.948; 295.677, 173.697; 293.821, 174.446; 291.97, 175.197; 290.114, 175.955; 288.265, 176.716; 286.414, 177.484; 284.565, 178.255; 282.724, 179.024; 280.874, 179.803; 279.032, 180.583; 277.193, 181.367; 275.351, 182.157; 273.516, 182.948; 271.677, 183.747; 269.843, 184.548; 268.013, 185.352; 266.179, 186.163; 264.353, 186.975; 262.523, 187.794; 260.698, 188.616; 258.879, 189.441; 257.055, 190.274; 255.239, 191.108; 253.419, 191.949; 251.604, 192.793; 249.794, 193.642; 247.981, 194.497; 246.176, 195.353; 244.367, 196.218; 242.565, 197.087; 240.765, 197.961; 238.964, 198.84; 237.172, 199.719; 235.373, 200.607; 233.583, 201.499; 231.793, 202.397; 230.006, 203.3; 228.224, 204.207; 226.44, 205.12; 224.665, 206.036; 222.886, 206.961; 221.114, 207.889; 219.343, 208.824; 217.576, 209.763; 215.812, 210.708; 214.048, 211.659; 212.293, 212.613; 210.534, 213.577; 208.785, 214.542; 207.033, 215.516; 205.288, 216.495; 203.544, 217.48; 201.804, 218.469; 200.069, 219.461; 198.335, 220.463; 196.608, 221.473; 194.88, 222.488; 193.161, 223.507; 191.439, 224.535; 189.727, 225.567; 188.014, 226.607; 186.308, 227.652; 184.605, 228.703; 182.906, 229.761; 181.211, 230.825; 179.519, 231.896; 177.832, 232.972; 176.148, 234.057; 174.472, 235.147; 172.795, 236.246; 171.128, 237.348; 169.462, 238.461; 167.802, 239.58; 166.148, 240.705; 164.495, 241.838; 162.853, 242.975; 161.208, 244.124; 159.574, 245.275; 157.941, 246.436; 156.315, 247.604; 154.697, 248.778; 153.08, 249.962; 151.474, 251.15; 149.866, 252.35; 148.27, 253.554; 146.677, 254.767; 145.09, 255.988; 143.511, 257.215; 141.934, 258.452; 140.37, 259.694; 138.805, 260.949; 137.253, 262.207; 135.701, 263.477; 134.161, 264.752; 132.625, 266.037; 131.097, 267.329; 129.576, 268.63; 128.061, 269.94; 126.556, 271.255; 125.055, 272.584; 123.566, 273.915; 122.08, 275.262; 120.607, 276.612; 119.136, 277.977; 117.678, 279.344; 116.225, 280.723; 114.784, 282.109; 113.349, 283.507; 111.924, 284.912; 110.508, 286.327; 109.101, 287.75; 107.703, 289.182; 106.315, 290.625; 104.937, 292.075; 103.567, 293.536; 102.21, 295.006; 100.863, 296.488; 99.5264, 297.976; 98.1986, 299.476; 96.884, 300.984; 95.5782, 302.503; 94.2851, 304.029; 93.0027, 305.567; 91.7328, 307.113; 90.4742, 308.671; 89.2292, 310.237; 87.9956, 311.813; 86.7749, 313.4; 85.5672, 314.996; 84.3723, 316.603; 83.1916, 318.218; 82.0239, 319.843; 80.8721, 321.479; 79.7327, 323.127; 78.6089, 324.78; 77.4917, 326.445; ];
openCurve = [false ];
