boundaryCurve{1} = [298.327, 296.742; 296.326, 296.742; 294.326, 296.742; 292.325, 296.742; 290.324, 296.742; 288.323, 296.742; 286.323, 296.742; 284.322, 296.742; 282.321, 296.742; 280.32, 296.742; 278.32, 296.742; 276.319, 296.742; 274.318, 296.742; 272.317, 296.742; 270.317, 296.742; 268.316, 296.742; 266.315, 296.742; 264.314, 296.742; 262.314, 296.742; 260.313, 296.742; 258.312, 296.742; 256.311, 296.742; 254.311, 296.742; 252.31, 296.742; 250.309, 296.742; 248.308, 296.742; 246.308, 296.742; 244.307, 296.742; 242.306, 296.742; 240.305, 296.742; 238.305, 296.742; 236.304, 296.742; 234.303, 296.742; 232.302, 296.742; 230.302, 296.742; 228.301, 296.742; 226.3, 296.742; 224.299, 296.742; 222.299, 296.742; 220.298, 296.742; 218.297, 296.742; 216.296, 296.742; 214.296, 296.742; 212.295, 296.742; 210.294, 296.742; 208.293, 296.742; 206.293, 296.742; 204.292, 296.742; 202.291, 296.742; 200.29, 296.742; 198.29, 296.742; 196.289, 296.742; 194.288, 296.742; 192.287, 296.742; 190.287, 296.742; 188.286, 296.742; 186.285, 296.742; 184.284, 296.742; 182.284, 296.742; 180.283, 296.742; 178.282, 296.742; 176.281, 296.742; 174.281, 296.742; 172.28, 296.742; 170.279, 296.742; 168.278, 296.742; 166.278, 296.742; 164.277, 296.742; 162.276, 296.742; 160.275, 296.742; 158.275, 296.742; 156.274, 296.742; 154.273, 296.742; 152.273, 296.742; 150.272, 296.742; 148.271, 296.742; 146.27, 296.742; 144.27, 296.742; 142.269, 296.742; 140.268, 296.742; 138.267, 296.742; 136.267, 296.742; 134.266, 296.742; 132.265, 296.742; 130.264, 296.742; 128.264, 296.742; 126.263, 296.742; 124.262, 296.742; 122.261, 296.742; 120.261, 296.742; 118.26, 296.742; 116.259, 296.742; 114.258, 296.742; 112.258, 296.742; 110.257, 296.742; 108.256, 296.742; 106.255, 296.742; 104.255, 296.742; 102.254, 296.742; 101.672, 296.742; 101.672, 295.323; 101.672, 293.322; 101.672, 291.321; 101.672, 289.321; 101.672, 287.32; 101.672, 285.319; 101.672, 283.318; 101.672, 281.318; 101.672, 279.317; 101.672, 277.316; 101.672, 275.315; 101.672, 273.315; 101.672, 271.314; 101.672, 269.313; 101.672, 267.312; 101.672, 265.312; 101.672, 263.311; 101.672, 261.31; 101.672, 259.309; 101.672, 257.309; 101.672, 255.308; 101.672, 253.307; 101.672, 251.306; 101.672, 249.306; 101.672, 247.305; 101.672, 245.304; 101.672, 243.303; 101.672, 241.303; 101.672, 239.302; 101.672, 237.301; 101.672, 235.3; 101.672, 233.3; 101.672, 231.299; 101.672, 229.298; 101.672, 227.297; 101.672, 225.297; 101.672, 223.296; 101.672, 221.295; 101.672, 219.294; 101.672, 217.294; 101.672, 215.293; 101.672, 213.292; 101.672, 211.291; 101.672, 209.291; 101.672, 207.29; 101.672, 205.289; 101.672, 203.288; 101.672, 201.288; 101.672, 199.287; 101.672, 197.286; 101.672, 195.285; 101.672, 193.285; 101.672, 191.284; 101.672, 189.283; 101.672, 187.282; 101.672, 185.282; 101.672, 183.281; 101.672, 181.28; 101.672, 179.279; 101.672, 177.279; 101.672, 175.278; 101.672, 173.277; 101.672, 171.276; 101.672, 169.276; 101.672, 167.275; 101.672, 165.274; 101.672, 163.274; 101.672, 161.273; 101.672, 159.272; 101.672, 157.271; 101.672, 155.271; 101.672, 153.27; 101.672, 151.269; 101.672, 149.268; 101.672, 147.268; 101.672, 145.267; 101.672, 143.266; 101.672, 141.265; 101.672, 139.265; 101.672, 137.264; 101.672, 135.263; 101.672, 133.262; 101.672, 131.262; 101.672, 129.261; 101.672, 127.26; 101.672, 125.259; 101.672, 123.259; 101.672, 121.258; 101.672, 119.257; 101.672, 117.256; 101.672, 115.256; 101.672, 113.255; 101.672, 111.254; 101.672, 109.253; 101.672, 107.253; 101.672, 105.252; 101.672, 103.258; 101.679, 103.258; 103.68, 103.258; 105.681, 103.258; 107.681, 103.258; 109.682, 103.258; 111.683, 103.258; 113.684, 103.258; 115.684, 103.258; 117.685, 103.258; 119.686, 103.258; 121.687, 103.258; 123.687, 103.258; 125.688, 103.258; 127.689, 103.258; 129.69, 103.258; 131.69, 103.258; 133.691, 103.258; 135.692, 103.258; 137.693, 103.258; 139.693, 103.258; 141.694, 103.258; 143.695, 103.258; 145.696, 103.258; 147.696, 103.258; 149.697, 103.258; 151.698, 103.258; 153.699, 103.258; 155.699, 103.258; 157.7, 103.258; 159.701, 103.258; 161.702, 103.258; 163.702, 103.258; 165.703, 103.258; 167.704, 103.258; 169.705, 103.258; 171.705, 103.258; 173.706, 103.258; 175.707, 103.258; 177.708, 103.258; 179.708, 103.258; 181.709, 103.258; 183.71, 103.258; 185.711, 103.258; 187.711, 103.258; 189.712, 103.258; 191.713, 103.258; 193.714, 103.258; 195.714, 103.258; 197.715, 103.258; 199.716, 103.258; 201.717, 103.258; 203.717, 103.258; 205.718, 103.258; 207.719, 103.258; 209.72, 103.258; 211.72, 103.258; 213.721, 103.258; 215.722, 103.258; 217.723, 103.258; 219.723, 103.258; 221.724, 103.258; 223.725, 103.258; 225.725, 103.258; 227.726, 103.258; 229.727, 103.258; 231.728, 103.258; 233.728, 103.258; 235.729, 103.258; 237.73, 103.258; 239.731, 103.258; 241.731, 103.258; 243.732, 103.258; 245.733, 103.258; 247.734, 103.258; 249.734, 103.258; 251.735, 103.258; 253.736, 103.258; 255.737, 103.258; 257.737, 103.258; 259.738, 103.258; 261.739, 103.258; 263.74, 103.258; 265.74, 103.258; 267.741, 103.258; 269.742, 103.258; 271.743, 103.258; 273.743, 103.258; 275.744, 103.258; 277.745, 103.258; 279.746, 103.258; 281.746, 103.258; 283.747, 103.258; 285.748, 103.258; 287.749, 103.258; 289.749, 103.258; 291.75, 103.258; 293.751, 103.258; 295.752, 103.258; 297.752, 103.258; 298.327, 103.258; 298.327, 104.684; 298.327, 106.685; 298.327, 108.685; 298.327, 110.686; 298.327, 112.687; 298.327, 114.688; 298.327, 116.688; 298.327, 118.689; 298.327, 120.69; 298.327, 122.691; 298.327, 124.691; 298.327, 126.692; 298.327, 128.693; 298.327, 130.694; 298.327, 132.694; 298.327, 134.695; 298.327, 136.696; 298.327, 138.697; 298.327, 140.697; 298.327, 142.698; 298.327, 144.699; 298.327, 146.7; 298.327, 148.7; 298.327, 150.701; 298.327, 152.702; 298.327, 154.703; 298.327, 156.703; 298.327, 158.704; 298.327, 160.705; 298.327, 162.706; 298.327, 164.706; 298.327, 166.707; 298.327, 168.708; 298.327, 170.709; 298.327, 172.709; 298.327, 174.71; 298.327, 176.711; 298.327, 178.712; 298.327, 180.712; 298.327, 182.713; 298.327, 184.714; 298.327, 186.715; 298.327, 188.715; 298.327, 190.716; 298.327, 192.717; 298.327, 194.718; 298.327, 196.718; 298.327, 198.719; 298.327, 200.72; 298.327, 202.721; 298.327, 204.721; 298.327, 206.722; 298.327, 208.723; 298.327, 210.724; 298.327, 212.724; 298.327, 214.725; 298.327, 216.726; 298.327, 218.726; 298.327, 220.727; 298.327, 222.728; 298.327, 224.729; 298.327, 226.729; 298.327, 228.73; 298.327, 230.731; 298.327, 232.732; 298.327, 234.732; 298.327, 236.733; 298.327, 238.734; 298.327, 240.735; 298.327, 242.735; 298.327, 244.736; 298.327, 246.737; 298.327, 248.738; 298.327, 250.738; 298.327, 252.739; 298.327, 254.74; 298.327, 256.741; 298.327, 258.741; 298.327, 260.742; 298.327, 262.743; 298.327, 264.744; 298.327, 266.744; 298.327, 268.745; 298.327, 270.746; 298.327, 272.747; 298.327, 274.747; 298.327, 276.748; 298.327, 278.749; 298.327, 280.75; 298.327, 282.75; 298.327, 284.751; 298.327, 286.752; 298.327, 288.753; 298.327, 290.753; 298.327, 292.754; 298.327, 294.755; 110.672, 287.742; 110.686, 287.742; 112.687, 287.742; 114.687, 287.742; 116.688, 287.742; 118.689, 287.742; 120.69, 287.742; 122.69, 287.742; 124.691, 287.742; 126.692, 287.742; 128.693, 287.742; 130.693, 287.742; 132.694, 287.742; 134.695, 287.742; 136.696, 287.742; 138.696, 287.742; 140.697, 287.742; 142.698, 287.742; 144.699, 287.742; 146.699, 287.742; 148.7, 287.742; 150.701, 287.742; 152.702, 287.742; 154.702, 287.742; 156.703, 287.742; 158.704, 287.742; 160.705, 287.742; 162.705, 287.742; 164.706, 287.742; 166.707, 287.742; 168.708, 287.742; 170.708, 287.742; 172.709, 287.742; 174.71, 287.742; 176.711, 287.742; 178.711, 287.742; 180.712, 287.742; 182.713, 287.742; 184.714, 287.742; 186.714, 287.742; 188.715, 287.742; 190.716, 287.742; 192.717, 287.742; 194.717, 287.742; 196.718, 287.742; 198.719, 287.742; 200.72, 287.742; 202.72, 287.742; 204.721, 287.742; 206.722, 287.742; 208.723, 287.742; 210.723, 287.742; 212.724, 287.742; 