boundaryCurve{1} = [272.996, 356.505; 270.996, 356.505; 268.996, 356.505; 266.996, 356.505; 264.996, 356.505; 262.996, 356.505; 260.996, 356.505; 258.996, 356.505; 256.996, 356.505; 254.996, 356.505; 252.996, 356.505; 250.996, 356.505; 248.996, 356.505; 246.996, 356.505; 244.996, 356.505; 242.996, 356.505; 240.996, 356.505; 238.996, 356.505; 236.996, 356.505; 234.996, 356.505; 232.996, 356.505; 230.996, 356.505; 228.996, 356.505; 226.996, 356.505; 224.996, 356.505; 222.996, 356.505; 220.996, 356.505; 218.996, 356.505; 216.996, 356.505; 214.996, 356.505; 212.996, 356.505; 210.996, 356.505; 208.996, 356.505; 206.996, 356.505; 204.996, 356.505; 202.996, 356.505; 200.996, 356.505; 198.996, 356.505; 196.996, 356.505; 194.996, 356.505; 192.996, 356.505; 190.996, 356.505; 188.996, 356.505; 186.996, 356.505; 184.996, 356.505; 182.996, 356.505; 180.996, 356.505; 178.996, 356.505; 176.996, 356.505; 174.996, 356.505; 172.996, 356.505; 170.996, 356.505; 168.996, 356.505; 166.995, 356.505; 164.995, 356.505; 162.995, 356.505; 160.995, 356.505; 158.995, 356.505; 156.995, 356.505; 154.995, 356.505; 152.995, 356.505; 150.995, 356.505; 148.995, 356.505; 146.995, 356.505; 144.995, 356.505; 142.995, 356.505; 140.995, 356.505; 138.995, 356.505; 136.995, 356.505; 134.995, 356.505; 132.995, 356.505; 130.995, 356.505; 128.995, 356.505; 127.004, 356.505; 127.004, 356.496; 127.004, 354.496; 127.004, 352.496; 127.004, 350.496; 127.004, 348.496; 127.004, 346.496; 127.004, 344.496; 127.004, 342.496; 127.004, 340.496; 127.004, 338.496; 127.004, 336.496; 127.004, 334.496; 127.004, 332.496; 127.004, 330.496; 127.004, 328.496; 127.004, 326.496; 127.004, 324.496; 127.004, 322.496; 127.004, 320.496; 127.004, 318.496; 127.004, 316.496; 127.004, 314.496; 127.004, 312.496; 127.004, 310.496; 127.004, 308.496; 127.004, 306.496; 127.004, 304.496; 127.004, 302.496; 127.004, 300.496; 127.004, 298.496; 127.004, 296.496; 127.004, 294.496; 127.004, 292.496; 127.004, 290.496; 127.004, 288.496; 127.004, 286.496; 127.004, 284.496; 127.004, 282.496; 127.004, 280.496; 127.004, 278.496; 127.004, 276.496; 127.004, 274.496; 127.004, 272.496; 127.004, 270.496; 127.004, 268.496; 127.004, 266.496; 127.004, 264.496; 127.004, 262.496; 127.004, 260.496; 127.004, 258.496; 127.004, 256.496; 127.004, 254.496; 127.004, 252.496; 127.004, 250.496; 127.004, 248.496; 127.004, 246.496; 127.004, 244.496; 127.004, 242.496; 127.004, 240.496; 127.004, 238.496; 127.004, 236.496; 127.004, 234.496; 127.004, 232.496; 127.004, 230.496; 127.004, 228.496; 127.004, 226.496; 127.004, 224.496; 127.004, 222.496; 127.004, 220.496; 127.004, 218.495; 127.004, 216.495; 127.004, 214.495; 127.004, 212.495; 127.004, 210.495; 127.004, 208.495; 127.004, 206.495; 127.004, 204.495; 127.004, 202.495; 127.004, 200.495; 127.004, 198.495; 127.004, 196.495; 127.004, 194.495; 127.004, 192.495; 127.004, 190.495; 127.004, 188.495; 127.004, 186.495; 127.004, 184.495; 127.004, 182.495; 127.004, 180.495; 127.004, 178.495; 127.004, 176.495; 127.004, 174.495; 127.004, 172.495; 127.004, 170.495; 127.004, 168.495; 127.004, 166.495; 127.004, 164.495; 127.004, 162.495; 127.004, 160.495; 127.004, 158.495; 127.004, 156.495; 127.004, 154.495; 127.004, 152.495; 127.004, 150.495; 127.004, 148.495; 127.004, 146.495; 127.004, 144.495; 127.004, 142.495; 127.004, 140.495; 127.004, 138.495; 127.004, 136.495; 127.004, 134.495; 127.004, 132.495; 127.004, 130.495; 127.004, 128.495; 127.004, 126.495; 127.004, 124.495; 127.004, 122.495; 127.004, 120.495; 127.004, 118.495; 127.004, 116.495; 127.004, 114.495; 127.004, 112.495; 127.004, 110.495; 127.004, 108.495; 127.004, 106.495; 127.004, 104.495; 127.004, 102.495; 127.004, 100.495; 127.004, 98.4948; 127.004, 96.4948; 127.004, 94.4948; 127.004, 92.4948; 127.004, 90.4948; 127.004, 88.4948; 127.004, 86.4947; 127.004, 84.4947; 127.004, 82.4947; 127.004, 80.4947; 127.004, 78.4947; 127.004, 76.4947; 127.004, 74.4947; 127.004, 72.4947; 127.004, 70.4947; 127.004, 68.4946; 127.004, 66.4946; 127.004, 64.4946; 127.004, 62.4946; 127.004, 60.4946; 127.004, 58.4946; 127.004, 56.4946; 127.004, 54.4946; 127.004, 52.4945; 127.004, 50.4945; 127.004, 48.4945; 127.004, 46.4945; 127.004, 44.4945; 127.004, 43.4946; 128.004, 43.4946; 130.004, 43.4946; 132.004, 43.4946; 134.004, 43.4946; 136.004, 43.4946; 138.004, 43.4946; 140.004, 43.4946; 142.004, 43.4946; 144.004, 43.4946; 146.004, 43.4946; 148.004, 43.4946; 150.004, 43.4946; 152.004, 43.4946; 154.004, 43.4946; 156.004, 43.4946; 158.004, 43.4946; 160.004, 43.4946; 162.004, 43.4946; 164.004, 43.4946; 166.004, 43.4946; 168.004, 43.4946; 170.004, 43.4946; 172.004, 43.4946; 174.004, 43.4946; 176.004, 43.4946; 178.004, 43.4946; 180.004, 43.4946; 182.004, 43.4946; 184.004, 43.4946; 186.004, 43.4946; 188.004, 43.4946; 190.004, 43.4946; 192.004, 43.4946; 194.004, 43.4946; 196.004, 43.4946; 198.004, 43.4946; 200.004, 43.4946; 202.004, 43.4946; 204.004, 43.4946; 206.004, 43.4946; 208.004, 43.4946; 210.004, 43.4946; 212.004, 43.4946; 214.004, 43.4946; 216.005, 43.4946; 218.005, 43.4946; 220.005, 43.4946; 222.005, 43.4946; 224.005, 43.4946; 226.005, 43.4946; 228.005, 43.4946; 230.005, 43.4946; 232.005, 43.4946; 234.005, 43.4946; 236.005, 43.4946; 238.005, 43.4946; 240.005, 43.4946; 242.005, 43.4946; 244.005, 43.4946; 246.005, 43.4946; 248.005, 43.4946; 250.005, 43.4946; 252.005, 43.4946; 254.005, 43.4946; 256.005, 43.4946; 258.005, 43.4946; 260.005, 43.4946; 262.005, 43.4946; 264.005, 43.4946; 266.005, 43.4946; 268.005, 43.4946; 270.005, 43.4946; 272.005, 43.4946; 272.996, 43.4946; 272.996, 44.5033; 272.996, 46.5033; 272.996, 48.5034; 272.996, 50.5034; 272.996, 52.5034; 272.996, 54.5034; 272.996, 56.5034; 272.996, 58.5034; 272.996, 60.5034; 272.996, 62.5034; 272.996, 64.5034; 272.996, 66.5035; 272.996, 68.5035; 272.996, 70.5035; 272.996, 72.5035; 272.996, 74.5035; 272.996, 76.5035; 272.996, 78.5035; 272.996, 80.5035; 272.996, 82.5036; 272.996, 84.5036; 272.996, 86.5036; 272.996, 88.5036; 272.996, 90.5036; 272.996, 92.5036; 272.996, 94.5036; 272.996, 96.5036; 272.996, 98.5036; 272.996, 100.504; 272.996, 102.504; 272.996, 104.504; 272.996, 106.504; 272.996, 108.504; 272.996, 110.504; 272.996, 112.504; 272.996, 114.504; 272.996, 116.504; 272.996, 118.504; 272.996, 120.504; 272.996, 122.504; 272.996, 124.504; 272.996, 126.504; 272.996, 128.504; 272.996, 130.504; 272.996, 132.504; 272.996, 134.504; 272.996, 136.504; 272.996, 138.504; 272.996, 140.504; 272.996, 142.504; 272.996, 144.504; 272.996, 146.504; 272.996, 148.504; 272.996, 150.504; 272.996, 152.504; 272.996, 154.504; 272.996, 156.504; 272.996, 158.504; 272.996, 160.504; 272.996, 162.504; 272.996, 164.504; 272.996, 166.504; 272.996, 168.504; 272.996, 170.504; 272.996, 172.504; 272.996, 174.504; 272.996, 176.504; 272.996, 178.504; 272.996, 180.504; 272.996, 182.504; 272.996, 184.504; 272.996, 186.504; 272.996, 188.504; 272.996, 190.504; 272.996, 192.504; 272.996, 194.504; 272.996, 196.504; 272.996, 198.504; 272.996, 200.504; 272.996, 202.504; 272.996, 204.504; 272.996, 206.504; 272.996, 208.504; 272.996, 210.504; 272.996, 212.504; 272.996, 214.504; 272.996, 216.504; 272.996, 218.504; 272.996, 220.504; 272.996, 222.504; 272.996, 224.504; 272.996, 226.504; 272.996, 228.504; 272.996, 230.504; 272.996, 232.504; 272.996, 234.504; 272.996, 236.504; 272.996, 238.504; 272.996, 240.504; 272.996, 242.504; 272.996, 244.504; 272.996, 246.504; 272.996, 248.504; 272.996, 250.505; 272.996, 252.505; 272.996, 254.505; 272.996, 256.505; 272.996, 258.505; 272.996, 260.505; 272.996, 262.505; 272.996, 264.505; 272.996, 266.505; 272.996, 268.505; 272.996, 270.505; 272.996, 272.505; 272.996, 274.505; 272.996, 276.505; 272.996, 278.505; 272.996, 280.505; 272.996, 282.505; 272.996, 284.505; 272.996, 286.505; 272.996, 288.505; 272.996, 290.505; 272.996, 292.505; 272.996, 294.505; 272.996, 296.505; 272.996, 298.505; 272.996, 300.505; 272.996, 302.505; 272.996, 304.505; 272.996, 306.505; 272.996, 308.505; 272.996, 310.505; 272.996, 312.505; 272.996, 314.505; 272.996, 316.505; 