boundaryCurve{1} = [294.231, 306.88; 292.229, 306.88; 290.227, 306.88; 288.226, 306.88; 286.224, 306.88; 284.223, 306.88; 282.221, 306.88; 280.22, 306.88; 278.218, 306.88; 276.217, 306.88; 274.215, 306.88; 272.214, 306.88; 270.212, 306.88; 268.211, 306.88; 266.209, 306.88; 264.208, 306.88; 262.206, 306.88; 260.205, 306.88; 258.203, 306.88; 256.202, 306.88; 254.2, 306.88; 252.199, 306.88; 250.197, 306.88; 248.196, 306.88; 246.194, 306.88; 244.193, 306.88; 242.191, 306.88; 240.19, 306.88; 238.188, 306.88; 236.187, 306.88; 234.185, 306.88; 232.184, 306.88; 230.182, 306.88; 228.181, 306.88; 226.179, 306.88; 224.178, 306.88; 222.176, 306.88; 220.175, 306.88; 218.173, 306.88; 216.172, 306.88; 214.17, 306.88; 212.169, 306.88; 210.167, 306.88; 208.166, 306.88; 206.164, 306.88; 204.163, 306.88; 202.161, 306.88; 200.16, 306.88; 198.158, 306.88; 196.157, 306.88; 194.155, 306.88; 192.154, 306.88; 190.152, 306.88; 188.151, 306.88; 186.149, 306.88; 184.148, 306.88; 182.146, 306.88; 180.145, 306.88; 178.143, 306.88; 176.141, 306.88; 174.14, 306.88; 172.138, 306.88; 170.137, 306.88; 168.135, 306.88; 166.134, 306.88; 164.132, 306.88; 162.131, 306.88; 160.129, 306.88; 158.128, 306.88; 156.126, 306.88; 154.125, 306.88; 152.123, 306.88; 150.122, 306.88; 148.12, 306.88; 146.119, 306.88; 144.117, 306.88; 142.116, 306.88; 140.114, 306.88; 138.113, 306.88; 136.111, 306.88; 134.11, 306.88; 132.108, 306.88; 130.107, 306.88; 128.105, 306.88; 126.104, 306.88; 124.102, 306.88; 122.101, 306.88; 120.099, 306.88; 118.098, 306.88; 116.096, 306.88; 114.095, 306.88; 112.093, 306.88; 110.092, 306.88; 108.09, 306.88; 106.089, 306.88; 104.087, 306.88; 102.086, 306.88; 101.698, 306.88; 101.698, 305.266; 101.698, 303.265; 101.698, 301.263; 101.698, 299.262; 101.698, 297.26; 101.698, 295.259; 101.698, 293.257; 101.698, 291.256; 101.698, 289.254; 101.698, 287.253; 101.698, 285.251; 101.698, 283.25; 101.698, 281.248; 101.698, 279.247; 101.698, 277.245; 101.698, 275.244; 101.698, 273.242; 101.698, 271.241; 101.698, 269.239; 101.698, 267.238; 101.698, 265.236; 101.698, 263.235; 101.698, 261.233; 101.698, 259.232; 101.698, 257.23; 101.698, 255.229; 101.698, 253.227; 101.698, 251.226; 101.698, 249.224; 101.698, 247.223; 101.698, 245.221; 101.698, 243.22; 101.698, 241.218; 101.698, 239.217; 101.698, 237.215; 101.698, 235.214; 101.698, 233.212; 101.698, 231.211; 101.698, 229.209; 101.698, 227.208; 101.698, 225.206; 101.698, 223.204; 101.698, 221.203; 101.698, 219.201; 101.698, 217.2; 101.698, 215.198; 101.698, 213.197; 101.698, 211.195; 101.698, 209.194; 101.698, 207.192; 101.698, 205.191; 101.698, 203.189; 101.698, 201.188; 101.698, 199.186; 101.698, 197.185; 101.698, 195.183; 101.698, 193.182; 101.698, 191.18; 101.698, 189.179; 101.698, 187.177; 101.698, 185.176; 101.698, 183.174; 101.698, 181.173; 101.698, 179.171; 101.698, 177.17; 101.698, 175.168; 101.698, 173.167; 101.698, 171.165; 101.698, 169.164; 101.698, 167.162; 101.698, 165.161; 101.698, 163.159; 101.698, 161.158; 101.698, 159.156; 101.698, 157.155; 101.698, 155.153; 101.698, 153.152; 101.698, 151.15; 101.698, 149.149; 101.698, 147.147; 101.698, 145.146; 101.698, 143.144; 101.698, 141.143; 101.698, 139.141; 101.698, 137.14; 101.698, 135.138; 101.698, 133.137; 101.698, 131.135; 101.698, 129.134; 101.698, 127.132; 101.698, 125.131; 101.698, 123.129; 101.698, 121.128; 101.698, 119.126; 101.698, 117.125; 101.698, 115.123; 101.698, 113.122; 101.698, 111.12; 101.698, 109.118; 101.698, 107.117; 101.698, 105.115; 101.698, 103.114; 101.698, 101.112; 101.698, 99.1109; 101.698, 97.1094; 101.698, 95.1079; 101.698, 93.12; 101.711, 93.12; 103.713, 93.12; 105.714, 93.12; 107.716, 93.12; 109.717, 93.12; 111.719, 93.12; 113.72, 93.12; 115.722, 93.12; 117.723, 93.12; 119.725, 93.12; 121.726, 93.12; 123.728, 93.12; 125.729, 93.12; 127.731, 93.12; 129.733, 93.12; 131.734, 93.12; 133.736, 93.12; 135.737, 93.12; 137.739, 93.12; 139.74, 93.12; 141.742, 93.12; 143.743, 93.12; 145.745, 93.12; 147.746, 93.12; 149.748, 93.12; 151.749, 93.12; 153.751, 93.12; 155.752, 93.12; 157.754, 93.12; 159.755, 93.12; 161.757, 93.12; 163.758, 93.12; 165.76, 93.12; 167.761, 93.12; 169.763, 93.12; 171.764, 93.12; 173.766, 93.12; 175.767, 93.12; 177.769, 93.12; 179.77, 93.12; 181.772, 93.12; 183.773, 93.12; 185.775, 93.12; 187.776, 93.12; 189.778, 93.12; 191.779, 93.12; 193.781, 93.12; 195.782, 93.12; 197.784, 93.12; 199.785, 93.12; 201.787, 93.12; 203.788, 93.12; 205.79, 93.12; 207.791, 93.12; 209.793, 93.12; 211.794, 93.12; 213.796, 93.12; 215.797, 93.12; 217.799, 93.12; 219.8, 93.12; 221.802, 93.12; 223.803, 93.12; 225.805, 93.12; 227.806, 93.12; 229.808, 93.12; 231.809, 93.12; 233.811, 93.12; 235.812, 93.12; 237.814, 93.12; 239.815, 93.12; 241.817, 93.12; 243.819, 93.12; 245.82, 93.12; 247.822, 93.12; 249.823, 93.12; 251.825, 93.12; 253.826, 93.12; 255.828, 93.12; 257.829, 93.12; 259.831, 93.12; 261.832, 93.12; 263.834, 93.12; 265.835, 93.12; 267.837, 93.12; 269.838, 93.12; 271.84, 93.12; 273.841, 93.12; 275.843, 93.12; 277.844, 93.12; 279.846, 93.12; 281.847, 93.12; 283.849, 93.12; 285.85, 93.12; 287.852, 93.12; 289.853, 93.12; 291.855, 93.12; 293.856, 93.12; 294.231, 93.12; 294.231, 94.7472; 294.231, 96.7487; 294.231, 98.7502; 294.231, 100.752; 294.231, 102.753; 294.231, 104.755; 294.231, 106.756; 294.231, 108.758; 294.231, 110.759; 294.231, 112.761; 294.231, 114.762; 294.231, 116.764; 294.231, 118.765; 294.231, 120.767; 294.231, 122.768; 294.231, 124.77; 294.231, 126.771; 294.231, 128.773; 294.231, 130.774; 294.231, 132.776; 294.231, 134.777; 294.231, 136.779; 294.231, 138.78; 294.231, 140.782; 294.231, 142.783; 294.231, 144.785; 294.231, 146.786; 294.231, 148.788; 294.231, 150.789; 294.231, 152.791; 294.231, 154.792; 294.231, 156.794; 294.231, 158.796; 294.231, 160.797; 294.231, 162.799; 294.231, 164.8; 294.231, 166.802; 294.231, 168.803; 294.231, 170.805; 294.231, 172.806; 294.231, 174.808; 294.231, 176.809; 294.231, 178.811; 294.231, 180.812; 294.231, 182.814; 294.231, 184.815; 294.231, 186.817; 294.231, 188.818; 294.231, 190.82; 294.231, 192.821; 294.231, 194.823; 294.231, 196.824; 294.231, 198.826; 294.231, 200.827; 294.231, 202.829; 294.231, 204.83; 294.231, 206.832; 294.231, 208.833; 294.231, 210.835; 294.231, 212.836; 294.231, 214.838; 294.231, 216.839; 294.231, 218.841; 294.231, 220.842; 294.231, 222.844; 294.231, 224.845; 294.231, 226.847; 294.231, 228.848; 294.231, 230.85; 294.231, 232.851; 294.231, 234.853; 294.231, 236.854; 294.231, 238.856; 294.231, 240.857; 294.231, 242.859; 294.231, 244.86; 294.231, 246.862; 294.231, 248.863; 294.231, 250.865; 294.231, 252.866; 294.231, 254.868; 294.231, 256.869; 294.231, 258.871; 294.231, 260.872; 294.231, 262.874; 294.231, 264.875; 294.231, 266.877; 294.231, 268.878; 294.231, 270.88; 294.231, 272.882; 294.231, 274.883; 294.231, 276.885; 294.231, 278.886; 294.231, 280.888; 294.231, 282.889; 294.231, 284.891; 294.231, 286.892; 294.231, 288.894; 294.231, 290.895; 294.231, 292.897; 294.231, 294.898; 294.231, 296.9; 294.231, 298.901; 294.231, 300.903; 294.231, 302.904; 294.231, 304.906; 110.698, 297.88; 110.725, 297.88; 112.726, 297.88; 114.728, 297.88; 116.729, 297.88; 118.731, 297.88; 120.733, 297.88; 122.734, 297.88; 124.736, 297.88; 126.737, 297.88; 128.739, 297.88; 130.74, 297.88; 132.742, 297.88; 134.743, 297.88; 136.745, 297.88; 138.746, 297.88; 140.748, 297.88; 142.749, 297.88; 144.751, 297.88; 146.752, 297.88; 148.754, 297.88; 150.755, 297.88; 152.757, 297.88; 154.758, 297.88; 156.76, 297.88; 158.761, 297.88; 160.763, 297.88; 162.764, 297.88; 164.766, 297.88; 166.767, 297.88; 168.769, 297.88; 170.77, 297.88; 172.772, 297.88; 174.773, 297.88; 176.775, 297.88; 178.776, 297.88; 180.778, 297.88; 182.779, 297.88; 184.781, 297.88; 186.782, 297.88; 188.784, 297.88; 190.785, 297.88; 192.787, 297.88; 194.788, 297.88; 196.79, 297.88; 198.791, 297.88; 200.793, 297.88; 202.794, 297.88; 204.796, 297.88; 206.797, 297.88; 208.799, 297.88; 210.8, 297.88; 212.802, 297.88; 214.803, 297.88; 216.805, 297.88; 218.806, 297.88; 220.808, 