boundaryCurve{1} = [164.62, 305.934; 164.401, 305.929; 164.182, 305.929; 163.964, 305.929; 163.745, 305.929; 163.527, 305.929; 163.308, 305.929; 163.089, 305.929; 162.871, 305.929; 162.652, 305.924; 162.619, 305.924; 162.434, 305.924; 162.215, 305.924; 161.996, 305.924; 161.778, 305.924; 161.559, 305.924; 161.341, 305.924; 161.122, 305.924; 160.903, 305.924; 160.685, 305.924; 160.618, 305.924; 160.466, 305.924; 160.248, 305.924; 160.029, 305.924; 159.81, 305.924; 159.592, 305.924; 159.373, 305.924; 159.155, 305.924; 158.936, 305.924; 158.717, 305.924; 158.617, 305.924; 158.499, 305.924; 158.28, 305.924; 158.062, 305.924; 157.843, 305.924; 157.625, 305.924; 157.709, 305.051; 157.726, 304.92; 157.846, 304.18; 158.034, 303.309; 158.123, 302.961; 158.274, 302.44; 158.566, 301.571; 158.759, 301.066; 158.909, 300.704; 159.309, 299.838; 159.605, 299.254; 159.755, 298.972; 160.255, 298.109; 160.618, 297.53; 160.805, 297.246; 161.405, 296.385; 161.77, 295.896; 162.058, 295.525; 162.758, 294.666; 163.033, 294.345; 163.513, 293.809; 164.318, 292.953; 164.395, 292.874; 165.175, 292.099; 165.829, 291.481; 166.083, 291.247; 167.042, 290.396; 167.325, 290.154; 168.053, 289.547; 168.875, 288.887; 169.114, 288.7; 170.226, 287.854; 170.468, 287.675; 171.388, 287.01; 172.095, 286.515; 172.602, 286.168; 173.759, 285.397; 173.866, 285.328; 175.181, 284.49; 175.446, 284.325; 176.547, 283.654; 177.159, 283.29; 177.964, 282.82; 178.891, 282.29; 179.43, 281.988; 180.643, 281.322; 180.948, 281.159; 182.414, 280.384; 182.516, 280.331; 184.134, 279.506; 184.197, 279.474; 185.803, 278.683; 185.994, 278.591; 186.294, 278.446; 186.787, 278.209; 187.287, 277.974; 187.787, 277.739; 187.801, 277.732; 188.287, 277.505; 188.787, 277.273; 189.287, 277.041; 189.616, 276.888; 189.787, 276.809; 190.287, 276.579; 190.787, 276.349; 191.293, 276.121; 191.436, 276.057; 191.8, 275.893; 192.308, 275.665; 192.816, 275.439; 193.263, 275.241; 193.326, 275.213; 193.835, 274.988; 194.346, 274.764; 194.856, 274.54; 195.096, 274.435; 195.367, 274.317; 195.878, 274.095; 196.389, 273.873; 196.901, 273.652; 196.931, 273.639; 197.412, 273.432; 197.923, 273.212; 198.433, 272.993; 198.77, 272.848; 198.943, 272.774; 199.453, 272.556; 199.962, 272.338; 200.47, 272.121; 200.61, 272.061; 200.978, 271.904; 201.485, 271.688; 201.985, 271.473; 202.45, 271.274; 204.29, 270.489; 206.13, 269.701; 207.967, 268.907; 209.8, 268.105; 211.63, 267.294; 212.97, 266.69; 213.453, 266.469; 213.804, 266.31; 215.271, 265.632; 216.284, 265.156; 217.08, 264.776; 217.101, 264.766; 217.914, 264.374; 218.877, 263.896; 219.522, 263.574; 220.322, 263.174; 220.666, 263; 221.894, 262.366; 222.442, 262.076; 222.669, 261.955; 223.436, 261.541; 224.196, 261.122; 224.199, 261.12; 224.947, 260.701; 225.69, 260.275; 225.938, 260.13; 226.423, 259.845; 227.147, 259.412; 227.655, 259.101; 227.861, 258.974; 227.995, 258.891; 228.129, 258.807; 228.261, 258.723; 228.392, 258.639; 228.522, 258.554; 228.65, 258.469; 228.776, 258.385; 228.9, 258.3; 229.021, 258.215; 229.141, 258.13; 229.257, 258.044; 229.322, 257.996; 229.37, 257.959; 229.481, 257.874; 229.588, 257.789; 229.688, 257.704; 229.788, 257.619; 229.883, 257.534; 229.974, 257.449; 230.061, 257.364; 230.143, 257.28; 230.221, 257.195; 230.293, 257.111; 230.36, 257.027; 230.421, 256.944; 230.477, 256.86; 230.526, 256.777; 230.57, 256.695; 230.607, 256.613; 230.637, 256.531; 230.639, 256.525; 230.661, 256.449; 230.677, 256.368; 230.686, 256.288; 230.686, 256.148; 230.662, 256.009; 230.617, 255.872; 230.552, 255.737; 230.466, 255.603; 230.366, 255.47; 230.243, 255.339; 230.103, 255.21; 229.946, 255.083; 229.773, 254.958; 229.715, 254.919; 229.585, 254.834; 229.385, 254.713; 229.168, 254.593; 228.939, 254.476; 228.697, 254.361; 228.443, 254.248; 228.179, 254.137; 227.923, 254.036; 227.905, 254.029; 227.621, 253.923; 227.329, 253.823; 227.029, 253.723; 226.722, 253.623; 226.409, 253.528; 226.09, 253.435; 226.021, 253.416; 225.767, 253.346; 225.439, 253.26; 225.109, 253.176; 224.775, 253.096; 224.44, 253.018; 224.104, 252.944; 224.078, 252.938; 223.768, 252.873; 223.432, 252.806; 222.114, 252.556; 221.897, 252.516; 220.357, 252.246; 220.143, 252.21; 218.811, 251.997; 218.166, 251.899; 217.259, 251.766; 216.185, 251.617; 215.702, 251.554; 214.199, 251.367; 214.139, 251.36; 212.57, 251.183; 212.21, 251.145; 210.996, 251.022; 210.219, 250.95; 209.415, 250.878; 208.225, 250.779; 207.829, 250.748; 206.238, 250.634; 206.229, 250.633; 204.638, 250.534; 204.231, 250.51; 203.038, 250.446; 202.235, 250.407; 201.429, 250.371; 200.233, 250.323; 199.814, 250.308; 198.233, 250.257; 198.193, 250.256; 196.567, 250.215; 196.233, 250.208; 194.935, 250.184; 194.232, 250.173; 193.297, 250.162; 192.232, 250.152; 191.653, 250.148; 190.23, 250.148; 190.003, 250.148; 188.347, 250.148; 188.228, 250.149; 186.227, 250.161; 184.226, 250.181; 182.225, 250.209; 180.224, 250.242; 178.223, 250.28; 176.223, 250.322; 174.222, 250.366; 172.221, 250.412; 170.221, 250.458; 168.22, 250.504; 166.219, 250.547; 164.218, 250.589; 162.218, 250.626; 160.217, 250.657; 158.216, 250.683; 156.214, 250.702; 155.077, 250.708; 154.213, 250.709; 153.977, 250.708; 152.212, 250.708; 150.211, 250.699; 148.477, 250.682; 148.21, 250.678; 146.277, 250.646; 146.209, 250.645; 145.177, 250.622; 144.209, 250.598; 144.077, 250.594; 142.977, 250.561; 142.208, 250.536; 141.877, 250.524; 140.209, 250.458; 138.209, 250.363; 137.489, 250.324; 136.397, 250.261; 136.214, 250.25; 136.212, 250.25; 136.031, 250.238; 135.847, 250.226; 135.663, 250.213; 135.478, 250.2; 135.293, 250.186; 135.107, 250.171; 134.921, 250.155; 134.735, 250.139; 134.549, 250.121; 134.362, 250.102; 134.217, 250.087; 134.175, 250.082; 133.988, 250.061; 133.801, 250.038; 133.614, 250.014; 133.427, 249.988; 133.24, 249.961; 133.053, 249.931; 132.867, 249.901; 132.681, 249.868; 132.494, 249.833; 132.309, 249.796; 132.24, 249.782; 132.123, 249.758; 131.938, 249.717; 131.754, 249.673; 131.57, 249.628; 131.386, 249.579; 131.203, 249.529; 131.021, 249.476; 130.84, 249.42; 130.659, 249.361; 130.479, 249.299; 130.315, 249.24; 130.151, 249.178; 129.835, 249.049; 129.535, 248.913; 129.243, 248.769; 128.962, 248.618; 128.693, 248.46; 128.525, 248.353; 128.437, 248.296; 128.193, 248.126; 127.962, 247.949; 127.744, 247.767; 127.544, 247.58; 127.352, 247.387; 127.173, 247.187; 127.04, 247.027; 127.008, 246.987; 126.856, 246.781; 126.719, 246.571; 126.595, 246.356; 126.486, 246.139; 126.391, 245.918; 126.31, 245.694; 126.245, 245.468; 126.194, 245.239; 126.194, 245.237; 126.158, 245.008; 126.137, 244.775; 126.132, 244.541; 126.142, 244.305; 126.168, 244.068; 126.21, 243.831; 126.268, 243.593; 126.342, 243.355; 126.372, 243.271; 126.433, 243.117; 126.54, 242.879; 126.632, 242.698; 126.732, 242.52; 126.839, 242.344; 126.953, 242.17; 127.074, 241.998; 127.201, 241.829; 127.334, 241.661; 127.41, 241.57; 127.474, 241.496; 127.619, 241.333; 127.77, 241.172; 127.927, 241.013; 128.088, 240.856; 128.254, 240.701; 128.425, 240.548; 128.601, 240.396; 128.78, 240.246; 128.852, 240.188; 128.964, 240.098; 129.151, 239.952; 129.342, 239.807; 129.536, 239.664; 129.736, 239.522; 129.936, 239.382; 130.136, 239.243; 130.336, 239.105; 130.473, 239.015; 130.543, 238.969; 130.752, 238.835; 130.963, 238.701; 131.174, 238.569; 131.387, 238.437; 131.601, 238.307; 131.816, 238.178; 132.031, 238.05; 132.175, 237.965; 133.27, 237.33; 133.911, 236.969; 134.532, 236.63; 135.67, 236.015; 135.815, 235.938; 137.115, 235.26; 137.444, 235.092; 138.437, 234.595; 139.238, 234.203; 139.779, 233.943; 141.047, 233.345; 141.138, 233.303; 142.515, 232.675; 142.868, 232.518; 143.908, 232.058; 144.701, 231.714; 145.316, 231.453; 146.546, 230.938; 146.74, 230.858; 148.177, 230.273; 148.399, 230.184; 149.627, 229.697; 150.261, 229.45; 151.089, 229.131; 152.13, 228.736; 152.563, 228.574; 154.007, 228.04; 154.047, 228.025; 155.541, 227.484; 155.889, 227.36; 157.041, 226.95; 157.776, 226.694; 158.553, 226.424; 159.668, 226.041; 160.071, 225.904; 161.564, 