boundaryCurve{1} = [164.62, 305.934; 164.401, 305.925; 164.182, 305.917; 163.964, 305.909; 163.745, 305.901; 163.527, 305.893; 163.308, 305.885; 163.089, 305.877; 162.871, 305.869; 162.652, 305.861; 162.62, 305.86; 162.434, 305.852; 162.215, 305.844; 161.996, 305.836; 161.778, 305.828; 161.559, 305.82; 161.341, 305.812; 161.122, 305.804; 160.903, 305.796; 160.685, 305.787; 160.621, 305.785; 160.466, 305.779; 160.248, 305.771; 160.029, 305.763; 159.81, 305.755; 159.592, 305.747; 159.373, 305.739; 159.155, 305.731; 158.936, 305.723; 158.717, 305.714; 158.621, 305.71; 158.499, 305.706; 158.28, 305.698; 158.062, 305.69; 157.843, 305.682; 157.625, 305.674; 157.672, 304.671; 157.709, 304.09; 157.829, 302.677; 157.846, 302.507; 158.034, 300.926; 158.066, 300.691; 158.274, 299.347; 158.385, 298.716; 158.566, 297.77; 158.781, 296.755; 158.909, 296.194; 159.257, 294.811; 159.309, 294.621; 159.755, 293.05; 159.805, 292.887; 160.255, 291.481; 160.424, 290.985; 160.805, 289.914; 161.108, 289.106; 161.405, 288.35; 161.859, 287.251; 162.058, 286.788; 162.669, 285.421; 162.758, 285.229; 163.513, 283.673; 163.54, 283.619; 164.318, 282.119; 164.465, 281.846; 165.175, 280.568; 165.443, 280.101; 166.083, 279.02; 166.471, 278.385; 167.042, 277.474; 167.545, 276.698; 168.053, 275.932; 168.663, 275.038; 169.114, 274.393; 169.822, 273.407; 170.226, 272.858; 171.02, 271.804; 171.388, 271.325; 172.253, 270.229; 172.602, 269.796; 173.521, 268.681; 173.866, 268.271; 174.821, 267.16; 175.181, 266.749; 176.15, 265.665; 176.547, 265.23; 177.511, 264.196; 177.964, 263.716; 178.892, 262.752; 180.303, 261.332; 181.737, 259.936; 183.195, 258.564; 184.667, 257.214; 186.166, 255.88; 186.294, 255.767; 186.787, 255.338; 187.287, 254.91; 187.682, 254.574; 187.787, 254.484; 188.287, 254.06; 188.787, 253.637; 189.209, 253.281; 189.287, 253.215; 189.787, 252.796; 190.287, 252.377; 190.743, 251.996; 190.787, 251.96; 191.293, 251.545; 191.8, 251.131; 192.293, 250.73; 192.308, 250.718; 192.816, 250.307; 193.326, 249.897; 193.835, 249.488; 193.851, 249.475; 194.346, 249.081; 194.856, 248.675; 195.367, 248.27; 195.418, 248.23; 195.878, 247.87; 196.389, 247.47; 196.901, 247.07; 196.994, 246.998; 197.412, 246.67; 197.923, 246.27; 198.433, 245.87; 198.569, 245.764; 198.943, 245.47; 199.453, 245.07; 199.962, 244.67; 200.143, 244.529; 200.47, 244.276; 200.978, 243.883; 201.485, 243.49; 201.724, 243.302; 201.985, 243.098; 202.83, 242.444; 203.305, 242.076; 204.886, 240.849; 206.464, 239.618; 208.037, 238.382; 209.605, 237.139; 211.165, 235.886; 212.133, 235.1; 212.716, 234.623; 212.97, 234.413; 213.804, 233.723; 214.257, 233.345; 214.635, 233.029; 215.461, 232.329; 215.785, 232.054; 217.101, 230.921; 217.3, 230.747; 217.914, 230.208; 218.722, 229.49; 218.799, 229.421; 219.522, 228.767; 220.28, 228.076; 220.322, 228.038; 221.111, 227.303; 221.741, 226.708; 221.894, 226.563; 222.669, 225.816; 223.179, 225.317; 223.436, 225.063; 224.196, 224.304; 224.593, 223.901; 224.947, 223.538; 225.69, 222.765; 225.979, 222.459; 226.423, 221.984; 227.147, 221.197; 227.336, 220.987; 227.861, 220.397; 227.995, 220.245; 228.129, 220.093; 228.261, 219.941; 228.392, 219.788; 228.522, 219.634; 228.65, 219.48; 228.776, 219.326; 228.9, 219.172; 229.021, 219.018; 229.141, 218.863; 229.257, 218.709; 229.37, 218.554; 229.481, 218.399; 229.588, 218.244; 229.688, 218.09; 229.788, 217.935; 229.83, 217.867; 229.883, 217.781; 229.974, 217.627; 230.061, 217.473; 230.143, 217.32; 230.221, 217.167; 230.293, 217.014; 230.36, 216.862; 230.421, 216.71; 230.477, 216.558; 230.526, 216.408; 230.57, 216.258; 230.607, 216.108; 230.622, 216.04; 230.637, 215.96; 230.661, 215.812; 230.677, 215.665; 230.686, 215.518; 230.686, 215.264; 230.662, 215.013; 230.617, 214.764; 230.552, 214.518; 230.466, 214.274; 230.389, 214.089; 230.366, 214.034; 230.243, 213.796; 230.103, 213.562; 229.946, 213.331; 229.773, 213.103; 229.585, 212.878; 229.385, 212.658; 229.214, 212.485; 229.168, 212.441; 228.939, 212.228; 228.697, 212.019; 228.443, 211.814; 228.179, 211.614; 227.905, 211.414; 227.65, 211.241; 227.621, 211.222; 227.329, 211.034; 227.029, 210.852; 226.722, 210.674; 226.409, 210.501; 226.09, 210.334; 225.916, 210.245; 225.767, 210.171; 225.439, 210.014; 225.109, 209.862; 224.775, 209.716; 224.44, 209.576; 224.104, 209.441; 224.087, 209.434; 223.768, 209.313; 223.432, 209.19; 222.202, 208.764; 221.897, 208.663; 220.357, 208.174; 220.296, 208.156; 218.811, 207.721; 218.374, 207.599; 217.259, 207.302; 216.438, 207.095; 215.702, 206.917; 214.49, 206.64; 214.139, 206.564; 212.57, 206.243; 212.53, 206.235; 210.996, 205.951; 210.562, 205.876; 209.415, 205.689; 208.586, 205.563; 207.829, 205.454; 206.604, 205.291; 206.238, 205.245; 204.638, 205.062; 204.616, 205.06; 203.038, 204.903; 202.626, 204.866; 201.429, 204.766; 200.63, 204.708; 199.814, 204.652; 198.634, 204.581; 198.193, 204.558; 196.634, 204.486; 196.567, 204.483; 194.935, 204.426; 194.635, 204.417; 193.297, 204.386; 192.635, 204.374; 191.653, 204.362; 190.634, 204.355; 190.003, 204.353; 188.633, 204.352; 188.347, 204.353; 186.686, 204.369; 186.631, 204.37; 184.632, 204.404; 183.345, 204.433; 182.63, 204.452; 180.631, 204.51; 179.981, 204.531; 178.631, 204.578; 178.29, 204.59; 176.631, 204.652; 174.632, 204.733; 172.632, 204.815; 170.633, 204.899; 168.634, 204.982; 166.635, 205.063; 164.635, 205.138; 162.767, 205.202; 162.635, 205.206; 160.635, 205.266; 159.477, 205.296; 158.635, 205.316; 158.377, 205.321; 156.635, 205.352; 154.634, 205.374; 152.877, 205.378; 152.633, 205.378; 151.777, 205.378; 150.677, 205.368; 150.632, 205.368; 149.577, 205.353; 148.631, 205.334; 148.477, 205.331; 147.377, 205.302; 146.631, 205.278; 146.277, 205.266; 145.177, 205.223; 144.632, 205.199; 144.077, 205.171; 142.977, 205.112; 142.633, 205.092; 141.877, 205.044; 140.777, 204.967; 140.637, 204.956; 139.677, 204.882; 138.644, 204.788; 138.583, 204.782; 137.489, 204.682; 136.652, 204.595; 136.397, 204.567; 136.214, 204.547; 136.031, 204.526; 135.847, 204.504; 135.663, 204.481; 135.478, 204.457; 135.293, 204.431; 135.107, 204.404; 134.921, 204.376; 134.735, 204.345; 134.669, 204.334; 134.549, 204.313; 134.362, 204.279; 134.175, 204.242; 133.988, 204.204; 133.801, 204.162; 133.614, 204.118; 133.427, 204.072; 133.24, 204.022; 133.053, 203.969; 132.867, 203.913; 132.725, 203.868; 132.681, 203.853; 132.494, 203.79; 132.309, 203.724; 132.123, 203.653; 131.938, 203.579; 131.754, 203.5; 131.57, 203.417; 131.386, 203.33; 131.203, 203.238; 131.021, 203.138; 130.894, 203.068; 130.84, 203.038; 130.659, 202.932; 130.479, 202.82; 130.151, 202.6; 129.835, 202.366; 129.535, 202.118; 129.28, 201.893; 129.243, 201.857; 128.962, 201.582; 128.693, 201.296; 128.437, 200.996; 128.193, 200.686; 127.974, 200.384; 127.962, 200.366; 127.744, 200.035; 127.544, 199.695; 127.352, 199.345; 127.173, 198.986; 127.014, 198.632; 127.008, 198.619; 126.856, 198.244; 126.719, 197.862; 126.595, 197.473; 126.486, 197.078; 126.402, 196.73; 126.391, 196.678; 126.31, 196.271; 126.245, 195.86; 126.194, 195.444; 126.158, 195.025; 126.142, 194.75; 126.137, 194.602; 126.132, 194.176; 126.142, 193.748; 126.168, 193.319; 126.21, 192.887; 126.226, 192.753; 126.268, 192.455; 126.342, 192.023; 126.433, 191.591; 126.54, 191.159; 126.632, 190.831; 126.642, 190.798; 126.732, 190.507; 126.839, 190.187; 126.953, 189.871; 127.074, 189.559; 127.201, 189.252; 127.334, 188.952; 127.345, 188.927; 127.474, 188.652; 127.619, 188.352; 127.77, 188.06; 127.927, 187.771; 128.088, 187.485; 128.254, 187.204; 128.281, 187.16; 128.425, 186.925; 128.601, 186.65; 128.78, 186.378; 128.964, 186.109; 129.151, 185.843; 129.342, 185.58; 129.4, 185.502; 129.536, 185.32; 129.736, 185.062; 129.936, 184.807; 130.136, 184.555; 130.336, 184.306; 130.543, 184.059; 130.647, 183.937; 130.752, 183.814; 130.963, 183.571; 131.174, 183.331; 131.387, 183.093; 131.601, 182.856; 131.816, 182.622; 131.98, 182.445; 132.031, 182.39; 133.27, 181.082; 133.356, 180.993; 134.532, 179.801; 134.764, 179.571; 135.815, 178.545; 