boundaryCurve{1} = [164.62, 305.934; 162.62, 305.86; 160.62, 305.785; 158.619, 305.711; 157.625, 305.674; 157.673, 304.669; 157.829, 302.675; 158.067, 300.69; 158.385, 298.715; 158.781, 296.754; 159.253, 294.811; 159.799, 292.886; 160.416, 290.983; 161.1, 289.104; 161.85, 287.249; 162.663, 285.421; 163.533, 283.62; 164.458, 281.846; 165.43, 280.112; 166.441, 278.422; 167.513, 276.736; 168.645, 275.053; 169.798, 273.43; 170.98, 271.847; 172.215, 270.267; 173.505, 268.691; 174.791, 267.186; 176.104, 265.708; 177.464, 264.235; 178.873, 262.765; 180.274, 261.352; 181.686, 259.976; 183.14, 258.605; 184.636, 257.237; 186.162, 255.882; 187.675, 254.572; 189.202, 253.278; 190.741, 251.998; 192.292, 250.732; 193.85, 249.476; 195.417, 248.23; 196.992, 246.992; 198.569, 245.76; 200.149, 244.534; 201.731, 243.308; 203.311, 242.085; 204.893, 240.856; 206.471, 239.625; 208.045, 238.388; 209.614, 237.144; 211.174, 235.891; 212.728, 234.626; 214.269, 233.349; 215.797, 232.057; 217.312, 230.748; 218.811, 229.421; 220.293, 228.073; 221.752, 226.706; 223.191, 225.312; 224.604, 223.897; 225.993, 222.454; 227.348, 220.983; 228.389, 219.804; 228.665, 219.474; 228.897, 219.188; 229.367, 218.57; 229.788, 217.951; 229.845, 217.859; 230.143, 217.336; 230.421, 216.726; 230.607, 216.126; 230.627, 216.032; 230.686, 215.536; 230.551, 214.536; 230.378, 214.088; 230.098, 213.58; 229.377, 212.68; 229.192, 212.494; 228.435, 211.836; 227.626, 211.254; 227.321, 211.059; 226.082, 210.359; 225.89, 210.262; 224.767, 209.741; 224.055, 209.451; 223.424, 209.215; 222.167, 208.781; 220.258, 208.17; 218.341, 207.616; 216.409, 207.114; 214.459, 206.66; 212.5, 206.255; 210.534, 205.898; 208.56, 205.584; 206.577, 205.313; 204.586, 205.082; 202.6, 204.889; 200.606, 204.732; 198.603, 204.609; 196.609, 204.516; 194.612, 204.447; 192.606, 204.401; 190.606, 204.378; 188.61, 204.38; 186.605, 204.4; 184.598, 204.431; 182.605, 204.477; 180.604, 204.537; 178.595, 204.607; 176.601, 204.681; 174.605, 204.761; 172.599, 204.844; 170.595, 204.928; 168.597, 205.011; 166.594, 205.092; 164.595, 205.167; 162.592, 205.235; 160.593, 205.295; 158.591, 205.344; 156.591, 205.381; 154.589, 205.402; 152.587, 205.407; 150.586, 205.394; 148.582, 205.361; 146.581, 205.305; 144.582, 205.223; 142.584, 205.115; 140.587, 204.98; 138.591, 204.814; 136.601, 204.616; 135.665, 204.508; 134.923, 204.403; 134.617, 204.353; 134.177, 204.269; 133.429, 204.099; 132.683, 203.88; 132.675, 203.877; 131.94, 203.606; 131.205, 203.265; 130.851, 203.072; 130.481, 202.848; 129.242, 201.887; 129.24, 201.885; 128.19, 200.716; 127.943, 200.372; 127.344, 199.375; 126.988, 198.62; 126.711, 197.892; 126.385, 196.716; 126.302, 196.3; 126.133, 194.735; 126.129, 194.631; 126.202, 192.916; 126.224, 192.739; 126.532, 191.188; 126.647, 190.783; 126.945, 189.9; 127.354, 188.916; 127.466, 188.677; 128.08, 187.514; 128.293, 187.151; 128.772, 186.407; 129.419, 185.496; 129.528, 185.349; 130.328, 184.335; 130.665, 183.932; 131.166, 183.36; 132.002, 182.442; 132.023, 182.419; 133.382, 180.986; 134.79, 179.563; 136.224, 178.172; 137.688, 176.811; 139.179, 175.473; 140.692, 174.164; 142.226, 172.881; 143.782, 171.623; 145.358, 170.39; 146.953, 169.181; 148.567, 167.998; 150.196, 166.835; 151.839, 165.691; 153.495, 164.567; 155.164, 163.463; 156.843, 162.375; 158.534, 161.304; 160.236, 160.249; 161.946, 159.207; 163.663, 158.176; 165.384, 157.158; 167.114, 156.148; 168.848, 155.147; 170.586, 154.154; 172.327, 153.171; 174.077, 152.189; 175.824, 151.211; 177.569, 150.235; 178.804, 149.545; 179.041, 149.413; 179.277, 149.281; 179.313, 149.261; 179.514, 149.149; 179.751, 149.017; 179.987, 148.885; 180.224, 148.753; 180.461, 148.621; 181.06, 148.286; 182.805, 147.31; 184.551, 146.331; 186.296, 145.349; 188.041, 144.366; 189.784, 143.381; 191.524, 142.395; 193.265, 141.407; 195.005, 140.417; 196.744, 139.423; 198.481, 138.43; 200.217, 137.435; 201.953, 136.437; 203.687, 135.437; 205.421, 134.435; 207.153, 133.432; 208.884, 132.427; 210.614, 131.421; 212.343, 130.412; 214.072, 129.402; 215.799, 128.39; 217.524, 127.376; 219.249, 126.361; 220.973, 125.343; 222.696, 124.324; 224.419, 123.302; 226.139, 122.279; 227.858, 121.254; 229.575, 120.227; 231.293, 119.199; 233.01, 118.168; 234.725, 117.136; 236.439, 116.102; 238.15, 115.067; 239.863, 114.028; 241.575, 112.988; 243.285, 111.947; 244.992, 110.905; 246.698, 109.861; 248.403, 108.805; 250.089, 107.724; 250.341, 107.557; 251.741, 106.595; 251.971, 106.429; 253.339, 105.394; 253.48, 105.281; 254.855, 104.094; 254.857, 104.092; 256.094, 102.842; 256.254, 102.664; 257.181, 101.513; 257.483, 101.087; 258.109, 100.084; 258.145, 100.021; 258.178, 99.96; 258.209, 99.903; 258.238, 99.847; 258.265, 99.794; 258.289, 99.743; 258.313, 99.694; 258.334, 99.648; 258.294, 99.631; 258.251, 99.613; 258.207, 99.594; 258.16, 99.575; 258.111, 99.555; 258.059, 99.535; 258.031, 99.524; 258.005, 99.514; 257.949, 99.492; 256.139, 98.8754; 255.983, 98.829; 254.206, 98.3579; 253.961, 98.301; 252.247, 97.9529; 251.894, 97.891; 250.269, 97.6406; 249.794, 97.577; 248.284, 97.4029; 246.289, 97.2224; 244.291, 97.0801; 242.292, 96.9682; 240.308, 96.8608; 238.33, 96.7564; 236.344, 96.6524; 234.349, 96.5492; 232.346, 96.447; 230.335, 96.3464; 228.317, 96.2477; 226.308, 96.1521; 224.324, 96.0618; 222.334, 95.9757; 220.338, 95.8944; 218.336, 95.8179; 216.329, 95.7468; 214.317, 95.6813; 212.301, 95.6217; 210.31, 95.5694; 208.316, 95.5244; 206.318, 95.4869; 204.317, 95.4573; 202.313, 95.436; 200.306, 95.4233; 198.296, 95.4196; 196.293, 95.4254; 194.296, 95.4418; 192.298, 95.4692; 190.298, 95.5081; 188.297, 95.5587; 186.294, 95.6214; 184.29, 95.6966; 182.286, 95.7845; 180.286, 95.8854; 178.287, 96; 176.29, 96.1289; 174.294, 96.2724; 172.3, 96.431; 170.306, 96.6052; 168.314, 96.7955; 166.323, 97.0024; 164.332, 97.2264; 162.345, 97.4678; 160.36, 97.7271; 158.378, 98.0047; 156.4, 98.3012; 154.425, 98.6171; 152.455, 98.9527; 150.484, 99.3094; 148.518, 99.6868; 146.556, 100.085; 144.6, 100.506; 142.649, 100.948; 140.704, 101.413; 138.764, 101.901; 136.831, 102.412; 134.905, 102.947; 132.986, 103.507; 131.073, 104.092; 129.168, 104.702; 127.27, 105.338; 125.378, 106; 123.498, 106.688; 123.497, 106.684; 122.795, 104.81; 122.094, 102.935; 121.393, 101.06; 121.046, 100.131; 121.997, 99.7792; 123.886, 99.1009; 125.781, 98.4477; 127.682, 97.8196; 129.589, 97.2167; 131.503, 96.639; 133.422, 96.0863; 135.348, 95.5589; 137.284, 95.0499; 139.227, 94.5619; 141.175, 94.0964; 143.126, 93.653; 145.081, 93.2313; 147.041, 92.8308; 149.003, 92.4513; 150.97, 92.0923; 152.943, 91.7527; 154.919, 91.4327; 156.897, 91.1318; 158.878, 90.8494; 160.862, 90.5849; 162.848, 90.3379; 164.835, 90.1077; 166.825, 89.8938; 168.818, 89.6961; 170.813, 89.5147; 172.808, 89.349; 174.804, 89.1985; 176.8, 89.0626; 178.797, 88.941; 180.793, 88.833; 182.794, 88.7379; 184.799, 88.6556; 186.802, 88.5858; 188.804, 88.5281; 190.805, 88.482; 192.804, 88.447; 194.802, 88.4227; 196.797, 88.4085; 198.807, 88.4043; 200.816, 88.4097; 202.822, 88.4244; 204.825, 88.4478; 206.824, 88.4795; 208.821, 88.5189; 210.813, 88.5657; 212.813, 88.6194; 214.83, 88.6802; 216.841, 88.747; 218.846, 88.8193; 220.846, 88.8967; 222.84, 88.9788; 224.828, 89.0652; 226.81, 89.1553; 228.828, 89.2508; 230.845, 89.3493; 232.854, 89.45; 234.856, 89.5525; 236.85, 89.6562; 238.835, 89.7606; 240.812, 89.8653; 242.791, 89.9715; 244.791, 90.0876; 246.79, 90.2286; 248.786, 90.4065; 250.775, 90.635; 252.754, 90.9258; 254.723, 91.2895; 256.67, 91.7444; 258.596, 92.2931; 260.481, 92.9492; 260.859, 93.097; 261.375, 93.32; 261.967, 93.62; 262.285, 93.8028; 262.602, 94.002; 263.247, 94.48; 263.855, 95.046; 263.871, 95.063; 264.439, 95.763; 264.919, 96.587; 264.969, 96.6953; 265.347, 97.822; 265.467, 98.568; 265.472, 98.6199; 265.494, 99.398; 265.405, 100.312; 265.35, 100.609; 265.175, 101.307; 264.782, 102.382; 264.727, 102.506; 264.203, 103.537; 263.771, 104.261; 262.636, 105.908; 261.361, 107.449; 259.968, 108.889; 258.481, 110.229; 256.917, 