boundaryCurve{1} = [164.62, 305.934; 162.62, 305.887; 160.62, 305.842; 158.62, 305.796; 157.625, 305.773; 157.713, 304.772; 158.042, 302.801; 158.572, 300.873; 159.276, 299.002; 160.142, 297.201; 161.139, 295.469; 162.255, 293.812; 163.468, 292.223; 164.763, 290.7; 166.132, 289.244; 167.559, 287.843; 169.039, 286.498; 170.512, 285.246; 172.07, 284.001; 173.717, 282.758; 175.298, 281.627; 176.938, 280.508; 178.649, 279.393; 180.34, 278.337; 182.022, 277.329; 183.764, 276.323; 185.564, 275.321; 187.333, 274.366; 189.104, 273.435; 190.884, 272.521; 192.672, 271.62; 194.464, 270.734; 196.263, 269.855; 198.063, 268.984; 199.866, 268.117; 201.671, 267.251; 203.472, 266.389; 205.277, 265.522; 207.078, 264.652; 208.878, 263.775; 210.672, 262.889; 212.461, 261.992; 214.244, 261.079; 216.016, 260.152; 217.779, 259.205; 219.532, 258.237; 221.267, 257.245; 222.99, 256.222; 224.687, 255.172; 226.373, 254.08; 228.018, 252.96; 228.389, 252.694; 228.897, 252.313; 229.367, 251.931; 229.598, 251.728; 229.788, 251.549; 230.143, 251.168; 230.421, 250.791; 230.607, 250.419; 230.682, 250.104; 230.686, 250.055; 230.551, 249.436; 230.098, 248.845; 229.672, 248.488; 229.377, 248.287; 228.435, 247.765; 227.935, 247.536; 227.321, 247.285; 226.082, 246.852; 226.046, 246.841; 224.767, 246.47; 224.115, 246.305; 223.424, 246.145; 222.166, 245.876; 220.204, 245.489; 218.234, 245.138; 216.261, 244.825; 214.284, 244.544; 212.297, 244.292; 210.307, 244.071; 208.321, 243.879; 206.326, 243.713; 204.326, 243.573; 202.337, 243.458; 200.339, 243.362; 198.331, 243.286; 196.34, 243.231; 194.341, 243.191; 192.334, 243.166; 190.337, 243.156; 188.341, 243.157; 186.336, 243.169; 184.332, 243.192; 182.339, 243.222; 180.337, 243.258; 178.328, 243.302; 176.337, 243.35; 174.339, 243.399; 172.333, 243.449; 170.331, 243.502; 168.331, 243.553; 166.329, 243.602; 164.33, 243.649; 162.328, 243.691; 160.329, 243.727; 158.327, 243.757; 156.329, 243.779; 154.327, 243.79; 152.327, 243.792; 150.326, 243.782; 148.323, 243.76; 146.323, 243.723; 144.324, 243.671; 142.324, 243.602; 140.326, 243.516; 138.327, 243.411; 136.333, 243.284; 135.665, 243.235; 134.923, 243.17; 134.339, 243.108; 134.177, 243.088; 133.429, 242.982; 132.683, 242.848; 132.368, 242.781; 131.94, 242.678; 131.205, 242.467; 130.481, 242.209; 130.456, 242.199; 129.24, 241.614; 128.692, 241.268; 128.19, 240.892; 127.344, 240.063; 127.227, 239.92; 126.711, 239.146; 126.303, 238.164; 126.302, 238.162; 126.181, 236.189; 126.532, 235.002; 126.872, 234.326; 126.945, 234.202; 127.466, 233.446; 128.074, 232.734; 128.08, 232.727; 128.772, 232.042; 129.528, 231.388; 129.541, 231.377; 130.328, 230.762; 131.142, 230.178; 131.166, 230.162; 132.023, 229.58; 132.796, 229.072; 134.477, 228.007; 136.198, 226.971; 137.936, 225.974; 139.682, 225.014; 141.457, 224.079; 143.244, 223.174; 145.033, 222.3; 146.847, 221.446; 148.677, 220.616; 150.501, 219.814; 152.341, 219.027; 154.197, 218.255; 156.044, 217.507; 157.904, 216.772; 159.777, 216.049; 161.647, 215.343; 163.521, 214.646; 165.402, 213.958; 167.285, 213.279; 169.169, 212.608; 171.057, 211.943; 172.949, 211.284; 174.842, 210.628; 176.732, 209.974; 178.619, 209.323; 178.804, 209.259; 179.041, 209.177; 179.277, 209.096; 179.514, 209.014; 179.751, 208.932; 179.987, 208.851; 180.224, 208.769; 180.461, 208.688; 180.51, 208.671; 182.4, 208.018; 184.289, 207.362; 186.179, 206.705; 188.069, 206.046; 189.958, 205.385; 191.846, 204.723; 193.733, 204.06; 195.62, 203.396; 197.507, 202.73; 199.393, 202.063; 201.279, 201.394; 203.163, 200.723; 205.047, 200.05; 206.931, 199.376; 208.814, 198.7; 210.696, 198.022; 212.577, 197.343; 214.459, 196.662; 216.341, 195.98; 218.221, 195.297; 220.1, 194.612; 221.978, 193.926; 223.859, 193.236; 225.738, 192.546; 227.615, 191.854; 229.49, 191.162; 231.366, 190.468; 233.244, 189.771; 235.119, 189.074; 236.992, 188.375; 238.864, 187.674; 240.74, 186.97; 242.613, 186.266; 244.484, 185.56; 246.353, 184.854; 248.228, 184.138; 248.598, 183.995; 250.087, 183.401; 250.342, 183.295; 251.922, 182.618; 251.972, 182.595; 253.481, 181.885; 253.735, 181.757; 254.858, 181.15; 255.482, 180.777; 256.095, 180.378; 257.1, 179.624; 257.182, 179.556; 258.11, 178.673; 258.146, 178.634; 258.179, 178.597; 258.21, 178.561; 258.239, 178.526; 258.266, 178.494; 258.29, 178.462; 258.314, 178.432; 258.335, 178.404; 258.295, 178.393; 258.252, 178.382; 258.208, 178.37; 258.161, 178.358; 258.112, 178.346; 258.083, 178.339; 258.06, 178.333; 258.006, 178.32; 257.95, 178.307; 256.128, 177.924; 255.984, 177.897; 254.155, 177.598; 253.962, 177.571; 252.171, 177.347; 251.895, 177.317; 250.179, 177.154; 249.795, 177.123; 248.184, 177.009; 246.185, 176.899; 244.186, 176.814; 242.187, 176.743; 240.202, 176.677; 238.224, 176.613; 236.237, 176.549; 234.242, 176.486; 232.239, 176.423; 230.227, 176.361; 228.207, 176.299; 226.197, 176.239; 224.211, 176.182; 222.221, 176.129; 220.225, 176.079; 218.224, 176.032; 216.217, 175.989; 214.206, 175.949; 212.191, 175.913; 210.202, 175.881; 208.209, 175.855; 206.213, 175.833; 204.213, 175.816; 202.21, 175.803; 200.203, 175.796; 198.192, 175.793; 196.188, 175.795; 194.19, 175.805; 192.19, 175.822; 190.191, 175.847; 188.19, 175.879; 186.189, 175.919; 184.188, 175.966; 182.186, 176.021; 180.185, 176.084; 178.185, 176.156; 176.186, 176.237; 174.188, 176.327; 172.19, 176.426; 170.193, 176.534; 168.197, 176.651; 166.196, 176.778; 164.193, 176.917; 162.194, 177.068; 160.199, 177.23; 158.207, 177.404; 156.219, 177.59; 154.234, 177.788; 152.251, 177.998; 150.253, 178.223; 148.259, 178.461; 146.271, 178.714; 144.289, 178.98; 142.312, 179.26; 140.34, 179.554; 138.373, 179.861; 136.392, 180.187; 134.41, 180.531; 132.436, 180.891; 130.47, 181.268; 128.512, 181.662; 126.562, 182.072; 124.619, 182.499; 123.192, 182.248; 123.062, 182.033; 122.886, 181.741; 122.579, 181.235; 122.273, 180.728; 122.027, 180.321; 121.966, 180.221; 121.66, 179.715; 121.353, 179.208; 121.047, 178.701; 121.151, 178.677; 123.092, 178.239; 125.04, 177.817; 126.995, 177.411; 128.955, 177.022; 130.923, 176.649; 132.897, 176.292; 134.877, 175.953; 136.853, 175.63; 138.823, 175.324; 140.797, 175.03; 142.775, 174.75; 144.758, 174.483; 146.745, 174.23; 148.736, 173.99; 150.732, 173.763; 152.716, 173.55; 154.702, 173.349; 156.691, 173.16; 158.682, 172.982; 160.677, 172.816; 162.674, 172.662; 164.674, 172.519; 166.676, 172.388; 168.674, 172.267; 170.672, 172.155; 172.67, 172.052; 174.669, 171.958; 176.667, 171.872; 178.665, 171.795; 180.663, 171.727; 182.664, 171.668; 184.668, 171.616; 186.67, 171.571; 188.671, 171.534; 190.671, 171.505; 192.67, 171.482; 194.667, 171.468; 196.664, 171.46; 198.674, 171.46; 200.684, 171.463; 202.689, 171.472; 204.691, 171.486; 206.689, 171.504; 208.684, 171.527; 210.675, 171.555; 212.672, 171.588; 214.687, 171.624; 216.697, 171.664; 218.702, 171.708; 220.702, 171.755; 222.696, 171.806; 224.686, 171.86; 226.67, 171.917; 228.688, 171.979; 230.707, 172.041; 232.718, 172.103; 234.721, 172.166; 236.715, 172.229; 238.7, 172.293; 240.677, 172.357; 242.655, 172.422; 244.657, 172.492; 246.658, 172.579; 248.658, 172.688; 250.653, 172.827; 252.645, 173.007; 254.635, 173.231; 256.615, 173.512; 258.586, 173.859; 260.529, 174.278; 260.856, 174.359; 261.372, 174.497; 261.964, 174.681; 262.45, 174.858; 262.599, 174.917; 263.244, 175.212; 263.868, 175.573; 264.203, 175.812; 264.436, 176.005; 264.916, 176.515; 265.153, 176.869; 265.344, 177.278; 265.382, 177.388; 265.491, 178.252; 265.402, 178.817; 265.218, 179.333; 265.172, 179.432; 264.779, 180.097; 264.2, 180.811; 264.065, 180.954; 262.845, 182.1; 262.599, 182.304; 261.3, 183.269; 260.982, 183.481; 259.607, 184.328; 259.271, 184.518; 257.807, 185.289; 257.495, 185.443; 255.947, 186.164; 255.678, 186.282; 254.066, 186.964; 253.832, 187.059; 252.207, 187.7; 251.968, 187.792; 250.413, 188.384; 250.104, 188.501; 248.236, 189.208; 246.365, 189.913; 244.492, 190.618; 242.616, 191.322; 240.744, 192.022; 238.871, 192.721; 236.996, 193.419; 235.119, 194.116; 233.242, 194.811; 231.367,