boundaryCurve{1} = [228.4, 75.24; 227.916, 77.1875; 227.425, 79.133; 226.926, 81.0765; 226.42, 83.0179; 225.905, 84.9572; 225.384, 86.8943; 224.854, 88.8292; 224.317, 90.762; 223.772, 92.6925; 223.22, 94.6207; 222.66, 96.5467; 222.092, 98.4703; 221.517, 100.392; 220.934, 102.31; 220.344, 104.227; 219.746, 106.141; 219.141, 108.052; 218.528, 109.961; 217.908, 111.868; 217.28, 113.772; 216.645, 115.673; 216.002, 117.572; 215.352, 119.468; 214.694, 121.361; 214.029, 123.252; 213.357, 125.139; 212.677, 127.024; 211.989, 128.907; 211.295, 130.786; 210.593, 132.663; 209.883, 134.536; 209.167, 136.407; 208.443, 138.274; 207.711, 140.139; 206.972, 142.001; 206.226, 143.859; 205.473, 145.715; 204.713, 147.567; 203.945, 149.416; 203.17, 151.262; 202.387, 153.105; 201.598, 154.944; 200.801, 156.781; 199.997, 158.613; 199.186, 160.443; 198.367, 162.269; 197.542, 164.092; 196.709, 165.911; 195.869, 167.727; 195.022, 169.54; 194.168, 171.349; 193.307, 173.154; 192.439, 174.956; 191.563, 176.754; 190.681, 178.548; 189.791, 180.339; 188.895, 182.126; 187.991, 183.909; 187.08, 185.689; 186.163, 187.465; 185.236, 189.241; 184.298, 191.018; 183.35, 192.79; 182.389, 194.557; 181.415, 196.316; 180.426, 198.066; 179.421, 199.806; 178.399, 201.535; 177.357, 203.25; 176.295, 204.951; 175.211, 206.636; 174.104, 208.304; 172.972, 209.952; 171.815, 211.581; 170.63, 213.187; 169.416, 214.771; 168.173, 216.33; 166.897, 217.862; 165.589, 219.367; 164.24, 220.85; 162.844, 222.31; 161.409, 223.734; 159.936, 225.12; 158.427, 226.465; 156.882, 227.765; 155.301, 229.019; 153.686, 230.222; 152.039, 231.373; 150.358, 232.468; 148.647, 233.506; 146.905, 234.481; 145.133, 235.393; 143.333, 236.238; 141.505, 237.013; 139.65, 237.715; 137.769, 238.342; 135.863, 238.89; 133.933, 239.358; 131.979, 239.741; 130.015, 240.034; 128.049, 240.238; 126.082, 240.353; 124.116, 240.383; 122.153, 240.328; 120.194, 240.19; 118.243, 239.972; 116.3, 239.675; 114.368, 239.3; 112.448, 238.851; 110.542, 238.328; 108.652, 237.732; 106.78, 237.067; 104.928, 236.334; 103.097, 235.535; 101.29, 234.67; 99.5087, 233.743; 97.7543, 232.755; 96.029, 231.708; 94.3347, 230.603; 92.6732, 229.443; 91.0464, 228.229; 89.4561, 226.962; 87.9042, 225.646; 86.3926, 224.281; 84.9232, 222.869; 83.4977, 221.412; 82.1182, 219.913; 80.7863, 218.372; 79.5041, 216.791; 78.2733, 215.173; 77.1019, 213.529; 75.9943, 211.878; 74.9319, 210.201; 73.9139, 208.499; 72.9397, 206.773; 72.0087, 205.024; 71.1202, 203.253; 70.2736, 201.46; 69.4682, 199.647; 68.7034, 197.815; 67.9785, 195.964; 67.2929, 194.096; 66.6459, 192.211; 66.037, 190.311; 65.4653, 188.396; 64.9304, 186.468; 64.4315, 184.527; 63.9681, 182.574; 63.5394, 180.611; 63.1448, 178.638; 62.7836, 176.656; 62.4553, 174.666; 62.1592, 172.67; 61.8945, 170.667; 61.6608, 168.66; 61.4573, 166.648; 61.2833, 164.634; 61.1383, 162.618; 61.0216, 160.6; 60.9325, 158.582; 60.8705, 156.565; 60.8347, 154.55; 60.8247, 152.538; 60.8399, 150.528; 60.8805, 148.515; 60.9471, 146.499; 61.0403, 144.481; 61.1608, 142.463; 61.309, 140.444; 61.4858, 138.427; 61.6916, 136.412; 61.9272, 134.401; 62.1931, 132.393; 62.4899, 130.391; 62.8184, 128.396; 63.179, 126.408; 63.5724, 124.428; 63.9993, 122.458; 64.4603, 120.498; 64.9559, 118.55; 65.4869, 116.615; 66.0538, 114.693; 66.6572, 112.785; 67.2979, 110.894; 67.9763, 109.019; 68.6932, 107.162; 69.449, 105.324; 70.2446, 103.505; 71.0804, 101.708; 71.9572, 99.9318; 72.8755, 98.179; 73.8359, 96.4501; 74.8391, 94.7462; 75.8857, 93.0684; 76.9764, 91.4176; 78.1116, 89.7948; 79.2922, 88.2012; 80.5242, 86.6311; 81.8294, 85.0729; 83.1877, 83.5576; 84.597, 82.0866; 86.0549, 80.6618; 87.5593, 79.2846; 89.1079, 77.9569; 90.6984, 76.6802; 92.3286, 75.4562; 93.9962, 74.2865; 95.699, 73.1729; 97.4348, 72.1168; 99.2013, 71.1201; 100.996, 70.1843; 102.817, 69.3111; 104.662, 68.5022; 106.529, 67.7592; 108.415, 67.0837; 110.319, 66.4774; 112.237, 65.942; 114.168, 65.4791; 116.11, 65.0903; 118.059, 64.7774; 120.015, 64.5419; 121.974, 64.3855; 123.935, 64.3099; 125.895, 64.3167; 127.852, 64.4076; 129.804, 64.5842; 131.748, 64.8482; 133.683, 65.2012; 135.605, 65.6448; 137.513, 66.1808; 139.405, 66.8108; 141.256, 67.5259; 143.056, 68.3143; 144.811, 69.1749; 146.522, 70.1052; 148.191, 71.1025; 149.817, 72.1643; 151.403, 73.2879; 152.949, 74.4708; 154.455, 75.7103; 155.924, 77.0038; 157.355, 78.3487; 158.75, 79.7425; 160.11, 81.1824; 161.435, 82.666; 162.727, 84.1906; 163.986, 85.7535; 165.214, 87.3523; 166.411, 88.9842; 167.578, 90.6468; 168.716, 92.3373; 169.827, 94.0531; 170.911, 95.7918; 171.968, 97.5505; 173.001, 99.3269; 174.009, 101.118; 174.994, 102.922; 175.957, 104.735; 176.899, 106.556; 177.82, 108.381; 178.722, 110.208; 179.605, 112.034; 180.468, 113.851; 181.318, 115.661; 182.16, 117.475; 182.995, 119.293; 183.822, 121.115; 184.642, 122.94; 185.454, 124.769; 186.258, 126.602; 187.055, 128.438; 187.844, 130.277; 188.626, 132.12; 189.399, 133.966; 190.165, 135.816; 190.923, 137.669; 191.674, 139.525; 192.417, 141.385; 193.152, 143.248; 193.879, 145.114; 194.598, 146.983; 195.31, 148.856; 196.014, 150.731; 196.71, 152.61; 197.398, 154.492; 198.078, 156.376; 198.751, 158.264; 199.415, 160.155; 200.072, 162.048; 200.721, 163.945; 201.361, 165.844; 201.994, 167.746; 202.619, 169.651; 203.236, 171.558; 203.845, 173.469; 204.446, 175.382; 205.039, 177.297; 205.624, 179.215; 206.201, 181.136; 206.77, 183.059; 207.331, 184.985; 207.884, 186.913; 208.428, 188.844; 208.965, 190.777; 209.495, 192.712; 210.022, 194.651; 210.553, 196.591; 211.093, 198.53; 211.646, 200.464; 212.219, 202.39; 212.816, 204.307; 213.443, 206.211; 214.105, 208.1; 214.807, 209.97; 215.555, 211.819; 216.355, 213.644; 217.21, 215.442; 218.128, 217.211; 219.119, 218.957; 220.2, 220.678; 221.364, 222.351; 222.608, 223.966; 223.93, 225.514; 225.326, 226.986; 226.794, 228.372; 228.331, 229.663; 229.934, 230.849; 231.601, 231.921; 233.329, 232.87; 235.115, 233.686; 236.957, 234.36; 238.852, 234.883; 240.799, 235.245; 242.793, 235.409; 244.801, 235.363; 246.801, 235.115; 248.771, 234.674; 250.692, 234.045; 252.541, 233.239; 254.297, 232.262; 255.94, 231.121; 257.447, 229.825; 258.799, 228.382; 259.973, 226.799; 260.949, 225.085; 261.705, 223.246; 262.22, 221.29; ];
