segmentsStart = [640.526, 566.409; 640.526, 566.409; 1006.8, 381.295; 1006.8, 381.295; 909.172, 387.298; 917.571, 381.229; 917.571, 381.229; 1214.6, 609.287; 1214.6, 609.287; 1074.7, 422.093; 1074.7, 422.093; 1191.82, 891.179; 1191.82, 891.179; 1213.22, 684.2; 1213.22, 684.2; 1166.52, 881.56; 1166.52, 881.56; 1120.27, 800.439; 1120.27, 800.439; 1155.04, 857.077; 1155.04, 857.077; 1121.64, 813.373; 1121.64, 813.373; 1175.16, 870.588; 1175.16, 870.588; 1192.97, 792.511; 1192.97, 792.511; 1192.02, 936.275; 1192.02, 936.275; 1207.54, 811.309; 1207.54, 811.309; 1203.05, 946.693; 1203.05, 946.693; 1205.85, 939.101; 1205.85, 939.101; 1317.43, 1052.96; 1317.43, 1052.96; 1200.11, 930.518; 1200.11, 930.518; 1354.99, 1053.07; 1354.99, 1053.07; 1206.1, 880.242; 1206.1, 880.242; 1350.79, 1023.85; 1350.79, 1023.85; 1311.25, 1029.06; 1311.25, 1029.06; 1472.58, 1195.43; 1472.58, 1195.43; 1402.14, 1099.79; 1402.14, 1099.79; 1528.32, 1239.99; 1528.32, 1239.99; 1438.84, 1176.24; 1438.84, 1176.24; 1689.01, 1335.85; 1689.01, 1335.85; 1401.2, 1196.38; 1401.2, 1196.38; 1700.08, 1318.4; 1700.08, 1318.4; 1407.35, 1209.82; 1407.35, 1209.82; 1505.55, 1253.85; 1505.55, 1253.85; 1505.55, 1253.85; 1505.55, 1253.85; 1478.11, 1264.3; 1478.11, 1264.3; 1421.57, 1205.53; 1421.57, 1205.53; 1641.25, 1289.07; 1641.25, 1289.07; 1313.33, 1086.26; 1313.33, 1086.26; 1313.6, 1075.75; 1313.6, 1075.75; 1313.6, 1075.75; 1313.6, 1075.75; 1417.17, 1203.56; 1417.17, 1203.56; 1184.7, 1207.5; 1184.7, 1207.5; 1184.7, 1207.5; 1184.7, 1207.5; 1167.74, 1065.54; 1167.74, 1065.54; 1167.74, 1065.54; 1167.74, 1065.54; 1178.43, 1057.27; 1178.43, 1057.27; 1178.43, 1057.27; 1178.43, 1057.27; 1037.81, 1054.64; 1037.81, 1054.64; 974.887, 1135.17; 974.887, 1135.17; 1053, 1046.93; 1053, 1046.93; 990.61, 1126.02; 990.61, 1126.02; 1055.98, 1043.97; 1055.98, 1043.97; 1015.58, 1107.2; 1015.58, 1107.2; 1523.35, 1283.21; 1571.27, 1526.14; 1541.82, 1302.02; 1541.82, 1302.02; 1583.98, 1478.07; 1583.98, 1478.07; 1590.75, 1432.44; 1590.75, 1432.44; 1594.94, 1513.36; 1594.94, 1513.36; 1604.27, 1484.26; 1604.27, 1484.26; 1446.88, 1588.41; 1446.88, 1588.41; 1357.05, 1713.28; 1357.05, 1713.28; 1401.14, 1678.07; 1401.14, 1678.07; 1371.29, 1731.85; 1371.29, 1731.85; 1453.03, 1594.41; 1453.03, 1594.41; 1397.71, 1721.57; 1397.71, 1721.57; 1397.71, 1721.57; 1397.71, 1721.57; 1452.23, 1660.63; 1452.23, 1660.63; 1343.04, 1704.97; 1343.04, 1704.97; 1352.73, 1771.69; 1352.73, 1771.69; 1356.48, 1711.3; 1356.48, 1711.3; 1371.99, 1773.59; 1392.26, 1702.89; 1392.26, 1702.89; 1554.6, 1683.55; 1699.01, 1319.12; 1699.01, 1319.12; 1778.13, 1565.86; 1778.13, 1565.86; 1703.05, 1331.51; 1703.05, 1331.51; 1808.04, 1744.84; 1808.04, 1744.84; 1770.73, 1550.4; 1770.73, 1550.4; 1771.18, 1769.17; 1777.68, 1571.32; 1777.68, 1571.32; 1761.9, 1761.67; 1761.9, 1761.67; 1800.74, 2209.05; 1800.74, 2209.05; 1762.86, 1663.53; 1762.86, 1663.53; 1793.9, 1728.21; 1793.9, 1728.21; 1773.96, 1958.34; 1773.96, 1958.34; 1913.61, 2274.73; 1913.61, 2274.73; 1788.54, 1973.39; 1788.54, 1973.39; 1915.19, 2309.05; 1915.19, 2309.05; 1739.36, 2115.85; 1739.36, 2115.85; 1835.16, 2162.38; 1835.16, 2162.38; 1787.83, 2123.61; 1778.17, 2213.29; 1778.17, 2213.29; 1904.81, 2277.27; 1904.81, 2277.27; 1947.25, 2991.93; 1947.25, 2991.93; 1899.52, 2261.58; 1899.52, 2261.58; 1930.32, 2952.91; 1930.32, 2952.91; 1605.09, 2090.11; 1605.09, 2090.11; 1603.97, 2344.58; 1603.97, 2344.58; 1627.88, 2090.35; 1627.88, 2090.35; 1617.72, 2359.72; 1617.72, 2359.72; 1623.02, 2077.72; 1623.02, 2077.72; 1633.18, 2431.22; 1633.18, 2431.22; 1614.31, 2350.91; 1614.31, 2350.91; 1743.98, 2695.57; 1743.98, 2695.57; 1610.79, 2309.22; 1610.79, 2309.22; 1743.4, 2684.65; 1743.4, 2684.65; 1622.2, 2280.76; 1622.2, 2280.76; 1651.77, 2452.78; 1651.77, 2452.78; 1633.11, 2408.52; 1633.11, 2408.52; 1798.21, 2851.84; 1798.21, 2851.84; 1733.77, 2665.45; 1733.77, 2665.45; 1807.27, 2956.95; 1807.27, 2956.95; 1769.76, 2802.56; 1769.76, 2802.56; 1789.16, 2999.19; 1789.16, 2999.19; 1808.44, 2949.09; 1794.84, 2989.3; 1794.84, 2989.3; 1805.18, 2952.71; 1805.18, 2952.71; 1765.92, 2998.27; 1765.92, 2998.27; 1941.83, 2990.54; 1941.83, 2990.54; 1792.53, 2994.56; 1792.53, 2994.56; 1930.2, 2987.94; 1930.2, 2987.94; 1504.42, 1890.6; 1504.42, 1890.6; 1636.1, 2160.46; 1636.1, 2160.46; 1501.72, 1882.59; 1501.72, 1882.59; 1634.98, 2155.61; 1634.98, 2155.61; 1518.82, 1869.85; 1518.82, 1869.85; 1639.29, 2142.66; 1639.29, 2142.66; 1546.65, 1798.72; 1546.65, 1798.72; 1654.96, 2156.3; 1654.96, 2156.3; 1637.76, 2117.54; 1637.76, 2117.54; 1648.55, 2188.31; 1648.55, 2188.31; 1596.14, 1660.26; 1596.14, 1660.26; 1533.63, 1748.36; 1533.63, 1748.36; 1608.26, 1650.12; 1534.6, 1750.23; 1534.6, 1750.23; 1664.99, 1665.86; 1664.99, 1665.86; 1546.02, 1743.79; 1546.02, 1743.79; 1595.08, 1735.65; 1595.08, 1735.65; 1682.11, 1673.78; 1298.23, 2162.8; 1298.23, 2162.8; 1558.43, 1721.7; 1558.43, 1721.7; 1248.38, 2249.54; 1248.38, 2249.54; 1577.22, 1727.02; 1577.22, 1727.02; 1265.39, 2278.27; 1265.39, 2278.27; 1298.97, 2151.04; 1298.97, 2151.04; 1440.92, 2010.06; 1440.92, 2010.06; 1279.63, 2231.29; 1279.63, 2231.29; 1293.49, 2509.51; 1293.49, 2509.51; 1310.79, 2202.65; 1310.79, 2202.65; 1311.31, 2475.38; 1311.31, 2475.38; 1326.63, 2190.64; 1326.63, 2190.64; 1324.52, 2649.74; 1324.52, 2649.74; 1357.51, 2146.88; 1357.51, 2146.88; 1302.95, 2948.63; 1302.95, 2948.63; 1412.64, 2071.92; 1412.64, 2071.92; 1329.12, 2263.11; 1329.12, 2263.11; 1395.74, 2110.74; 1395.74, 2110.74; 1333.61, 2233.84; 1333.61, 2233.84; 1333.15, 2496.42; 1333.15, 2496.42; 1308.33, 3000.18; 1326.18, 2491.76; 1326.18, 2491.76; 1330.99, 2994.55; 1330.99, 2994.55; 1361.12, 2665.17; 1361.12, 2665.17; 1350.49, 2997.88; 1350.49, 2997.88; 1394.66, 2834.06; 1394.66, 2834.06; 1360.68, 2985.91; 1360.68, 2985.91; 1377.43, 2844.36; 1377.43, 2844.36; 1342.3, 2967.36; 1342.3, 2967.36; 760.973, 788.137; 760.973, 788.137; 813.136, 794.901; 813.136, 794.901; 754.014, 793.079; 754.014, 793.079; 819.892, 794.328; 819.892, 794.328; 803.512, 798.756; 803.512, 798.756; 806.794, 921.691; 806.794, 921.691; 816.027, 798.661; 816.027, 798.661; 816.201, 936.406; 816.201, 936.406; 782.189, 930.449; 782.189, 930.449; 823.914, 935.971; 823.914, 935.971; 784.167, 942.038; 784.167, 942.038; 840.035, 934.82; 840.035, 934.82; 829.319, 927.605; 829.319, 927.605; 844.093, 990.057; 844.093, 990.057; 834.761, 926.216; 834.761, 926.216; 858.605, 1014.99; 858.605, 1014.99; 839.807, 979.769; 839.807, 979.769; 688.569, 1107.44; 688.569, 1107.44; 849.574, 993.25; 849.574, 993.25; 711.516, 1103.61; 711.516, 1103.61; 841.184, 1010; 841.184, 1010; 765.874, 1078.4; 765.874, 1078.4; 850.402, 1019.22; 850.402, 1019.22; 795.087, 1076.38; 795.087, 1076.38; 852.962, 1021.02; 852.962, 1021.02; 783.085, 1072.26; 783.085, 1072.26; 783.085, 1072.26; 783.085, 1072.26; 788.63, 1067.85; 788.63, 1067.85; 850.585, 1023.56; 850.585, 1023.56; 814.835, 1070.45; 814.835, 1070.45; 814.836, 1070.45; 814.836, 1070.45; 817.518, 1065.43; 817.518, 1065.43; 635.396, 579.385; 635.396, 579.385; 910.361, 397.033; 910.361, 397.033; 658.532, 559.77; 658.532, 559.77; 603.548, 717.082; 603.548, 717.082; 663.305, 563.23; 663.305, 563.23; 607.84, 772.258; 607.84, 772.258; 627.936, 667.581; 627.936, 667.581; 651.359, 813.256; 651.359, 813.256; 624.77, 791.386; 624.77, 791.386; 647.092, 817.178; 647.092, 817.178; 655.773, 821.734; 655.773, 821.734; 662.34, 996.82; 662.34, 996.82; 645.444, 846.581; 645.444, 846.581; 664.191, 994.754; 664.191, 994.754; 662.724, 817.788; 662.724, 817.788; 668.155, 992.363; 668.155, 992.363; 684.414, 959.347; 684.414, 959.347; 657.464, 994.862; 657.464, 994.862; 689.768, 964.901; 659.686, 1003.31; 659.686, 1003.31; 692.957, 961.639; 692.957, 961.639; 661.88, 997.204; 661.88, 997.204; 685.44, 966.992; 685.44, 966.992; 728.624, 1073.18; 728.624, 1073.18; 684.158, 956.039; 684.158, 956.039; 740.726, 1071.92; 740.726, 1071.92; 689.286, 955.88; 689.286, 955.88; 749.562, 1065.91; 749.562, 1065.91; 688.557, 965.31; 688.557, 965.31; 738.703, 1069.47; 738.703,