radius = 29.16294468723034;
cppContour{1} = [941.7944873274928 2632.733202251091; 955.0377169878893 2617.258768026085;946.1114354033518 2598.261051163714;927.292525592036 2587.92774535022;905.9114317106068 2584.889265842984;884.2817100431902 2585.763524661154;863.21 2584.75;855.247 2567.52;838.6216989260423 2578.003139094587;824.2579189999999 2591.41897;799.4526316518912 2605.153393398406;778.798404198601 2600.947841921462;757.802544 2599.20002;757.8014460000001 2599.2001;754.392736 2606.81021;754.393089 2606.81058;774.6956130745371 2613.718500945887;785.0939587249361 2615.633501412228;793.2968989138996 2617.991067776843;812.7489282740953 2623.581679080433;832.2009576342912 2629.172290384023;838.0033372330172 2630.839838227896;856.8716047329202 2638.479241632358;876.8183245980555 2646.569714950043;897.0674630330942 2653.861146411708;917.8434137912507 2659.452799544118;941.078 2663.72;949.971487 2658.2298;971.8010399749651 2650.263275650356;984.2937350680984 2658.991700469965;1003.931442295379 2656.951714342173;1011.12 2673.27;1013.698774195656 2694.416451630467;1016.214680267639 2715.570447241475;1018.604990175876 2736.739001598875;1020.014132069294 2750.33654472663;1014.82756494222 2763.296023563982;1007.3 2782.09;1024.373243940983 2800.383233241351;1025.619480430222 2821.649556647467;1026.419430195818 2842.93720783271;1026.71 2864.237862013128;1026.419991988867 2885.538322047569;1025.491377791468 2906.820370142206;1023.86 2928.06;1028.300644490003 2945.022415260855;1023.614500041835 2963.12192140785;1018.840831234768 2981.19938286962;1011.12 2997.88;1021.6 2998.84;1032.31103 2996.63828;1041.300828888286 2980.929824071299;1049.54970873152 2964.820030904487;1057.062425572845 2948.354247038766;1071.45 2941.73;1071.868593237954 2920.001352409091;1071.68423834075 2898.269533630005;1070.892567441718 2876.551348834368;1069.505405900151 2854.863051608668;1067.517152452075 2833.221515361951;1064.930902547384 2811.643285347479;1061.749128252826 2790.144769516956;1057.973079113385 2768.742610414508;1053.613237528847 2747.451733852417;1048.6653174456 2726.289824675967;1043.132918451299 2705.273080398128;1037.022314557821 2684.417153907523;1030.328883876675 2663.740922698305;1023.06 2643.26;1006.54933 2633.50024;1006.54873 2633.50014;985.5437325399081 2635.316483868775;964.4717815474199 2636.008603580945;943.3925839446431 2635.593222888954;929.6886600933906 2634.594298044627;941.7944873274928 2632.733202251091;];
cppContour{2} = [1041.01 1702.16; 1051.376885495704 1714.372622562238;1039.851548746142 1732.022728902166;1028.038221690226 1749.481330200026;1015.91391212678 1766.725352439843;1003.449742527499 1783.725304164707;990.6241625889966 1800.454167804607;977.4149739294022 1816.881720511456;963.8033212389315 1832.977338028748;949.7680077862051 1848.704846736658;945.4056005407942 1853.323498107879;941.724002016777 1855.911771457515;915.419 1849.36;898.6854429568905 1854.42826583045;879.089687 1858.85032;879.0885880000001 1858.85066;862.5287171948482 1866.625642085057;846.6895780000001 1851.71042;846.6886000000001 1851.71016;830.0622018466958 1853.669228315048;813.436 1855.63;790.9595534714405 1846.84422677217;773.4790979600016 1835.305232781819;756.2608006129703 1823.400344406568;744.3624993562784 1806.419921739714;739.2926011598743 1786.101657402637;732.9546177066642 1766.155933281094;723.0338641474175 1747.716519010311;710.5602001337101 1730.884336855896;696.4628155395219 1715.376555337318;681.4325973934649 1700.765343919755;666.0173258418019 1686.55847715577;650.5663271649183 1672.390340718144;635.1103568574777 1658.227641920492;626.8622663075994 1653.29073420673;635.052266242139 1644.854446194509;646.8607938095276 1631.827696245347;658.2157304324762 1618.403668399476;669.106 1604.6;663.3885300000001 1588.0607;669.5946019209903 1569.565369271568;687.8985892300389 1558.227904576818;705.0145841326633 1545.168723182264;720.7467979655098 1530.471763258752;734.936 1514.28;749.804 1521.39;765.2098963092816 1544.561583691711;759.4730306263341 1564.361762044728;751.8680000000001 1583.52;759.4730306263341 1564.361762044728;765.2098963092816 1544.561583691711;769.2889928076298 1524.352536810628;771.970901897256 1503.909428977415;773.5299879232291 1483.34891845149;774.2295138253663 1462.740326290811;774.3211852423287 1442.119452648633;774.0293847487525 1421.500244056639;772.2686904031807 1400.969562001348;766.3384053871115 1381.299630720157;753.073522 1365.83035;753.0726519999999 1365.83132;749.8465321850829 1378.110714336201;746.62 1390.39;768.647 1405.08;766.8094702577181 1424.652268886154;760.029 1446.59;742.1595119159749 1457.112228329387;724.4827111438927 1467.954977182524;707.0011700186352 1479.109889886921;689.7286074874614 1490.585799842967;672.6661858705954 1502.371788171913;655.8162948482324 1514.459785366493;639.1916487628325 1526.855662396336;622.7940822671046 1539.550359876979;606.626706947917 1552.536972460544;590.6955600452202 1565.812290347426;575.0107862387621 1579.377851469697;559.6053522319851 1593.259253009607;544.7911890091249 1607.766764533311;531.065350623318 1623.302687671413;519.051 1640.19;514.8049999999999 1654.36;521.9160000000001 1657.24;538.7022316757551 1643.748081304575;552.188 1651.9;575.9660260000001 1649.39998;595.3147936195743 1668.296421640234;593.4158561898153 1689.828448959348;592.3924324151125 1711.419823954307;592.2419969109106 1733.034947431757;592.9624280009051 1754.638587564332;594.5499561004248 1776.195853688682;597.0027388579666 1797.671903367402;600.3191919268855 1819.031613876754;604.258680378498 1839.044483810693;604.4405941799284 1843.055431886332;605.4198993765807 1864.652711436188;605.6600785499998 1869.950654049314;601.9315418674585 1880.815044346647;594.1147772142089 1899.676491351902;585.3976719980992 1918.140394735983;576.0509012123573 1936.294574715064;566.3350161996923 1954.254458160397;563.1498934407646 1960.03602650745;563.0857410048084 1953.4976689959;561.7906485578438 1932.82129571414;559.4111861489687 1912.241481747149;555.9605059409087 1891.813983883719;551.446897168143 1871.594719608954;545.8761675283668 1851.640810955953;542.5322427693598 1841.714018397091;541.1184601177155 1830.723195261913;536.6576860786903 1811.274380282011;525.8631929999999 1794.72108;530.837 1777.31;542.829 1759.2;544.7306841404197 1743.255290647969;544.4859338466524 1727.199269023784;542.098 1711.32;544.4859338466524 1727.199269023784;544.7306841404197 1743.255290647969;542.829 1759.2;530.837 1777.31;503.07 1781.68;498.356145967323 1796.635296441052;494.1355258681747 1801.249969751717;480.8563111152131 1817.89093185245;468.7253564633868 1835.386779297187;457.7876768572871 1853.65241063872;448.1021829782913 1872.611743990654;439.715 1892.18;421.6092602704057 1907.185355997363;421.565502 1907.2202;395.163 1911.13;396.6393545 1917.62436;398.115709 1924.11872;411.121178452645 1948.11639879409;405.8984235845661 1968.564380587239;401.2786309877861 1989.151244883366;399.6454356916666 2010.153443607304;402.4420147869108 2031.046186850353;407.0537496676545 2051.640165115721;410.7492121502512 2072.414195420271;413.0325142992592 2093.390898133332;413.977070506597 2114.47080819977;413.6664285711005 2135.570034851206;412.1896013272878 2156.620224656463;409.637047285345 2177.567583188212;406.0945090222115 2198.370712397961;401.644989134178 2218.999137006518;396.3637309313938 2239.430670357585;390.32 2259.65;406.922 2250.69;420.9200186097547 2257.912570475207;424.2035413159272 2278.854747759793;427.4845598073336 2299.797317479099;430.7680825135061 2320.739494763684;434.0491010049125 2341.68206448299;437.2874787309739 2362.631242248794;440.344818780023 2383.607495216166;443.070751863785 2404.629185751816;445.31038763346 2425.707931096095;446.9119080994715 2446.844345528977;447.7144986913634 2468.025658700388;447.567523054558 2489.221086630646;447.4104331040151 2491.96730627644;442.1773987001216 2503.877400705689;433.3205822547075 2523.092530627317;425.3172158553155 2542.672945630734;419.5579277046897 2563.011652079863;417.636 2584.04;