segmentsStart = [1045.75, 1079.16; 1045.75, 1079.16; 1034.28, 951.481; 1034.28, 951.481; 1476.44, 998.019; 1476.44, 998.019; 1006.09, 1056.44; 1006.09, 1056.44; 1484.28, 972.955; 1484.28, 972.955; 1457.09, 1070.98; 1457.09, 1070.98; 1334.83, 1037.75; 1334.83, 1037.75; 1389.49, 1091.75; 1389.49, 1091.75; 1472, 1034.32; 1472, 1034.32; 1361.66, 1078.72; 1361.66, 1078.72; 1482.03, 1041.27; 1482.03, 1041.27; 1309.06, 800.581; 1309.06, 800.581; 1326.18, 797.081; 1326.18, 797.081; 1278.77, 849.364; 1278.77, 849.364; 1304.87, 806.832; 1304.87, 806.832; 1316.97, 747.657; 1316.97, 747.657; 1262.73, 918.468; 1262.73, 918.468; 1330.64, 742.489; 1330.64, 742.489; 1399.91, 930.814; 1399.91, 930.814; 1057.7, 1133.72; 1057.7, 1133.72; 1150.79, 1184.93; 1150.79, 1184.93; 1054.77, 1120.97; 1054.77, 1120.97; 1298.5, 998.578; 1298.5, 998.578; 1275.15, 997.688; 1275.15, 997.688; 1335.19, 1014.88; 1335.19, 1014.88; 1250.06, 989.015; 1250.06, 989.015; 1333.43, 991.481; 1333.43, 991.481; 1294.04, 982.506; 1294.04, 982.506; 1289.25, 1049.46; 1289.25, 1049.46; 1458.52, 805.481; 1458.52, 805.481; 1483.81, 774.197; 1483.81, 774.197; 1462.22, 761.185; 1462.22, 761.185; 1751.56, 1000.52; 1751.56, 1000.52; 1469.23, 790.128; 1469.23, 790.128; 1461.18, 773.44; 1461.18, 773.44; 1511.54, 958.68; 1511.54, 958.68; 1428.66, 1123.54; 1428.66, 1123.54; 1503.53, 1141.3; 1503.53, 1141.3; 1489.34, 1085.92; 1489.34, 1085.92; 1452.55, 1155.12; 1452.55, 1155.12; 1472.25, 1130.05; 1472.25, 1130.05; 1648.67, 1490.55; 1648.67, 1490.55; 1578.71, 1185.54; 1578.71, 1185.54; 1697.89, 1337.83; 1697.89, 1337.83; 1685.26, 1327.81; 1685.26, 1327.81; 1789.66, 1332.13; 1789.66, 1332.13; 1742.7, 1341.45; 1742.7, 1341.45; 1848.3, 1273.1; 1848.3, 1273.1; 1844.79, 1244.79; 1844.79, 1244.79; 1811.48, 1354.18; 1811.48, 1354.18; 1699.69, 1386.84; 1699.69, 1386.84; 1825.9, 1335.41; 1825.9, 1335.41; 1733.85, 1421.51; 1733.85, 1421.51; 1785.2, 1252.26; 1785.2, 1252.26; 1788.56, 1198.87; 1788.56, 1198.87; 1788.56, 1198.87; 1788.56, 1198.87; 1776.2, 1323.57; 1776.2, 1323.57; 1710.49, 1297.67; 1710.49, 1297.67; 1691.82, 1173.69; 1691.82, 1173.69; 1691.82, 1173.69; 1691.82, 1173.69; 1751.33, 1274.7; 1698.9, 1331.57; 1698.9, 1331.57; 1735.07, 1298.82; 1735.07, 1298.82; 1702.55, 1331.18; 1702.55, 1331.18; 1750.21, 1310.13; 1750.21, 1310.13; 1395.63, 1149.38; 1395.63, 1149.38; 1370.53, 1268.11; 1370.53, 1268.11; 1393.01, 1309.41; 1393.01, 1309.41; 1585.28, 1466.37; 1585.28, 1466.37; 1373.09, 1312.95; 1373.09, 1312.95; 1531.8, 1487.88; 1531.8, 1487.88; 1363.65, 1317.8; 1363.65, 1317.8; 1602.75, 1485.02; 1602.75, 1485.02; 1610.91, 1478.33; 1610.91, 1478.33; 1697.4, 1411.21; 1697.4, 1411.21; 1697.9, 1377.55; 1697.9, 1377.55; 1561.1, 1496.44; 1561.1, 1496.44; 1484.04, 1482.62; 1484.04, 1482.62; 1563.89, 1500.05; 1563.89, 1500.05; 1491.02, 1486.02; 1491.02, 1486.02; 1538.68, 1510.14; 1538.68, 1510.14; 1567.99, 1374.51; 1567.99, 1374.51; 1572.87, 1513.49; 1572.87, 1513.49; 1581.03, 1385.43; 1581.03, 1385.43; 1724.64, 1536.43; 1724.64, 1536.43; 1567.41, 1473.45; 1567.41, 1473.45; 1679.1, 1541.04; 1679.1, 1541.04; 1667.28, 1546.47; 1667.28, 1546.47; 1628.24, 1586.58; 1628.24, 1586.58; 1630.88, 1583.76; 1630.88, 1583.76; 1578.41, 1708.42; 1578.41, 1708.42; 1785.65, 1460.93; 1785.65, 1460.93; 1737.95, 1468.15; 1737.95, 1468.15; 1779.75, 1504.65; 1779.75, 1504.65; 1760.61, 1466.6; 1760.61, 1466.6; 1765.94, 1538.88; 1765.94, 1538.88; 1684.86, 1447.22; 1684.86, 1447.22; 1759.97, 1469.13; 1759.97, 1469.13; 1609.73, 1500.31; 1609.73, 1500.31; 1682.78, 1449.09; 1682.78, 1449.09; 1575.98, 1510.85; 1575.98, 1510.85; 1363.92, 1586.6; 1236.85, 1420.5; 1236.85, 1420.5; 1381.8, 1580.79; 1381.8, 1580.79; 1237.29, 1417.71; 1237.29, 1417.71; 1438.25, 1596.93; 1438.25, 1596.93; 1223.91, 1549.46; 1223.91, 1549.46; 1427.55, 1643.91; 1427.55, 1643.91; 1416.71, 1663.7; 1416.71, 1663.7; 1375.24, 1568.26; 1375.24, 1568.26; 1415, 1665.55; 1415, 1665.55; 1235.03, 1448.37; 1235.03, 1448.37; 1228.54, 1474.59; 1228.54, 1474.59; 1635.46, 1643.24; 1635.46, 1643.24; 1614.73, 1713.12; 1614.73, 1713.12; 1605.07, 1642.73; 1605.07, 1642.73; 1591.05, 1712.48; 1591.05, 1712.48; 1568.17, 1517.3; 1568.17, 1517.3; 1581.73, 1540.8; 1581.73, 1540.8; 1498.48, 1146.73; 1498.48, 1146.73; 1672.97, 1306.73; 1672.97, 1306.73; 1784.45, 1336.25; 1784.45, 1336.25; 1848.8, 1261.58; 1848.8, 1261.58; 1796.19, 1331.52; 1796.19, 1331.52; 1853.41, 1284.92; 1853.41, 1284.92; 1805.8, 1321.87; 1805.8, 1321.87; 1844.44, 1288.23; 1844.44, 1288.23; 1233, 1355.26; 1233, 1355.26; 1488.11, 1245.79; 1488.11, 1245.79; 1168.45, 1393.97; 1168.45, 1393.97; 1253.25, 1358.02; 1253.25, 1358.02; 1248.24, 1342.82; 1248.24, 1342.82; 1147.01, 1395.35; 1147.01, 1395.35; 1147.01, 1395.35; 1147.01, 1395.35; 1246.86, 1344.32; 1246.86, 1344.32; 1246.91, 1344.32; 1246.91, 1344.32; 1197.72, 1342.9; 1197.72, 1342.9; 1199.95, 1296.94; 1199.95, 1296.94; 1177.3, 1351.27; 1177.3, 1351.27; 1208.3, 1311.75; 1208.3, 1311.75; 1237.99, 1285.92; 1237.99, 1285.92; 1384.72, 1173.61; 1384.72, 1173.61; 1228.91, 1273.06; 1228.91, 1273.06; 1210.88, 1305.3; 1210.88, 1305.3; 1260.28, 1254.04; 1260.28, 1254.04; 1240.25, 1302.17; 1240.25, 1302.17; 1369.68, 1209.16; 1369.68, 1209.16; 1382.34, 1223.81; 1382.34, 1223.81; 1446.79, 1176.88; 1446.79, 1176.88; 1255.48, 1242.72; 1255.48, 1242.72; 1223.83, 1296.24; 1223.83, 1296.24; 1245.79, 1234.4; 1245.79, 1234.4; 937.495, 1231.73; 937.495, 1231.73; 941.981, 1233.66; 941.981, 1233.66; 976.928, 1270.42; 976.928, 1270.42; 967.178, 1263.28; 967.178, 1263.28; 1147.23, 1375.37; 1147.23, 1375.37; 999.993, 1366.23; 999.993, 1366.23; 1112.47, 1364.39; 1112.47, 1364.39; 945.096, 1255.29; 945.096, 1255.29; 1150.68, 1260.43; 1150.68, 1260.43; 974.288, 1277.48; 974.288, 1277.48; 1113.87, 1275.06; 1113.87, 1275.06; 981.252, 1297.09; 981.252, 1297.09; 1066.67, 1296.79; 1066.67, 1296.79; 1232.86, 1360.98; 1232.86, 1360.98; 1293.11, 1356.4; 1293.11, 1356.4; 973.492, 1263.25; 973.492, 1263.25; 1004.23, 1365.27; 1004.23, 1365.27; 591.504, 906.552; 591.504, 906.552; 579.601, 941.133; 579.601, 941.133; 510.406, 950.847; 510.406, 950.847; 717.705, 986.495; 717.705, 986.495; 512.552, 950.55; 512.552, 950.55; 530.169, 937.638; 530.169, 937.638; 615.069, 1006.54; 615.069, 1006.54; 618.775, 1017.69; 618.775, 1017.69; 659.353, 1080.76; 659.353, 1080.76; 659.353, 1080.76; 659.353, 1080.76; 748.257, 924.63; 748.257, 924.63; 752.718, 921.045; 752.718, 921.045; 771.227, 956.587; 771.227, 956.587; 793.527, 933.225; 793.527, 933.225; 793.528, 933.226; 793.528, 933.226; 792.837, 965.993; 792.837, 965.993; 726.543, 985.738; 726.543, 985.738; 783.588, 1055.89; 783.588, 1055.89; 783.589, 1055.89; 783.589, 1055.89; 793.873, 965.639; 793.873, 965.639; 788.875, 984.86; 788.875, 984.86; 861.035, 1090.2; 861.035, 1090.2; 565.107, 957.944; 565.107, 957.944; 403.765, 1441.67; 403.765, 1441.67; 570.523, 969.645; 570.523, 969.645; 409.161, 1442.66; 409.161, 1442.66; 545.414, 1012.99; 545.414, 1012.99; 464.107, 1238.53; 464.107, 1238.53; 492.59, 1103.08; 492.59, 1103.08; 470.528, 1234.38; 470.528, 1234.38; 631.39, 1091.76; 631.39, 1091.76; 627.695, 1103.61; 627.695, 1103.61; 807.756, 970.778; 807.756, 970.778; 930.261, 1442.6; 930.261, 1442.6; 811.252, 969.54; 811.252, 969.54; 852.51, 1064.69; 852.51, 1064.69; 918.756, 1311.64; 918.756, 1311.64; 508.2, 1437.05; 508.2, 1437.05; 421.562, 1335.82; 421.562, 1335.82; 472.901, 1436.18; 472.901, 1436.18; 405.102, 1426.51; 405.102, 1426.51; 951.736, 1439.12; 951.736, 1439.12; 446.862, 1446.89; 446.862, 1446.89; 477.361, 1481.11; 477.361, 1481.11; 525.007, 1482.78; 525.007, 1482.78; 451.824, 1483.76; 451.824, 1483.76; 451.824, 1483.76; 451.824, 1483.76; 468.75, 1500; 468.75, 1500; 467.21, 1498.32; 467.21, 1498.32; 441.006, 1533.89; 441.006, 1533.89; 526.018, 1546.57; 526.018, 1546.57; 557.276, 1547.35; 557.276, 1547.35; 687.477, 1540.46; 687.477, 1540.46; 698.275, 1489.58; 698.275, 1489.58; 685.359, 1538.71; 685.359, 1538.71; 679.604, 1515.94; 679.604, 1515.94; 766.159, 1488.01; 766.159, 1488.01;