boundaryCurve{1} = [167.893, 127.621; 168.092, 129.613; 168.292, 131.605; 168.501, 133.595; 168.717, 135.585; 168.943, 137.574; 169.193, 139.56; 169.442, 141.546; 169.667, 143.535; 169.893, 145.524; 170.102, 147.515; 170.303, 149.507; 170.499, 151.499; 170.686, 153.492; 170.873, 155.485; 171.042, 157.479; 171.211, 159.474; 171.365, 161.469; 171.512, 163.466; 171.65, 165.463; 171.771, 167.461; 171.891, 169.459; 171.979, 171.459; 172.067, 173.458; 172.131, 175.459; 172.183, 177.46; 172.225, 179.461; 172.244, 181.463; 172.264, 183.464; 172.267, 185.466; 172.271, 187.468; 172.272, 189.469; 172.272, 191.471; 172.272, 193.473; 172.272, 195.475; 172.272, 197.476; 172.272, 199.478; 172.272, 201.48; 172.272, 203.481; 172.272, 205.483; 172.272, 207.485; 172.272, 209.487; 172.272, 211.488; 172.272, 213.49; 172.272, 215.492; 172.272, 217.493; 172.272, 219.495; 172.272, 221.497; 172.272, 223.498; 172.272, 225.5; 172.272, 227.502; 172.272, 229.504; 172.272, 231.505; 172.272, 233.507; 172.272, 235.509; 172.272, 237.51; 172.272, 239.512; 172.272, 241.514; 172.272, 243.516; 172.272, 245.517; 172.272, 247.519; 172.272, 249.521; 172.272, 251.522; 172.272, 253.524; 172.272, 255.526; 172.272, 257.527; 172.272, 259.529; 172.272, 261.531; 172.272, 263.533; 172.272, 265.534; 172.272, 267.536; ];
boundaryCurve{2} = [168.291, 130.427; 168.361, 132.429; 168.43, 134.432; 168.535, 136.432; 168.649, 138.433; 168.796, 140.431; 168.967, 142.427; 169.158, 144.421; 169.381, 146.412; 169.609, 148.403; 169.856, 150.391; 170.103, 152.379; 170.358, 154.366; 170.612, 156.354; 170.859, 158.342; 171.105, 160.33; 171.335, 162.32; 171.555, 164.312; 171.759, 166.305; 171.938, 168.3; 172.109, 170.296; 172.251, 172.295; 172.392, 174.294; 172.525, 176.293; 172.658, 178.292; 172.796, 180.291; 172.935, 182.289; 173.076, 184.288; 173.219, 186.286; 173.36, 188.285; 173.5, 190.283; 173.638, 192.282; 173.77, 194.281; 173.902, 196.28; 174.019, 198.281; 174.137, 200.281; 174.239, 202.282; 174.337, 204.283; 174.42, 206.284; 174.493, 208.287; 174.554, 210.289; 174.596, 212.292; 174.631, 214.295; 174.637, 216.299; 174.643, 218.302; 174.614, 220.306; 174.586, 222.309; 174.534, 224.312; 174.476, 226.315; 174.403, 228.317; 174.32, 230.319; 174.228, 232.32; 174.124, 234.321; 174.016, 236.321; 173.894, 238.321; 173.772, 240.321; 173.636, 242.32; 173.499, 244.319; 173.355, 246.317; 173.209, 248.315; 173.032, 250.311; 172.834, 252.305; 172.64, 254.299; 172.452, 256.293; 172.262, 258.288; 172.068, 260.282; 171.874, 262.276; ];
boundaryCurve{3} = [169.884, 126.569; 170.169, 128.562; 170.342, 130.568; 170.366, 132.58; 170.255, 134.591; 170.064, 136.595; 169.901, 138.602; 169.794, 140.613; 169.722, 142.625; 169.657, 144.637; 169.578, 146.65; 169.486, 148.661; ];
boundaryCurve{4} = [163.515, 108.317; 165.381, 109.356; 167.179, 110.509; 168.863, 111.822; 170.371, 113.333; 171.643, 115.044; 172.551, 116.972; 172.968, 119.061; 172.9, 121.191; 172.504, 123.288; 171.907, 125.339; 171.192, 127.352; 170.44, 129.351; 169.729, 131.366; 169.087, 133.403; ];
boundaryCurve{5} = [164.709, 109.093; 165.945, 110.776; 167.261, 112.397; 168.567, 114.026; 169.624, 115.807; 170.078, 117.841; 170.197, 119.924; 170.091, 122.009; 169.762, 124.07; 169.261, 126.097; 168.888, 128.151; 168.73, 130.232; 168.665, 132.32; 168.546, 134.405; 168.407, 136.489; 168.291, 138.574; ];
boundaryCurve{6} = [157.359, 106.103; 157.723, 106.314; 158.088, 106.526; 158.455, 106.735; 158.821, 106.944; 159.189, 107.152; 159.246, 107.185; 159.557, 107.361; 159.926, 107.567; 160.296, 107.774; 160.669, 107.977; 161.042, 108.181; 161.15, 108.238; 161.418, 108.381; 161.794, 108.581; 162.173, 108.779; 162.552, 108.976; 162.933, 109.171; 163.078, 109.245; 163.314, 109.366; 163.698, 109.558; 164.082, 109.75; 164.477, 109.928; 164.876, 110.104; 165.043, 110.177; 165.274, 110.279; 165.673, 110.454; 166.098, 110.589; 166.531, 110.71; 166.985, 110.781; 167.116, 110.801; 167.439, 110.851; 167.898, 110.899; 168.358, 110.942; 168.819, 110.985; 169.279, 111.028; ];
boundaryCurve{7} = [168.605, 135.022; 170.59, 134.462; 172.588, 133.949; 174.603, 133.508; 176.621, 133.084; 178.635, 132.635; 180.646, 132.176; 182.657, 131.717; 184.67, 131.267; 186.687, 130.835; 188.708, 130.422; 190.731, 130.022; 192.755, 129.626; 194.78, 129.233; 196.806, 128.842; 198.831, 128.453; 200.857, 128.066; 202.884, 127.681; 204.911, 127.297; 206.938, 126.916; 208.965, 126.536; 210.993, 126.159; 213.021, 125.783; 215.05, 125.408; 217.078, 125.034; 219.107, 124.661; 221.136, 124.289; 223.165, 123.919; ];
boundaryCurve{8} = [167.739, 136.222; 169.69, 135.703; 171.641, 135.184; 173.592, 134.664; 175.543, 134.143; 177.494, 133.622; 179.444, 133.1; 181.395, 132.579; 183.346, 132.06; 185.297, 131.541; 187.249, 131.026; 189.202, 130.511; 191.155, 130.002; 193.11, 129.495; 195.066, 128.994; 197.023, 128.497; 198.981, 128.005; 200.941, 127.521; 202.902, 127.04; 204.866, 126.57; 206.83, 126.103; 208.797, 125.649; 210.765, 125.197; 212.735, 124.756; 214.706, 124.318; 216.679, 123.888; 218.652, 123.462; 220.627, 123.042; 222.603, 122.627; 224.58, 122.215; 226.557, 121.808; 228.535, 121.403; 230.514, 121.003; 232.494, 120.603; 234.473, 120.208; 236.453, 119.812; 238.434, 119.419; 240.414, 119.027; 242.395, 118.635; 244.376, 118.243; 246.356, 117.85; 248.336, 117.456; 250.317, 117.062; 252.296, 116.665; 254.276, 116.268; 256.254, 115.865; 258.233, 115.462; 260.21, 115.054; 262.187, 114.643; 264.163, 114.227; 266.137, 113.806; 268.111, 113.38; 270.083, 112.946; 272.054, 112.509; 274.024, 112.066; 275.993, 111.621; ];
boundaryCurve{9} = [211.906, 124.52; 213.909, 124.425; 215.91, 124.303; 217.908, 124.14; 219.899, 123.908; 221.886, 123.64; 223.861, 123.296; 225.831, 122.925; 227.798, 122.532; 229.758, 122.111; 231.717, 121.685; 233.676, 121.256; 235.633, 120.822; 237.589, 120.383; 239.543, 119.932; 241.495, 119.473; 243.445, 119.007; 245.392, 118.53; 247.338, 118.046; 249.282, 117.556; 251.224, 117.057; 253.165, 116.553; 255.104, 116.043; 257.041, 115.526; 258.977, 115.006; 260.912, 114.48; 262.843, 113.94; 264.77, 113.389; 266.69, 112.809; 268.604, 112.212; 270.512, 111.598; 272.409, 110.949; 274.297, 110.273; 276.17, 109.559; 278.043, 108.844; 279.908, 108.107; 281.753, 107.322; 283.581, 106.499; 285.397, 105.65; 287.195, 104.763; 288.958, 103.81; 290.681, 102.787; 292.331, 101.649; 293.773, 100.261; 295.011, 98.6989; 296.015, 96.9693; 296.777, 95.115; ];
boundaryCurve{10} = [224.031, 108.317; 224.196, 108.528; 224.36, 108.739; 224.519, 108.953; 224.678, 109.166; 224.831, 109.382; 224.984, 109.598; 225.129, 109.817; 225.274, 110.036; 225.411, 110.257; 225.527, 110.445; 225.548, 110.479; 225.677, 110.703; 225.805, 110.928; 225.924, 111.155; 226.043, 111.382; 226.144, 111.614; 226.244, 111.846; 226.307, 112.085; 226.368, 112.324; 226.419, 112.565; 226.468, 112.805; 226.476, 112.847; 226.513, 113.047; 226.557, 113.288; 226.511, 113.528; 226.449, 113.768; 226.344, 113.999; 226.234, 114.228; 226.051, 114.432; 225.865, 114.633; 225.33, 114.918; ];
boundaryCurve{11} = [227.924, 113.839; 226.078, 114.695; 224.193, 115.46; 222.266, 116.114; 220.308, 116.667; 218.33, 117.146; 216.339, 117.564; 214.338, 117.933; 212.33, 118.265; 210.318, 118.572; 208.306, 118.874; 206.293, 119.17; 204.282, 119.481; 202.274, 119.815; 200.27, 120.167; ];
boundaryCurve{12} = [224.587, 114.893; 222.57, 115.388; 220.543, 115.838; 218.502, 116.22; 216.452, 116.554; 214.399, 116.866; 212.345, 117.177; 210.293, 117.493; 208.239, 117.803; 206.182, 118.086; 204.119, 118.331; 202.054, 118.545; 199.986, 118.737; 197.916, 118.907; 195.845, 119.069; 193.775, 119.238; 191.707, 119.424; 189.638, 119.602; 187.565, 119.726; 185.49, 119.816; ];
