boundaryCurve{1} = [155.9, 170; 156.036, 171.997; 156.172, 173.993; 156.308, 175.99; 156.445, 177.987; 156.607, 179.982; 156.789, 181.975; 156.952, 183.969; 157.089, 185.966; 157.225, 187.963; 157.361, 189.959; 157.497, 191.956; 157.633, 193.953; 157.769, 195.95; 157.905, 197.946; 158.042, 199.943; 158.152, 201.941; 158.243, 203.941; 158.334, 205.94; 158.425, 207.939; 158.508, 209.939; 158.553, 211.94; 158.599, 213.941; 158.644, 215.941; 158.69, 217.942; 158.7, 219.944; 158.7, 221.945; 158.7, 223.946; 158.7, 225.948; 158.7, 227.949; 158.7, 229.95; 158.7, 231.952; 158.7, 233.953; 158.7, 235.955; 158.7, 237.956; 158.7, 239.957; 158.7, 241.959; 158.7, 243.96; 158.7, 245.961; 158.7, 247.963; 158.7, 249.964; 158.7, 251.966; 158.7, 253.967; 158.7, 255.968; 158.7, 257.97; 158.7, 259.971; 158.7, 261.972; 158.7, 263.974; 158.7, 265.975; 158.7, 267.977; 158.7, 269.978; 158.7, 271.979; 158.7, 273.981; 158.7, 275.982; 158.7, 277.983; 158.7, 279.985; 158.7, 281.986; 158.7, 283.988; 158.7, 285.989; 158.7, 287.99; 158.7, 289.992; 158.7, 291.993; 158.7, 293.994; 158.7, 295.996; 158.7, 297.997; 158.7, 299.999; 158.7, 302; ];
boundaryCurve{2} = [156.2, 172.6; 156.248, 174.63; 156.297, 176.66; 156.39, 178.688; 156.486, 180.716; 156.583, 182.744; 156.68, 184.772; 156.814, 186.798; 156.959, 188.824; 157.141, 190.846; 157.338, 192.867; 157.535, 194.888; 157.733, 196.908; 157.93, 198.929; 158.127, 200.95; 158.291, 202.974; 158.436, 204.999; 158.58, 207.024; 158.725, 209.05; 158.846, 211.076; 158.943, 213.104; 159.04, 215.133; 159.136, 217.161; 159.233, 219.189; 159.329, 221.217; 159.426, 223.245; 159.523, 225.273; 159.619, 227.302; 159.716, 229.33; 159.812, 231.358; 159.909, 233.386; 160.005, 235.414; 160.102, 237.442; 160.199, 239.47; 160.248, 241.5; 160.296, 243.53; 160.344, 245.56; 160.393, 247.59; 160.441, 249.62; 160.489, 251.65; 160.5, 253.68; 160.5, 255.71; 160.5, 257.741; 160.5, 259.771; 160.469, 261.801; 160.421, 263.831; 160.372, 265.861; 160.324, 267.891; 160.276, 269.921; 160.227, 271.951; 160.158, 273.98; 160.062, 276.008; 159.965, 278.036; 159.868, 280.064; 159.772, 282.093; 159.675, 284.121; 159.568, 286.148; 159.423, 288.174; 159.279, 290.199; 159.134, 292.224; 158.989, 294.249; 158.845, 296.275; 158.7, 298.3; ];
boundaryCurve{3} = [157.2, 169; 157.497, 171.082; 157.6, 171.8; 157.6, 172.5; 157.6, 173.177; 157.6, 173.2; 157.6, 173.9; 157.6, 174.6; 157.6, 175.28; 157.6, 175.3; 157.6, 176; 157.6, 176.7; 157.6, 177.383; 157.6, 177.4; 157.6, 178.1; 157.6, 178.8; 157.6, 179.486; 157.6, 179.5; 157.6, 180.2; 157.6, 180.9; 157.6, 181.589; 157.6, 181.6; 157.6, 182.3; 157.6, 183; 157.6, 183.691; 157.6, 183.7; 157.6, 184.4; 157.6, 185.1; 157.6, 185.794; 157.6, 185.8; 157.6, 186.5; 157.6, 187.2; 157.6, 187.897; 157.6, 187.9; 157.6, 188.6; 157.6, 190; ];
boundaryCurve{4} = [153.1, 141.4; 154.478, 143.008; 155.781, 144.675; 156.87, 146.487; 157.711, 148.427; 158.44, 150.412; 158.966, 152.462; 159.222, 154.562; 159.3, 156.676; 159.126, 158.786; 158.937, 160.895; 158.594, 162.984; 158.215, 165.067; 157.836, 167.15; 157.458, 169.233; 157.079, 171.317; 156.7, 173.4; ];
boundaryCurve{5} = [153.9, 142.4; 154.559, 144.312; 155.282, 146.2; 156.116, 148.043; 156.784, 149.952; 157.126, 151.94; 157.281, 153.957; 157.3, 155.979; 157.3, 158.002; 157.152, 160.019; 156.994, 162.036; 156.687, 164.035; 156.489, 166.047; 156.334, 168.064; 156.3, 170.086; 156.3, 172.109; 156.3, 174.131; 156.3, 176.154; 156.3, 178.177; 156.3, 180.2; ];
boundaryCurve{6} = [149.1, 138.6; 149.3, 138.9; 149.5, 139.2; 149.7, 139.5; 149.9, 139.8; 150.1, 140.1; 150.27, 140.356; 150.3, 140.4; 150.5, 140.7; 150.7, 141; 150.9, 141.3; 151.1, 141.6; 151.3, 141.9; 151.441, 142.111; 151.5, 142.2; 151.7, 142.5; 151.9, 142.8; 152.1, 143.1; 152.3, 143.4; 152.6, 143.6; 152.767, 143.711; 152.9, 143.8; 153.2, 144; 153.5, 144.2; 153.8, 144.4; 154.1, 144.6; 154.4, 144.8; 154.523, 144.882; 154.7, 145; 155, 145.1; 155.3, 145.2; 155.6, 145.3; 155.9, 145.4; 156.2, 145.5; 156.5, 145.6; ];
boundaryCurve{7} = [156.4, 175.7; 158.193, 174.753; 160.05, 173.938; 161.922, 173.158; 163.794, 172.377; 165.667, 171.597; 167.539, 170.817; 169.411, 170.037; 171.283, 169.257; 173.156, 168.477; 175.028, 167.697; 176.906, 166.931; 178.83, 166.29; 180.754, 165.649; 182.679, 165.007; 184.603, 164.366; 186.527, 163.724; 188.451, 163.083; 190.376, 162.441; 192.3, 161.8; ];
boundaryCurve{8} = [155.8, 177.3; 157.609, 176.356; 159.418, 175.412; 161.227, 174.468; 163.036, 173.525; 164.845, 172.581; 166.654, 171.637; 168.464, 170.693; 170.273, 169.749; 172.082, 168.805; 173.891, 167.861; 175.7, 166.917; 177.527, 166.009; 179.367, 165.129; 181.208, 164.248; 183.049, 163.368; 184.924, 162.565; 186.808, 161.78; 188.691, 160.995; 190.575, 160.21; 192.459, 159.426; 194.342, 158.641; 196.237, 157.886; 198.148, 157.169; 200.059, 156.453; 201.969, 155.737; 203.88, 155.02; 205.79, 154.304; 207.701, 153.587; 209.612, 152.871; 211.522, 152.154; 213.415, 151.394; 215.299, 150.609; 217.182, 149.824; 219.066, 149.039; 220.949, 148.254; 222.833, 147.47; 224.716, 146.685; 226.6, 145.9; ];
boundaryCurve{9} = [184.6, 162.2; 186.592, 162.01; 188.573, 161.732; 190.524, 161.29; 192.431, 160.69; 194.301, 159.98; 196.138, 159.188; 197.963, 158.367; 199.787, 157.546; 201.612, 156.725; 203.437, 155.904; 205.256, 155.072; 207.046, 154.177; 208.835, 153.282; 210.625, 152.388; 212.415, 151.493; 214.204, 150.598; 215.974, 149.665; 217.727, 148.7; 219.47, 147.718; 221.183, 146.685; 222.875, 145.616; 224.526, 144.487; 226.144, 143.31; 227.755, 142.123; 229.331, 140.891; 230.855, 139.596; 232.346, 138.262; 233.801, 136.888; 235.186, 135.444; 236.428, 133.881; 237.491, 132.194; 238.357, 130.39; 238.982, 128.49; 239.495, 126.559; 239.9, 124.6; ];
boundaryCurve{10} = [192.5, 141.4; 192.6, 141.7; 192.7, 142; 192.8, 142.3; 192.9, 142.6; 193, 142.9; 193.1, 143.2; 193.2, 143.5; 193.229, 143.588; 193.3, 143.8; 193.4, 144.1; 193.5, 144.4; 193.6, 144.7; 193.7, 145; 193.8, 145.3; 193.9, 145.6; 193.959, 145.776; 194, 145.9; 194.1, 146.2; 194.1, 146.5; 194.1, 146.8; 194.1, 147.1; 194.1, 147.4; 194.1, 147.7; 194.1, 148; 194.1, 148.059; 194.1, 148.3; 194.1, 148.6; 194, 148.9; 193.9, 149.2; 193.8, 149.5; 193.7, 149.8; 193.4, 150.2; ];
boundaryCurve{11} = [195, 148.5; 193.5, 150; 193.44, 150.04; 191.614, 151.257; 190.5, 151.9; 189.9, 152.2; 189.691, 152.305; 189.3, 152.5; 188.7, 152.8; 188.1, 153.1; 187.706, 153.231; 187.5, 153.3; 186.9, 153.5; 186.3, 153.7; 185.7, 153.9; 185.625, 153.925; 185.1, 154.1; 184.5, 154.3; 183.9, 154.5; 183.544, 154.619; 183.3, 154.7; 182.7, 154.9; 182.1, 155.1; 181.5, 155.3; 181.462, 155.313; 180.9, 155.5; 180.3, 155.7; 179.7, 155.9; 179.381, 156.006; 179.1, 156.1; 178.5, 156.3; 177.3, 156.7; ];
boundaryCurve{12} = [192.9, 149.9; 191.068, 150.816; 189.177, 151.596; 187.259, 152.315; 185.342, 153.034; 183.424, 153.754; 181.44, 154.258; 179.44, 154.702; 177.441, 155.146; 175.41, 155.399; 173.374, 155.625; 171.363, 155.997; 169.336, 156.274; 167.3, 156.5; ];
boundaryCurve{13} = [182.9, 153.5; 180.959, 154.363; 178.973, 155.109; 176.917, 155.63; 174.828, 155.997; 172.717, 156.231; 170.607, 156.466; 168.496, 156.7; 166.385, 156.935; 164.27, 157.1; 162.146, 157.1; 160.023, 157.1; 157.921, 157.351; 155.9, 158; ];
boundaryCurve{14} = [199.6, 125.2; 200.057, 127.258; 200.295, 129.356; 200.371, 131.46; 199.979, 133.516; 199.3, 135.1; 198.997, 135.342; 198.8, 135.5; 198.3, 135.9; 197.8, 136.3; 197.348, 136.661; 197.3, 136.7; 196.8, 137.1; 196.3, 137.5; 195.8, 137.9; 195.7, 137.98; 195.3, 138.3; 194.8, 138.8; 194.315, 139.548; 193.365, 141.427; 193.048, 143.49; 193.9, 145.4; ];
boundaryCurve{15} = [199.3, 123.3; 199.903, 125.309; 200.504, 127.318; 200.799, 129.391; 200.9, 131.483; 200.35, 133.488; 199.179, 135.221; 197.468, 136.404; 195.663, 137.469; 194.24, 138.977; 193.729, 140.986; 194.21, 142.997; 195.21, 144.839; 195.882, 146.809; 195.3, 148.8; ];
