boundaryCurve{1} = [168, 182.1; 168.434, 184.053; 168.868, 186.006; 169.331, 187.952; 169.806, 189.896; 170.311, 191.831; 170.866, 193.753; 171.42, 195.675; 171.936, 197.608; 172.451, 199.541; 172.909, 201.489; 173.343, 203.442; 173.777, 205.395; 174.211, 207.348; 174.64, 209.301; 175.033, 211.263; 175.425, 213.225; 175.783, 215.193; 176.133, 217.163; 176.439, 219.14; 176.703, 221.123; 176.956, 223.107; 177.177, 225.095; 177.398, 227.084; 177.532, 229.08; 177.665, 231.076; 177.733, 233.075; 177.777, 235.075; 177.8, 237.076; 177.8, 239.076; 177.8, 241.077; 177.8, 243.077; 177.8, 245.078; 177.8, 247.079; 177.8, 249.079; 177.8, 251.08; 177.8, 253.081; 177.8, 255.081; 177.8, 257.082; 177.8, 259.082; 177.8, 261.083; 177.8, 263.084; 177.8, 265.084; 177.8, 267.085; 177.8, 269.085; 177.8, 271.086; 177.8, 273.087; 177.8, 275.087; 177.8, 277.088; 177.8, 279.088; 177.8, 281.089; 177.8, 283.09; 177.8, 285.09; 177.8, 287.091; 177.8, 289.091; 177.8, 291.092; 177.8, 293.093; 177.8, 295.093; 177.8, 297.094; 177.8, 299.095; 177.8, 301.095; 177.8, 303.096; 177.8, 305.096; 177.8, 307.097; 177.8, 309.098; 177.8, 311.098; 177.8, 313.099; 177.8, 315.099; 177.8, 317.1; ];
boundaryCurve{2} = [168.9, 184.8; 169.039, 186.797; 169.179, 188.794; 169.434, 190.779; 169.711, 192.762; 170.048, 194.735; 170.415, 196.703; 170.85, 198.656; 171.358, 200.593; 171.879, 202.526; 172.429, 204.451; 172.979, 206.376; 173.529, 208.301; 174.079, 210.226; 174.629, 212.151; 175.179, 214.076; 175.695, 216.01; 176.203, 217.947; 176.651, 219.897; 177.061, 221.857; 177.434, 223.823; 177.756, 225.799; 178.067, 227.777; 178.343, 229.76; 178.623, 231.742; 178.945, 233.718; 179.266, 235.694; 179.588, 237.67; 179.91, 239.646; 180.232, 241.622; 180.553, 243.598; 180.85, 245.578; 181.127, 247.561; 181.404, 249.544; 181.68, 251.526; 181.948, 253.51; 182.179, 255.499; 182.408, 257.488; 182.594, 259.481; 182.779, 261.475; 182.883, 263.474; 182.976, 265.474; 183, 267.475; 183, 269.477; 182.973, 271.479; 182.926, 273.481; 182.839, 275.48; 182.699, 277.477; 182.547, 279.473; 182.361, 281.467; 182.17, 283.46; 181.939, 285.448; 181.707, 287.437; 181.432, 289.42; 181.155, 291.403; 180.843, 293.38; 180.521, 295.356; 180.199, 297.332; 179.878, 299.308; 179.492, 301.272; 179.029, 303.219; 178.578, 305.17; 178.158, 307.127; 177.739, 309.085; 177.319, 311.042; 176.9, 313; ];
boundaryCurve{3} = [170.4, 181.1; 170.698, 183.187; 170.9, 184.6; 170.9, 185.281; 170.9, 185.3; 170.9, 186; 170.9, 186.7; 170.9, 187.389; 170.9, 187.4; 170.9, 188.1; 170.702, 189.483; 170.404, 191.57; 170.3, 192.3; 170.3, 193; 170.3, 193.671; 170.3, 193.7; 170.3, 194.4; 170.3, 195.1; 170.3, 195.779; 170.3, 195.8; 170.3, 196.5; 170.3, 197.2; 170.3, 197.887; 170.3, 197.9; 170.3, 198.6; 170.3, 199.3; 170.3, 199.995; 170.3, 200; 170.3, 200.7; 170.2, 202.1; ];
boundaryCurve{4} = [164, 152.9; 165.688, 154.082; 167.256, 155.417; 168.786, 156.796; 170.105, 158.378; 171.253, 160.088; 172.154, 161.939; 172.913, 163.853; 173.344, 165.867; 173.5, 167.919; 173.385, 169.975; 173.13, 172.018; 172.74, 174.04; 172.235, 176.038; 171.693, 178.027; 171.15, 180.015; 170.608, 182.003; 170.1, 184.001; 169.6, 186; ];
boundaryCurve{5} = [165.2, 153.9; 166.25, 155.7; 167.3, 157.5; 168.419, 159.259; 169.477, 161.053; 170.206, 162.991; 170.527, 165.048; 170.687, 167.126; 170.7, 169.209; 170.586, 171.288; 170.27, 173.348; 169.856, 175.389; 169.539, 177.449; 169.36, 179.525; 169.2, 181.603; 169.2, 183.687; 169.08, 185.766; 168.92, 187.844; 168.76, 189.922; 168.6, 192; ];
boundaryCurve{6} = [157.9, 150; 158.3, 150.3; 158.7, 150.6; 159.1, 150.9; 159.5, 151.2; 159.585, 151.264; 159.9, 151.5; 160.3, 151.8; 160.7, 152.1; 161.1, 152.4; 161.27, 152.527; 161.5, 152.7; 161.9, 153; 162.3, 153.3; 162.7, 153.6; 162.955, 153.791; 163.1, 153.9; 163.5, 154.2; 163.9, 154.5; 164.3, 154.8; 164.64, 155.055; 164.7, 155.1; 165.1, 155.4; 165.5, 155.6; 165.9, 155.8; 166.3, 156; 166.469, 156.084; 166.7, 156.2; 167.1, 156.4; 167.5, 156.6; 168, 156.7; 168.435, 156.787; 168.5, 156.8; 169, 156.9; 169.5, 157; 170, 157.1; 170.5, 157.2; ];
boundaryCurve{7} = [171.3, 186.7; 173.119, 185.82; 174.999, 185.079; 176.902, 184.399; 178.806, 183.719; 180.709, 183.04; 182.613, 182.36; 184.516, 181.68; 186.42, 181; 188.323, 180.32; 190.227, 179.64; 192.131, 178.961; 194.034, 178.281; 195.938, 177.601; 197.841, 176.921; 199.745, 176.241; 201.648, 175.561; 203.582, 174.976; 205.526, 174.421; 207.469, 173.866; 209.413, 173.311; 211.356, 172.755; 213.3, 172.2; ];
boundaryCurve{8} = [170.7, 188.3; 172.557, 187.475; 174.413, 186.65; 176.27, 185.824; 178.127, 184.999; 179.983, 184.174; 181.84, 183.349; 183.696, 182.524; 185.553, 181.699; 187.41, 180.873; 189.266, 180.048; 191.132, 179.243; 192.999, 178.443; 194.867, 177.643; 196.734, 176.842; 198.609, 176.061; 200.5, 175.318; 202.392, 174.575; 204.283, 173.832; 206.174, 173.089; 208.084, 172.398; 209.998, 171.715; 211.911, 171.032; 213.825, 170.348; 215.738, 169.665; 217.651, 168.982; 219.565, 168.298; 221.478, 167.615; 223.391, 166.932; 225.305, 166.248; 227.232, 165.604; 229.166, 164.982; 231.1, 164.361; 233.019, 163.693; 234.932, 163.01; 236.846, 162.327; 238.759, 161.643; 240.672, 160.96; 242.586, 160.276; 244.499, 159.593; 246.413, 158.91; 248.326, 158.226; 250.218, 157.486; 252.109, 156.743; 254, 156; ];
boundaryCurve{9} = [204.7, 172.9; 206.727, 172.738; 208.747, 172.514; 210.753, 172.189; 212.735, 171.744; 214.686, 171.171; 216.615, 170.528; 218.523, 169.829; 220.427, 169.115; 222.331, 168.401; 224.234, 167.687; 226.138, 166.973; 228.021, 166.208; 229.898, 165.426; 231.775, 164.644; 233.652, 163.862; 235.528, 163.08; 237.387, 162.256; 239.23, 161.399; 241.064, 160.521; 242.899, 159.644; 244.733, 158.767; 246.549, 157.853; 248.341, 156.894; 250.111, 155.894; 251.881, 154.893; 253.613, 153.828; 255.328, 152.737; 257.033, 151.631; 258.677, 150.435; 260.27, 149.172; 261.85, 147.893; 263.415, 146.596; 264.889, 145.195; 266.244, 143.682; 267.449, 142.052; 268.495, 140.309; 269.24, 138.417; 269.838, 136.48; 270.3, 134.5; ];
boundaryCurve{10} = [214.1, 150.9; 214.2, 151.2; 214.3, 151.5; 214.4, 151.8; 214.5, 152.1; 214.6, 152.4; 214.7, 152.7; 214.8, 153; 214.834, 153.103; 214.9, 153.3; 215, 153.6; 215.1, 153.9; 215.2, 154.2; 215.3, 154.5; 215.4, 154.8; 215.5, 155.1; 215.569, 155.307; 215.6, 155.4; 215.7, 155.7; 215.7, 156; 215.7, 156.3; 215.7, 156.6; 215.7, 156.9; 215.7, 157.2; 215.7, 157.5; 215.7, 157.608; 215.7, 157.8; 215.7, 158.1; 215.6, 158.4; 215.5, 158.7; 215.4, 159; 215.3, 159.3; 214.9, 159.7; ];
boundaryCurve{11} = [217.1, 158.5; 215.483, 159.798; 213.748, 160.93; 211.947, 161.959; 210.055, 162.805; 208.146, 163.615; 206.152, 164.185; 204.157, 164.755; 202.163, 165.325; 200.169, 165.895; 198.174, 166.465; 196.2, 167.1; ];
boundaryCurve{12} = [214.5, 159.9; 212.587, 160.665; 210.648, 161.356; 208.675, 161.948; 206.701, 162.54; 204.728, 163.132; 202.754, 163.724; 200.764, 164.247; 198.744, 164.651; 196.723, 165.055; 194.703, 165.459; 192.656, 165.684; 190.619, 165.976; 188.599, 166.38; 186.55, 166.595; 184.5, 166.8; ];
boundaryCurve{13} = [202.8, 163.8; 200.849, 164.546; 198.867, 165.2; 196.841, 165.702; 194.785, 166.075; 192.727, 166.425; 190.646, 166.614; 188.566, 166.803; 186.486, 166.992; 184.405, 167.181; 182.325, 167.37; 180.242, 167.5; 178.153, 167.5; 176.064, 167.5; 173.976, 167.529; 171.915, 167.85; 169.9, 168.4; ];
boundaryCurve{14} = [222.4, 133.7; 222.86, 135.769; 223.163, 137.864; 223.3, 139.976; 222.88, 142.04; 221.932, 143.936; 220.332, 145.279; 218.568, 146.454; 216.866, 147.712; 215.52, 149.331; 214.62, 151.239; 214.412, 153.305; 215.3, 155.2; ];
boundaryCurve{15} = [222.1, 131.6; 222.852, 133.569; 223.418, 135.6; 223.917, 137.646; 224.1, 139.742; 223.777, 141.809; 222.731, 143.625; 221.203, 145.048; 219.34, 146.03; 217.513, 147.074; 216.188, 148.679; 215.841, 150.724; 216.548, 152.687; 217.555, 154.538; 218.084, 156.559; 217.3, 158.5; ];
