boundaryCurve{1} = [167.749, 176.674; 167.948, 178.666; 168.148, 180.658; 168.357, 182.648; 168.573, 184.638; 168.799, 186.627; 169.049, 188.613; 169.298, 190.599; 169.523, 192.588; 169.749, 194.577; 169.958, 196.568; 170.159, 198.56; 170.355, 200.552; 170.542, 202.545; 170.729, 204.538; 170.898, 206.532; 171.067, 208.527; 171.221, 210.522; 171.368, 212.519; 171.506, 214.516; 171.627, 216.514; 171.747, 218.512; 171.835, 220.512; 171.923, 222.511; 171.987, 224.512; 172.039, 226.513; 172.081, 228.514; 172.1, 230.516; 172.12, 232.517; 172.123, 234.519; 172.127, 236.521; 172.128, 238.522; 172.128, 240.524; 172.128, 242.526; 172.128, 244.528; 172.128, 246.529; 172.128, 248.531; 172.128, 250.533; 172.128, 252.534; 172.128, 254.536; 172.128, 256.538; 172.128, 258.54; 172.128, 260.541; 172.128, 262.543; 172.128, 264.545; 172.128, 266.546; 172.128, 268.548; 172.128, 270.55; 172.128, 272.551; 172.128, 274.553; 172.128, 276.555; 172.128, 278.557; 172.128, 280.558; 172.128, 282.56; 172.128, 284.562; 172.128, 286.563; 172.128, 288.565; 172.128, 290.567; 172.128, 292.569; 172.128, 294.57; 172.128, 296.572; 172.128, 298.574; 172.128, 300.575; 172.128, 302.577; 172.128, 304.579; 172.128, 306.58; 172.128, 308.582; 172.128, 310.584; 172.128, 312.586; 172.128, 314.587; 172.128, 316.589; ];
boundaryCurve{2} = [168.147, 179.48; 168.217, 181.482; 168.286, 183.485; 168.391, 185.485; 168.505, 187.486; 168.652, 189.484; 168.823, 191.48; 169.014, 193.474; 169.237, 195.465; 169.465, 197.456; 169.712, 199.444; 169.959, 201.432; 170.214, 203.419; 170.468, 205.407; 170.715, 207.395; 170.961, 209.383; 171.191, 211.373; 171.411, 213.365; 171.615, 215.358; 171.794, 217.353; 171.965, 219.349; 172.107, 221.348; 172.248, 223.347; 172.381, 225.346; 172.514, 227.345; 172.652, 229.344; 172.791, 231.342; 172.932, 233.341; 173.075, 235.339; 173.216, 237.338; 173.356, 239.336; 173.494, 241.335; 173.626, 243.334; 173.758, 245.333; 173.875, 247.334; 173.993, 249.334; 174.095, 251.335; 174.193, 253.336; 174.276, 255.337; 174.349, 257.34; 174.41, 259.342; 174.452, 261.345; 174.487, 263.348; 174.493, 265.352; 174.499, 267.355; 174.47, 269.359; 174.442, 271.362; 174.39, 273.365; 174.332, 275.368; 174.259, 277.37; 174.176, 279.372; 174.084, 281.373; 173.98, 283.374; 173.872, 285.374; 173.75, 287.374; 173.628, 289.374; 173.492, 291.373; 173.355, 293.372; 173.211, 295.37; 173.065, 297.368; 172.888, 299.364; 172.69, 301.358; 172.496, 303.352; 172.308, 305.346; 172.118, 307.341; 171.924, 309.335; 171.73, 311.329; ];
boundaryCurve{3} = [169.74, 175.622; 170.025, 177.615; 170.198, 179.621; 170.222, 181.633; 170.111, 183.644; 169.92, 185.648; 169.757, 187.655; 169.65, 189.666; 169.578, 191.678; 169.513, 193.69; 169.434, 195.703; 169.342, 197.714; ];
boundaryCurve{4} = [163.371, 146.517; 165.054, 147.783; 166.663, 149.141; 168.15, 150.631; 169.492, 152.253; 170.654, 154.008; 171.601, 155.886; 172.317, 157.865; 172.715, 159.932; 172.85, 162.031; 172.739, 164.133; 172.47, 166.222; 172.063, 168.288; 171.577, 170.337; 171.035, 172.372; 170.47, 174.402; 169.92, 176.435; 169.415, 178.479; 168.943, 180.532; ];
boundaryCurve{5} = [164.565, 147.569; 165.548, 149.391; 166.566, 151.193; 167.667, 152.946; 168.693, 154.744; 169.474, 156.648; 169.859, 158.681; 170.023, 160.744; 170.055, 162.813; 169.961, 164.881; 169.757, 166.94; 169.42, 168.982; 169.049, 171.018; 168.781, 173.071; 168.627, 175.135; 168.56, 177.204; 168.517, 179.273; 168.428, 181.341; 168.321, 183.409; 168.231, 185.477; 168.147, 187.545; ];
boundaryCurve{6} = [157.215, 143.514; 157.579, 143.8; 157.944, 144.087; 158.311, 144.371; 158.677, 144.655; 159.045, 144.937; 159.413, 145.22; 159.782, 145.5; 160.152, 145.781; 160.525, 146.056; 160.898, 146.332; 161.274, 146.603; 161.65, 146.874; 162.029, 147.142; 162.408, 147.409; 162.789, 147.674; 163.17, 147.938; 163.554, 148.198; 163.938, 148.459; 164.333, 148.7; 164.732, 148.938; 165.13, 149.175; 165.529, 149.412; 165.954, 149.595; 166.387, 149.759; 166.842, 149.855; 167.295, 149.95; 167.754, 150.015; 168.214, 150.073; 168.675, 150.131; 169.135, 150.189; ];
boundaryCurve{7} = [168.461, 182.729; 170.349, 182.003; 172.256, 181.332; 174.192, 180.75; 176.139, 180.203; 178.076, 179.62; 180.008, 179.023; 181.94, 178.424; 183.874, 177.834; 185.814, 177.263; 187.76, 176.713; 189.712, 176.183; 191.666, 175.663; 193.621, 175.145; 195.577, 174.632; 197.534, 174.121; 199.491, 173.612; 201.449, 173.106; 203.408, 172.603; 205.367, 172.101; 207.327, 171.603; 209.287, 171.106; 211.248, 170.611; 213.209, 170.117; 215.171, 169.626; 217.133, 169.136; 219.095, 168.647; 221.058, 168.16; 223.021, 167.674; ];
boundaryCurve{8} = [167.595, 184.356; 169.499, 183.669; 171.402, 182.982; 173.306, 182.294; 175.209, 181.606; 177.112, 180.916; 179.014, 180.226; 180.917, 179.537; 182.821, 178.849; 184.724, 178.163; 186.63, 177.48; 188.535, 176.798; 190.443, 176.123; 192.351, 175.449; 194.263, 174.784; 196.175, 174.12; 198.091, 173.468; 200.007, 172.818; 201.928, 172.181; 203.851, 171.549; 205.777, 170.927; 207.706, 170.314; 209.637, 169.71; 211.572, 169.116; 213.509, 168.529; 215.448, 167.951; 217.389, 167.377; 219.333, 166.815; 221.278, 166.254; 223.225, 165.703; 225.173, 165.154; 227.123, 164.613; 229.074, 164.073; 231.026, 163.539; 232.979, 163.006; 234.932, 162.476; 236.886, 161.948; 238.84, 161.422; 240.795, 160.897; 242.749, 160.373; 244.704, 159.847; 246.658, 159.322; 248.612, 158.794; 250.566, 158.266; 252.519, 157.734; 254.471, 157.201; 256.422, 156.663; 258.372, 156.123; 260.321, 155.577; 262.269, 155.026; 264.215, 154.47; 266.158, 153.907; 268.101, 153.338; 270.04, 152.759; 271.978, 152.176; 273.914, 151.585; 275.849, 150.993; ];
boundaryCurve{9} = [211.762, 168.488; 213.783, 168.357; 215.8, 168.19; 217.813, 167.968; 219.812, 167.649; 221.803, 167.281; 223.774, 166.815; 225.735, 166.312; 227.69, 165.783; 229.634, 165.216; 231.576, 164.644; 233.518, 164.067; 235.457, 163.485; 237.395, 162.896; 239.327, 162.291; 241.256, 161.676; 243.184, 161.054; 245.105, 160.415; 247.024, 159.769; 248.941, 159.114; 250.853, 158.449; 252.764, 157.778; 254.671, 157.098; 256.576, 156.41; 258.479, 155.719; 260.379, 155.018; 262.275, 154.306; 264.164, 153.576; 266.04, 152.816; 267.911, 152.04; 269.767, 151.23; 271.61, 150.392; 273.445, 149.536; 275.244, 148.606; 277.043, 147.676; 278.841, 146.744; 280.604, 145.749; 282.351, 144.725; 284.072, 143.657; 285.77, 142.555; 287.453, 141.429; 289.071, 140.211; 290.634, 138.927; 292.113, 137.544; 293.363, 135.958; 294.489, 134.282; 295.349, 132.449; 296.045, 130.553; 296.633, 128.615; ];
boundaryCurve{10} = [223.887, 146.517; 224.052, 146.803; 224.216, 147.089; 224.375, 147.379; 224.534, 147.668; 224.687, 147.961; 224.84, 148.254; 224.985, 148.551; 225.057, 148.699; 225.13, 148.848; 225.267, 149.148; 225.404, 149.449; 225.533, 149.753; 225.661, 150.058; 225.78, 150.366; 225.899, 150.674; 225.999, 150.987; 226, 150.989; 226.1, 151.304; 226.163, 151.628; 226.224, 151.952; 226.275, 152.279; 226.324, 152.605; 226.369, 152.933; 226.413, 153.26; 226.39, 153.421; 226.367, 153.585; 226.305, 153.91; 226.2, 154.223; 226.09, 154.533; 225.907, 154.809; 225.721, 155.081; 225.186, 155.468; ];
boundaryCurve{11} = [227.78, 154.004; 226.019, 155.116; 224.199, 156.128; 222.312, 157.009; 220.372, 157.764; 218.396, 158.423; 216.395, 159.001; 214.377, 159.514; 212.345, 159.973; 210.306, 160.396; 208.265, 160.812; 206.223, 161.22; 204.184, 161.646; 202.152, 162.103; 200.126, 162.586; ];
boundaryCurve{12} = [224.443, 155.434; 222.458, 156.095; 220.455, 156.701; 218.427, 157.217; 216.384, 157.67; 214.335, 158.093; 212.285, 158.512; 210.237, 158.94; 208.187, 159.36; 206.13, 159.745; 204.064, 160.081; 201.992, 160.373; 199.916, 160.637; 197.837, 160.869; 195.756, 161.09; 193.676, 161.319; 191.599, 161.573; 189.52, 161.815; 187.435, 161.986; 185.346, 162.109; ];
