boundaryCurve{1} = [256.1, 24.7; 254.609, 23.3087; 253.119, 21.9175; 251.628, 20.5262; 250.137, 19.135; 248.647, 17.7437; 247.156, 16.3525; 245.666, 14.9612; 244.175, 13.57; 243.1, 12.7; 242.56, 12.3353; 242.1, 11.9; 241, 11.2; 240.919, 11.1587; 239.9, 10.6; 239.052, 10.2797; 238.8, 10.2; 237.7, 10.1; 237.046, 10.1175; 236.6, 10.2; 235.5, 10.6; 235.216, 10.7988; 234.9, 11.1; 234.4, 11.7; 234, 12.3; 233.957, 12.382; 233.6, 13; 233.3, 13.8; 233.146, 14.2577; 233.1, 14.6; 232.9, 15.4; 232.793, 16.2532; 232.422, 18.2571; 232.4, 18.4; 232.156, 20.2611; 231.925, 22.2884; 231.82, 24.3202; 231.616, 26.3565; 231.573, 28.3947; 231.5, 30.4316; 231.5, 32.4688; 231.5, 34.5; ];
boundaryCurve{2} = [236.1, 18.5; 237.401, 20.3017; 238.393, 22.2842; 239.098, 24.3913; 239.497, 26.5731; 239.65, 28.829; 239.499, 31.0078; 239.102, 33.1928; 238.4, 35.3; ];
boundaryCurve{3} = [249.5, 18.5; 251.308, 19.4354; 253.14, 20.2541; 255.071, 20.9515; 257.013, 21.5193; 258.991, 21.9821; 260.97, 22.454; 262.981, 22.8656; 264.942, 23.2684; 266.934, 23.6668; 268.926, 24.0653; 270.941, 24.4791; 272.849, 25.0104; 274.784, 25.5761; 276.716, 26.3007; 278.597, 27.0355; 280.399, 27.9672; 282.156, 29.0214; 283.789, 30.2204; 285.322, 31.5312; 286.727, 33.0256; 287.858, 34.6772; 288.836, 36.4588; 289.52, 38.3606; 289.8, 40.3; 289.802, 40.3722; 289.9, 41.2; 290.024, 42.3881; 290.1, 43; 290.3, 43.8; 290.505, 44.3389; 290.6, 44.6; 291, 45.3; 291.5, 46; 291.547, 46.0464; 291.9, 46.3; 292.3, 46.6; 292.7, 46.8; 293.1, 47; 293.263, 47.0813; 293.5, 47.2; 293.9, 47.4; 294.3, 47.6; 294.8, 47.7; 295.143, 47.8145; 297.071, 48.457; 298.998, 49.0994; 300.926, 49.7419; 302.853, 50.3844; 304.781, 51.0268; 306.708, 51.6693; 308.635, 52.3118; 310.573, 52.9149; 312.47, 53.6399; 313.8, 54.4; 314.237, 54.6521; 314.5, 54.8; 315.7, 55.9; 315.77, 55.9703; 316.2, 56.5; 316.6, 57.2; 316.785, 57.6598; 316.9, 58; 317.1, 58.8; 317.2, 59.6; 317.2, 59.6632; 317.1, 60.4; 316.9, 61.2; 316.72, 61.6182; 316.5, 61.9; 315.9, 62.5; 315.205, 62.8985; 315.2, 62.9; 314.4, 63.2; 313.6, 63.3; 313.243, 63.2913; 312.8, 63.2; 312.1, 62.9; 311.5, 62.4; ];
boundaryCurve{4} = [311.6, 62.7; 310.319, 64.275; 309.048, 65.8066; 307.673, 67.3303; 306.295, 68.7956; 304.839, 70.2479; 303.364, 71.5726; 301.793, 72.8541; 300.124, 73.9499; 298.305, 74.928; 296.433, 75.6888; 294.478, 76.2292; 292.9, 76.5; 292.493, 76.5743; 291.8, 76.6; 290.483, 76.6; 288.458, 76.6; 286.433, 76.6; 284.401, 76.6063; 282.388, 76.6696; 280.371, 76.7738; 278.325, 76.9828; 276.334, 77.2711; 274.369, 77.6779; 272.398, 78.1416; 270.427, 78.6053; 268.481, 79.0902; 266.551, 79.6891; 264.622, 80.357; 262.697, 81.0424; 260.802, 81.7582; 258.971, 82.5301; 257.123, 83.3141; 255.233, 84.0981; 253.333, 84.9001; 251.485, 85.7438; 249.671, 86.5689; 247.846, 87.4025; 246.021, 88.2912; 244.196, 89.1918; 242.373, 90.0729; 240.55, 90.954; 238.727, 91.8351; 236.905, 92.7161; 235.082, 93.5972; 233.259, 94.4783; 231.436, 95.3594; 229.613, 96.2405; 227.79, 97.1216; 225.967, 98.0026; 224.144, 98.8837; 222.321, 99.7648; 220.498, 100.646; 218.675, 101.527; 216.852, 102.408; 215.029, 103.289; 213.206, 104.17; 211.383, 105.051; 209.561, 105.932; 207.738, 106.813; 205.915, 107.695; 204.092, 108.576; 202.269, 109.457; 200.446, 110.338; 198.623, 111.219; 196.8, 112.1; ];
boundaryCurve{5} = [301, 72.9; 298.916, 72.9; 297.1, 72.8; 296.853, 72.7898; 295.8, 72.7; 294.779, 72.5429; 292.728, 72.1819; 290.7, 71.7; ];
boundaryCurve{6} = [222.8, 46; 222.94, 48.0069; 222.897, 50.0015; 222.809, 52.0039; 222.586, 53.9907; 222.226, 55.9683; 221.833, 57.9351; 221.345, 59.8637; 220.754, 61.8024; 220.159, 63.7035; 219.55, 65.6015; 218.84, 67.5087; 218.222, 69.3827; 217.508, 71.3042; 216.776, 73.0927; 215.896, 74.9063; 214.972, 76.7183; 214.05, 78.4981; 213.036, 80.2344; 211.935, 81.8971; 210.823, 83.566; 209.654, 85.2321; 208.483, 86.7881; 207.265, 88.3724; 205.977, 90.0039; 204.7, 91.5; ];
boundaryCurve{7} = [209.8, 73.1; 208.663, 74.8268; 207.475, 76.5025; 206.267, 78.1537; 205.053, 79.7959; 203.801, 81.4381; 202.501, 83.0635; 201.198, 84.6442; 199.894, 86.2338; 198.567, 87.824; 197.183, 89.3298; 195.772, 90.8303; 194.353, 92.327; 192.935, 93.8031; 191.514, 95.3076; 190.045, 96.741; 188.534, 98.1256; 187.009, 99.524; 185.469, 100.874; 183.886, 102.189; 182.277, 103.493; 180.699, 104.797; 179.1, 106.1; ];
boundaryCurve{8} = [187.6, 100; 188.1, 101.3; 188.37, 101.883; 188.7, 102.6; 189.337, 103.68; 189.4, 103.8; 190.2, 105; 190.488, 105.381; 191.1, 106.1; 191.779, 106.907; 192, 107.2; 192.9, 108.3; 193.07, 108.508; 194.364, 110.061; 195.659, 111.679; 196.875, 113.345; 197.993, 114.957; 199.209, 116.687; 200.247, 118.415; 201.269, 120.176; 202.293, 121.932; 203.186, 123.812; 204.01, 125.666; 204.744, 127.525; 205.46, 129.459; 205.5, 129.6; 205.9, 130.7; 206.114, 131.401; 206.2, 131.8; 206.4, 133; 206.468, 133.382; 206.5, 134.2; 206.524, 135.411; 206.258, 137.465; 206.2, 137.7; 205.8, 138.7; 205.528, 139.316; 205.3, 139.7; 204.7, 140.6; 204.382, 141.011; 204, 141.5; 203.2, 142.3; 202.993, 142.465; 202.4, 143.1; 201.516, 143.884; 201.5, 143.9; 199.915, 145.162; 198.325, 146.427; 196.701, 147.679; 195.078, 148.869; 193.427, 150.142; 191.745, 151.248; 190.044, 152.398; 188.34, 153.458; 186.548, 154.532; 184.764, 155.488; 183, 156.5; ];
boundaryCurve{9} = [189.1, 136.5; 189.313, 138.57; 189.317, 140.64; 189.145, 142.696; 188.849, 144.766; 188.382, 146.795; 187.81, 148.78; 187.105, 150.739; 186.241, 152.622; 185.216, 154.411; 184.067, 156.141; 182.8, 157.8; ];
boundaryCurve{10} = [154, 53.4; 153.132, 55.2446; 152.264, 57.0892; 151.396, 58.9338; 150.528, 60.7784; 149.66, 62.623; 148.803, 64.4671; 147.99, 66.3411; 147.172, 68.211; 146.37, 70.0667; 145.561, 71.9585; 144.769, 73.8337; 144.017, 75.732; 143.266, 77.6117; 142.515, 79.5197; 141.794, 81.428; 141.089, 83.3209; 140.378, 85.2533; 139.683, 87.1971; 138.985, 89.1028; 138.331, 90.9671; 137.687, 92.9076; 137.042, 94.8719; 136.404, 96.8055; 135.756, 98.7491; 135.233, 100.703; 134.66, 102.659; 134.166, 104.637; 133.705, 106.628; 133.376, 108.63; 133.087, 110.613; 132.853, 112.699; 132.7, 114.7; ];
boundaryCurve{11} = [132.5, 112.3; 133.1, 113.7; 133.354, 114.138; 133.9, 114.9; 134.628, 115.727; 134.9, 116; 136.1, 117; 136.2, 117.074; 137.4, 117.9; 137.895, 118.205; 138.8, 118.6; 139.755, 119.045; 140.2, 119.3; 141.637, 119.915; 143.562, 120.613; 145.473, 121.325; 147.436, 121.927; 149.412, 122.499; 151.421, 123.071; 153.395, 123.591; 155.365, 124.078; 157.352, 124.591; 159.339, 125.104; 161.326, 125.616; 163.312, 126.133; 165.283, 126.705; 167.218, 127.277; 169.186, 127.923; 171.175, 128.616; 173.075, 129.229; 174.975, 130.025; 176.891, 130.852; 178.691, 131.682; 180.512, 132.643; 182.391, 133.658; 184.062, 134.702; 185.777, 135.87; 187.392, 137.081; 189, 138.4; ];
boundaryCurve{12} = [92.5, 54.4; 92.4, 54.1; 92.3, 53.8; 92.2, 53.5; 92.1, 53.2; 92, 52.7; 91.9275, 52.4825; 91.9, 52.4; 91.8, 52; 91.7, 51.7; 92.0218, 52.8507; 92.5644, 54.7698; 93.0924, 56.7542; 93.5134, 58.6402; 94.0047, 60.6211; 94.5161, 62.5328; 94.9955, 64.485; 95.446, 66.4115; 95.8177, 68.3993; 96.2522, 70.3582; 96.6263, 72.317; 97.0666, 74.2759; 97.4676, 76.2421; 97.7956, 78.2097; 98.1649, 80.1795; 98.5342, 82.1493; 98.8748, 84.1294; 99.1499, 86.1117; 99.3973, 88.0824; 99.6233, 90.0525; 99.7927, 92.0792; 99.9097, 94.0958; 99.988, 96.0672; 99.9991, 98.1276; 99.9758, 100.118; 99.8872, 102.097; 99.6966, 104.114; 99.399, 106.082; 99.0166, 108.055; 98.5636, 109.989; 98.0033, 111.888; 97.3551, 113.773; 96.6166, 115.658; 95.7607, 117.488; 94.8413, 119.254; 93.8398, 120.963; 92.781, 122.672; 91.6502, 124.346; 90.5171, 125.982; 89.367, 127.64; 88.1377, 129.218; 86.8938, 130.773; 85.7339, 132.406; 84.6084, 134.08; 83.4752, 135.717; 82.3412, 137.394; 81.2893, 139.122; 80.3603, 140.863; 79.5042, 142.642; 78.7, 144.5; ];
boundaryCurve{13} = [78.9, 144.5; 80.8627, 145.47; 82.751, 146.518; 84.7124, 147.594; 86.5661, 148.725; 88.4285, 149.887; 90.1322, 151.202; 91.9444, 152.527; 93.6191, 153.879; 95.3, 155.3; ];
