radius = 4.037924134458298;
cppContour{1} = [314.6199826967666 63.37200692129337; 317.2141937554297 61.04645932227562;317.1815272507549 57.56305450150984;316.2490543420716 56.97645724386177;316.0423709576096 56.30582301452511;313.0020635301765 53.94397630773469;311.5194239545624 53.37051730658837;311.1651279466906 53.05208448960304;307.824470814994 51.21223540749696;304.2240088090776 49.96024223201492;300.4853764478032 49.20920904193733;298.630129135481 48.97674913079646;298.3277346521019 48.87595502880658;294.63725583554 47.667451167108;294.2 47.1;291.3233965094232 45.75275511319243;290.0005112658956 42.16304383073034;289.5027572441707 38.3126580803566;287.914762956303 34.78060376579705;285.5181191215713 31.73979816033892;282.5144373771482 29.28457600440947;280.6128193811066 28.17446934385959;280.2829000043737 27.90892514063722;276.9459229458794 26.14018709466708;273.3499621517055 24.98149279102083;270.7338749382293 24.48494831802039;268.0636930635197 23.89279532420311;264.2553224239338 23.12735271410532;260.4535570354467 22.3308522309385;256.6774898213652 21.42120387259072;252.9960096341593 20.18975234033089;251.7128775075365 19.56956654543792;251.6290027134802 19.51787440765818;250.772318136107 18.61550473075719;250.6040659139598 18.46150996127849;250.4903666131412 18.33336072754396;247.6349656103534 15.7064193933281;247.2475433575833 15.46712632449282;244.8302000395628 13.54718811816922;242.438842876594 12.25025110400649;241.6042855545176 11.58454535287481;238.0297568675922 10.12997789705383;234.5665331337278 11.50016023952667;234.1664895074984 12.39727973012956;233.6335651488231 12.58834798607949;232.4678362387066 16.27851715639799;232 18;228.182463644458 18.39079335284004;224.3635918368901 17.97626952735213;220.6842012711465 16.87751125376309;217.1113526920522 15.44988807790042;213.5994167357765 13.87763794140871;210.1051589978166 12.26688402829313;206.5436130008021 10.80923639063688;202.9182035595367 9.520972396830086;199.2244301125621 8.442660311187003;198.9548344125316 8.380643435940168;197.0421876747588 7.714066039084189;193.2442059016693 7.133902671343617;192.9691070858976 7.132936115174461;191.686298847921 6.904007438020674;187.8689375143439 6.420255355405605;184.0270983764786 6.207272834120761;180.1789668998621 6.17058939494378;176.8675935682382 6.304385839189404;174.7704994958753 6.323123448669801;171.0755110456051 6.575092481176418;167.409691521155 7.098596499431065;163.773762776402 7.804938016493853;160.169539757983 8.65374841753218;156.6472845987229 9.796013433208604;153.5 10.4;150.0058986783959 12.26203649328266;146.1429485791368 13.14391361462391;142.1871459437608 13.37987831940257;138.2304330541128 13.12666933933397;134.3253362559999 12.43580721900722;130.4403349815534 11.63516427344023;126.5611316037288 10.80599406988988;122.682369441697 9.974736331332888;118.8035853272748 9.143581020608043;114.9247922849419 8.312467366692227;111.045999242609 7.481353712776409;108.6181909026941 6.961010179705587;106.2520070718358 6.144036458635783;102.8429839943342 5.189713453809977;99.38567192741993 4.419383095816931;95.90101897599496 3.784772976061092;94.19541187618503 3.518622296265452;94.13060559941658 3.499180250652167;90.69469753393899 2.538589818771816;87.24734734435809 1.619300244112324;83.8 0.7;82.59999999999999 0.2;79.89772022430044 1.546278922295912;75.93731088771001 1.346871857506857;71.9738468095545 1.389202645162773;68.02153585894109 1.718104251706876;67.60084251602976 1.785906231095924;67.5917380497129 1.78650572044619;63.88022767277549 2.232965088027783;60.20634666082658 2.91451083821872;56.59379307042764 3.872404349767897;53.05515406349988 5.073926320263595;49.6 6.5;49.24487174542555 6.734409002330399;45.76939923112344 8.202754962158739;42.4 9.9;41.7433465055439 10.2446520694952;38.31000403555996 12.22932699116404;34.97044890474973 14.3698524429559;33.30675262803425 15.57483665883052;32.41352636343964 16.10648144783555;29.3 18.1;28.2 18.7;25.40463930207701 21.25234348302262;22.79177705943889 23.98965917041409;20.33867273528289 26.87005545837911;18.15624059882817 29.96081971385022;16.20400254664702 33.20137408355401;15.1186062510492 35.6544033279887;15.9 33.6;15.1186062510492 35.6544033279887;14.67324736339221 36.66092820753953;13.49721280220231 40.25622826987757;12.77895151647846 43.97049246844759;12.67348280033453 45.47679010395483;12.54318017348876 45.95466338967225;11.85682540816108 49.86094394127928;9 51.8;6.110507905119107 54.28951036093978;3.563778803671832 57.12878136420036;1.487648543544801 60.3247029129104;0.263790324926876 63.91725805043874;0.742879472347582 67.65156565406771;3.42773878267345 70.26386939133673;4.194830279703917 70.3849910795692;5.099249965087853 71.09971499108687;8.6 71.8;9.710304107319519 73.47270416589672;9.900263458597303 77.37904487322602;10.30139565288655 81.26959310082233;11.00503416519194 85.11674651760562;12 88.90000000000001;12.93186106388684 90.76125026250209;14.2919419324796 94.42993147770828;15.74571465517833 98.06423269572088;17.21700490947176 101.6913441265257;18.6192537359557 105.3439426171667;19.83227402785414 109.0649925730839;20.7857637647713 112.859812309243;21.45855613849919 116.7143057915972;21.81924311964769 120.6109401535055;21.93429306060118 124.5227229930058;21.77798932374358 128.4332775288252;21.66481989545437 129.5596128782555;21.1979026670635 131.9687328798205;20.3 135.4;20.74317407080532 136.1879704853343;19.91532156490156 140.0134017463506;18.94014487094174 143.8041096606113;17.88131165068414 147.5724045902309;16.69537654420093 151.3021171564274;16.526762298402 151.7653340228594;15.51302611180059 154.2546243578847;13.92199469163353 157.4613194949483;12.2 160.6;11.7825585212256 163.076765896426;10.8 165.1;10.27664084109301 166.5783824044505;8.800000000000001 169.8;8.6 170.4;12.33262573849308 170.2663450067161;16.06527613810628 170.1333783138406;19.79791299823445 170.0000337292458;23.05026663049198 169.8839056404889;26.68237510196759 170.1015213881008;29.46663149596091 170.4003277837841;33.2 170.8;34.36818803040962 170.2937139120968;38.18673930758681 170.2996967159208;42.0037295085916 170.2147990089248;45.81295973986649 169.9515999644508;49.61779654347598 169.6298906447554;50.54500023362453 169.5;51.8490697 169.5;55.6988994 169.5;55.6993088 169.499434;55.8 167.8;52.61534225684112 165.8061369027365;48.93935576952632 164.8253129004211;45.15168028518495 164.3970665610553;43.8 164.1;46.10580073458415 161.0763266414301;48.59643107301131 158.2071598301713;51.32363671963103 155.5574628388561;54.24684501268479 153.1268288575912;55.26861189183434 152.4376387311787;56 152;57.53438058970515 151.2673328818454;59.62760843432349 151.3305847195722;60.21006284484334 151.3854196321452;64.2 151.7;67.81436988423999 151.9031128093282;71.42281049921324 152.2020092154115;71.95937956688738 152.2483660746607;72.47665571481552 152.298310090356;76.19196361273129 152.7703059089181;79.90000000000001 153.3;80.96448736004177 153.3835806494937;84.54665851867664 154.0740192960269;88.09999999999999 154.9;89.41452626312058 154.1954824819937;93 154.7;95.3 155.3;95 154.8;94.8 154.7;91.99645189267089 152.055053077474;91.7 151.6;88.85998160859316 149.1761109517851;85.53016269664452 147.4669851024875;82.14231061454082 145.8698847603478;79.2 143.7;80.70677519148751 140.6491415555624;82 138.4;84.38013135688517 135.3262970214874;86.58464861922765 132.1276351523422;88.78526126403612 128.9236178527616;90.8 125.6;91.5405994534204 124.5042441922198;91.75551755779264 124.1741907529096;94.65090171672226 126.1480243750032;97.11282876724172 126.9065223908732;98.55229199045897 127.6458031508129;102.2132313094022 128.8744897614659;106.0115474138516 129.5922545127962;109.857567274322 129.9719880743925;113.7245814534374 129.9927479260193;117.5887961733382 129.8508577302197;121.4421134808129 129.5258028751838;121.7403652490346 129.4938524409775;125.0058169523075 129.3625684434823;126.2076826715646 129.2548963912689;128.7178015602551 129.1147232462828;130.1712321524337 128.8647616921884;132.6483275669106 128.5780121363938;