segmentsStart = [258.1, 21.8; 258.1, 21.8; 234.7, 26.2; 234.7, 26.2; 242.1, 5.2; 242.1, 5.2; 233.8, 25.1; 233.8, 25.1; 240.6, 6.2; 240.6, 6.2; 258.5, 22.6; 258.5, 22.6; 247.3, 6.5; 247.3, 6.5; 260, 22.1; 260, 22.1; 288.2, 41.7; 288.2, 41.7; 257.101, 18.2002; 257.101, 18.2002; 257.101, 18.2002; 257.101, 18.2002; 292.4, 50.5; 292.4, 50.5; 259.5, 20; 259.5, 20; 293.8, 52.3; 293.8, 52.3; 290.8, 48.3; 290.8, 48.3; 309.7, 62.9; 309.7, 62.9; 291.7, 50.9; 291.7, 50.9; 309.8, 62.3; 309.8, 62.3; 276.8, 43.9; 276.8, 43.9; 267.6, 44.3; 267.6, 44.3; 270.2, 42.3; 270.2, 42.3; 279.5, 43.6; 279.5, 43.6; 282.2, 52.5; 282.2, 52.5; 283.3, 51.8; 283.3, 51.8; 274.1, 54.6; 274.1, 54.6; 282.2, 52.8; 282.2, 52.8; 274.6, 55; 274.6, 55; 282.8, 52; 282.8, 52; 274.4, 55.5; 274.4, 55.5; 312.8, 63.3; 312.8, 63.3; 308.6, 64.7; 308.6, 64.7; 310.761, 68.1754; 310.761, 68.1754; 308.071, 63.4691; 308.071, 63.4691; 279.6, 69.1; 279.6, 69.1; 308.1, 68.5; 308.1, 68.5; 280.8, 68.6; 280.8, 68.6; 308.2, 68.9; 308.2, 68.9; 263.8, 73.5; 263.8, 73.5; 294.4, 76.7; 294.4, 76.7; 265.4, 74.4; 265.4, 74.4; 266.7, 73.9; 266.7, 73.9; 294.1, 77.1; 294.1, 77.1; 241.7, 13.7; 241.7, 35.5; 243.2, 13.6; 243.2, 13.6; 240.7, 34.5; 240.7, 34.5; 241.7, 18; 241.7, 18; 240.6, 32.6; 240.6, 32.6; 234.7, 40.7; 234.6, 63.2; 234.6, 63.2; 232.7, 53.3; 232.7, 53.3; 240.8, 67.5; 240.8, 67.5; 232.8, 59.8; 232.8, 59.8; 234.2, 43.4; 234.2, 43.4; 218.5, 103.3; 218.5, 103.3; 268.4, 76.4; 268.4, 76.4; 268.398, 76.4006; 268.398, 76.4006; 220.292, 102.234; 220.292, 102.234; 140, 123.4; 140, 123.4; 152.4, 72; 152.4, 72; 143.8, 125.7; 143.8, 125.7; 150.2, 74.6; 150.2, 74.6; 143.7, 131.8; 143.7, 131.8; 209.1, 79.9; 209.1, 79.9; 178.1, 125.2; 178.1, 125.2; 214.8, 78.5; 178.2, 127.8; 178.2, 127.8; 146.2, 135.7; 146.2, 135.7; 143.9, 101.3; 143.9, 101.3; 162.996, 156.431; 162.996, 156.431; 145.4, 135.5; 145.4, 135.5; 145.401, 135.501; 145.401, 135.501; 163.8, 157.1; 163.8, 157.1; 146.7, 135.6; 146.7, 135.6; 174.2, 164.5; 174.2, 164.5; 175.2, 167.6; 175.2, 167.6; 177.5, 168; 177.5, 168; 219.1, 167.5; 219.1, 167.5; 180.7, 124.7; 180.7, 124.7; 191.1, 157.3; 191.1, 157.3; 192.9, 159.2; 179.3, 124.4; 179.3, 124.4; 179.7, 128.5; 179.7, 128.5; 193.1, 161.6; 193.1, 161.6; 219.421, 103.07; 219.421, 103.07; 184.901, 120.9; 184.901, 120.9; 184.901, 120.9; 184.901, 120.9; 220.9, 101.8; 220.9, 101.8; 206.1, 157.3; 206.1, 157.3; 229, 163.7; 229, 163.7; 219.885, 163.816; 219.885, 163.816; 228.298, 163.1; 228.298, 163.1; 228.3, 163.1; 228.3, 163.1; 217.802, 164.1; 217.802, 164.1; 218.5, 163.4; 218.5, 163.4; 228.2, 163.6; 228.2, 163.6; 226.132, 161.937; 226.132, 161.937; 205.501, 155.9; 205.501, 155.9; 205.5, 155.9; 205.5, 155.9; 228.8, 163.3; 228.8, 163.3; 202.5, 134.9; 202.5, 134.9; 207.7, 156.9; 207.7, 156.9; 208.2, 157.2; 208.2, 157.2; 219.4, 104.1; 219.4, 104.1; 217.82, 107.051; 217.82, 107.051; 203.401, 131.999; 203.401, 131.999; 203.4, 131.999; 203.4, 131.999; 218.6, 104.4; 218.6, 104.4; 177.6, 21.9; 177.6, 21.9; 156.3, 51.2; 156.3, 51.2; 179.9, 22.9; 179.9, 22.9; 169.1, 160.2; 169.1, 160.2; 177.3, 168.1; 177.3, 168.1; 233.9, 22.2; 233.9, 22.2; 140.2, 20.5; 140.2, 20.5; 142.5, 20.7; 142.5, 20.7; 234.4, 22.6; 234.4, 22.6; 158.7, 11.1; 158.7, 11.1; 12.8, 45.5; 12.8, 45.5; 26.5, 21.5; 26.5, 21.5; 12.4, 45.7; 12.4, 45.7; 14.7, 44.4; 14.7, 44.4; 146.5, 15.1; 146.5, 15.1; 73, 4.8; 73, 4.8; 15, 44.4; 15, 44.4; 235.6, 64.2; 235.6, 64.2; 247.9, 70.5; 29.8, 144.8; 29.8, 144.8; 70.3, 166.4; 70.3, 166.4; 75.5, 166.3; 75.5, 166.3; 34.2011, 166.3; 34.2011, 166.3; 34.2013, 166.3; 34.2013, 166.3; 74.391, 166.105; 74.391, 166.105; 34.4, 164.9; 34.4, 164.9; 78.1, 165.8; 78.1, 165.8; 49.6, 156.9; 77.7983, 165.599; 77.7983, 165.599; 77.7983, 165.599; 77.7983, 165.599; 50.7, 157.6; 50.7, 157.6; 16.6, 38; 16.6, 38; 32.5, 147.6; 32.5, 147.6; 18.1, 31.6; 18.1, 31.6; 34, 166.1; 34, 166.1; 56.1, 155.6; 56.1, 155.6; 87.5, 68.8; 87.5, 68.8; 54, 157.6; 54, 157.6; 89, 80.4; 89, 80.4; 56.3, 155.8; 56.3, 155.8; 78.6, 118.9; 78.6, 118.9; 142.2, 127.6; 142.2, 127.6; 80.7, 118.4; 80.7, 118.4; 143.1, 127.7; 143.1, 127.7; 78, 119.4; 78, 119.4; 142.7, 128.5; 142.7, 128.5; 70.8, 155.1; 70.8, 155.1; 91.399, 125.002; 91.399, 125.002; 91.4, 125; 91.4, 125; 72.2387, 153.74; 72.2387, 153.74; 71.7, 155; 71.7, 155; 92.3, 163.4; 92.3, 163.4; 75.7, 163.7; 75.7, 163.7; 91.9, 164.1; 91.9, 164.1; 72, 155.8; 72, 155.8; 91.5, 164; 91.5, 164; 73.6, 162.8; 73.6, 162.8; 91.6, 163.4; 91.6, 163.4; 17.5, 33.9; 17.5, 33.9; 10.2, 53.8; 10.2, 53.8; 6.5, 48; 6.5, 48; 17.4, 34.3; 17.4, 34.3; 13, 54.4; 13, 54.4; 4.1, 44.6; 4.1, 44.6; 17, 35.9; 17, 35.9; 13.7, 78.1; 13.7, 78.1; 89.4, 31.1; 124.3, 28.3; 124.3, 28.3; 90.2, 33.6; 90.2, 33.6; 121.5, 28.2; 121.5, 28.2; 93.8, 34.6; 93.8, 34.6; 123.2, 27.7; 123.2, 27.7; 271.7, 75.4; 271.7, 75.4; 231.9, 95.5; 231.9, 95.5; 82.3, 55.3; 82.3, 55.3; 70.7, 37.9; 70.7, 37.9; 83.3, 58.9; 218.8, 166.7; 218.8, 166.7; 191.5, 157.6; 191.5, 157.6; 192.4, 159; 192.4, 159; 220.3, 167; 220.3, 167; 140.5, 21.2; 140.5, 21.2; 233.8, 23; 233.8, 23; 41.3, 11.3; 41.3, 11.3; 149, 14.7; 149, 14.7; 16.9, 34.1; 16.9, 34.1; 11.6, 53.5; 11.6, 53.5; 12.7, 56.4; 12.7, 56.4; 33.3, 162.8; 33.3, 162.8; 74.7, 38.4; 74.7, 38.4; 83.5, 57.6; 83.5, 57.6; 233.8, 45.5; 233.8, 45.5; 244.6, 71.5; 244.6, 71.5; 230.9, 46.2; 230.9, 46.2; 242, 68.8; 242, 68.8; 263.1, 77; 263.1, 77; 229.8, 91.4; 243.4, 87.6; 243.4, 87.6; 197.2, 115.3; 197.2, 115.3; 236.2, 93; 236.2, 93; 210.3, 84.4; 210.3, 84.4; 190.7, 110.1; 190.7, 110.1; 80.9, 117.7; 80.9, 117.7; 102.8, 125.4; 102.8, 125.4; 95.5, 124.8; 95.5, 124.8; 125, 125.5; 113.6, 128.1; 113.6, 128.1; 133, 128.1; 133, 128.1; 14.6, 56.2; 14.6, 56.2; 28.6, 126; 28.6, 126; 24.1, 119.7; 24.1, 119.7; 32.7, 145.9; 32.7, 145.9; 52.5, 157.5; 52.5, 157.5; 65.1, 136.1; 65.1, 136.1; 32.6, 142.1; 32.6, 142.1; 33, 162.9; 33, 162.9; 89.1, 128.1; 89.1, 128.1; 91.1999, 124.2; 91.1999, 124.2; 91.1991, 124.202; 91.1991, 124.202; 75, 148.2; 75, 148.2; 78.2, 40.5; 78.2, 40.5; 83.4, 52.2; 83.4, 52.2; 91.4, 6.2; 91.4, 6.2; 60.7, 7.5; 60.7, 7.5; 57.7, 5.6; 57.7, 5.6; 32.3, 20.2; 32.3, 20.2; 40.5, 11.6; 40.5, 11.6; 33.7, 16; 33.7, 16; 177.7, 6.8; 177.7, 6.8; 158.8, 11.9; 158.8, 11.9; 201.6, 14.4; 201.6, 14.4; 187.6, 10.9; 187.6, 10.9; 189.5, 9.8; 189.5, 9.8; 180, 8.4; 180, 8.4; 138.9, 14.2; 138.9, 14.2; 115.7, 8.6; 115.7, 8.6; 119, 11.9; 119, 11.9; 104.5, 7.3; 104.5, 7.3; 238.2, 8.3; 238.2, 8.3; 233.6, 27.4; 233.6, 27.4; 235.5, 17.2; 235.5, 17.2; 234.5, 29.7; 234.5, 29.7; 277.9, 43.5; 277.9, 43.5; 269, 43.8; 269, 43.8; 281.8, 51.8; 281.8, 51.8; 274.4, 54.5; 274.4, 54.5; 187.3, 118.1; 187.3, 118.1; 205.9, 110; 205.9, 110; 199.5, 110.3; 199.5, 110.3; 224.3, 101.7; 224.3, 101.7; 217, 103.9; 217, 103.9; 243.3, 89.2; 243.3, 89.2; 180.4, 128.1; 180.4, 128.1; 189.8, 154.6; 189.8, 154.6; 202.8, 133.9; 202.8, 133.9; 207.3, 156; 207.3, 156; 216.8, 106.4; 216.8, 106.4; 204.1, 128.9; 204.1, 128.9; 176.9, 24.1; 176.9, 24.1; 156.1, 50.8; 156.1, 50.8; 154.2, 67.1; 154.2, 67.1; 143.6, 128; 143.6, 128; 178.1, 123.9; 178.1, 123.9; 211.7, 78.2; 211.7, 78.2; 145.5, 62.7; 145.1, 88.4; 145.1, 88.4; 146.7, 65.3; 146.7, 65.3; 146.1, 88.2; 146.1, 88.2; 243.5, 5.6; 243.5, 5.6; 259.4, 22.5; 259.4, 22.5; 283.1, 30.9; 283.1, 30.9; 309.4, 62.6; 309.4, 62.6; 312.6, 64.5; 312.6, 64.5; 308.6, 66.2; 308.6, 66.2; 280.2, 70.2; 280.2, 70.2; 308, 69.4; 308, 69.4; 308.074, 63.4665; 308.074, 63.4665; 309.7, 65.8; 309.7, 65.8; ];
