radius = 4.031471932823512;
cppContour{1} = [311.7919747629924 68.81824229300365; 313.233086409269 65.76226659961524;312.4157563451083 64.46827815258186;312.6 64.5;312.8 63.3;309.8 62.3;307.502453738475 60.073982952279;307.0513179904137 59.47343022081449;306.1058247995039 59.03933152691197;304.9939026161894 58.28235291741616;304.7664226046936 58.10480275218714;304.5814175178888 58.0015397446646;304.2348166422967 57.76557948342255;303.8222433816812 57.5777967768788;301.7395158845133 56.41529519964165;298.5973576251786 54.94438936611677;295.5760364912931 53.24695829246731;292.9119045363307 51.04303541886182;290.8024158204661 48.30313777492776;289.923717821152 45.70875305361497;289.0885669689144 41.86756051042162;287.9768620411142 38.10051698476342;286.2958725467207 34.55586589404102;284.3254055410318 31.9892434021476;283.8924360962798 31.31034033939892;281.325644865694 28.52846183130597;278.2920894808083 26.26387476306059;274.9594880109087 24.45737412424448;272.9816830873289 23.59661521011237;272.1617364828621 23.17405324332492;268.4921849993185 21.66231886961895;265.9793552417075 20.80654148393359;264.4032554875612 20.2145356681071;260.7966312225634 19.04200232154616;257.8275169799267 18.36566585917589;256.5002892311391 16.32847593866745;254.4757169268022 13.6259243853309;252.2523617412936 11.08443084706945;249.858090876684 8.704075792804863;248.0849586357351 7.176327937817296;247.3628309282839 6.283365257300147;243.9478335305841 4.485121318983168;242.1 5.2;238.8186153086583 6.584374847652815;237.1039643091557 10.04478423563515;236.5964053784531 11.43722335276413;235.2729424864015 14.33512793294421;234.1066136409066 17.47984061188212;233.3534909861452 20.74599856726472;233.2529088181782 22.27925419426003;230.0784214390538 22.66805788451091;226.2290010822024 22.58924006493215;222.4175894400209 22.03985504379733;218.6797155214982 21.11160854392702;215.0261057620912 19.8915474511335;211.4517217344021 18.45464456854728;207.9427899054775 16.86376590191289;204.4780310738345 15.17829415157913;201.0283317031398 13.46202996297512;197.5632384979002 11.77724785688059;194.0526709598331 10.18985412101618;190.4712674932938 8.770145150930974;186.8026846068124 7.594728106114782;183.0455323288644 6.746029878519447;179.2184509561285 6.31573662543519;175.3675214580483 6.264140124581517;171.5277275268228 6.562449423297259;167.726265443917 7.181347448115855;163.9837556514662 8.091886970473238;160.315807256079 9.26786115376142;156.736131481747 10.69035465885897;153.2528755136652 12.33552411046241;152.0811774642264 12.96984776564068;151.0494175408198 13.20679165383522;147.1191397494802 13.77696070238827;143.1569938432023 14.05086767657749;139.1852125395926 14.05867216434229;137.6086303918173 13.96970822189877;134.9808417946705 13.50109094557716;131.0804762011632 12.70417640137084;127.2007892233066 11.8120827758894;123.3433465419202 10.82820066739241;119.509430267474 9.756173134015382;115.7 8.6;111.8017050397897 9.529732796495969;108.3126356046729 8.69118246390758;108.0725460391467 8.61058925337616;104.5 7.3;104.0735895974168 7.687069623447479;100.1982584782255 6.814553992134664;96.30741417995516 6.014419037510957;92.3964731946258 5.319787361271331;88.4643978744007 4.757141861821502;84.51663934920161 4.317637187084948;80.55680074354366 4.005560459445738;76.58865867663393 3.828741623612583;72.61675712342651 3.796004442166772;68.64661759852638 3.91716092579332;64.68497919953691 4.202943759686264;64.3681496308235 4.240044108074596;61.63238654662917 4.404006750700284;57.7557031378058 4.850380446468778;53.91223602134384 5.524566522922698;50.12139558046393 6.448252383408398;46.40614203329615 7.639428124955821;42.78964343729416 9.1030818560351;39.29603366444611 10.83964576848789;35.94980345688389 12.8455013522319;32.77497011149208 15.11286569688691;32.69808034426215 15.17779604887401;31.42675315957036 16.04917022955962;28.32398805505641 18.52785300296301;25.41768233442009 21.23397665001013;22.73892956044433 24.16556716754571;20.30907289203475 27.30655698629208;18.15188281862218 30.6406941515814;16.54512214013908 33.67589006643736;13.67029727666012 33.00116837035331;10.72488279380613 33.95618344050958;9.929736179674121 34.10597035310905;6.920263906014426 35.95863064550432;4.85783949702373 38.83605143440058;4.040393531210483 42.29295126154417;4.1 44.6;4.961067422471717 48.09697495046316;6.998584907281555 51.48071231537845;10.2 53.8;11.2793954878499 56.62644303990068;11.13201962426223 60.5294944738943;11.23729108667608 64.43404192490296;11.57254822939433 68.32581846267233;12.10282059601099 72.1960812903942;12.79551224740594 76.04077575249471;12.86250744862443 76.35100593812237;13.0054537382087 78.32988532455695;13.45108451166041 82.23883859386699;14.04275668553007 86.12844450902692;14.76502181266349 89.99599948831674;15.60218627778471 93.84038187013306;16.53851678381893 97.6618721978372;17.55877929915998 101.4618554210124;18.64843047973674 105.2425504281534;19.7925040563469 109.0071474427995;20.97649862708879 112.7593896378892;22.18657481120013 116.5033098967593;23.40908910775776 120.2431924699784;24.63086431761002 123.9833163501439;25.83812015685358 127.7281444500882;27.01768725029397 131.4817718978052;28.15562460425879 135.2482065881511;29.23793951737335 139.0309735496099;30.24984341057031 142.8331479582897;29.8 144.8;30.72202773702909 148.597836233195;31.41382358075462 152.4442159542441;31.90306108860634 156.321652274519;32.21598227126285 160.2174067443713;32.37718909423586 164.1225104059644;34 166.1;34.2011153 166.299958;36.21149486345348 166.2261735578159;39.1516626193342 166.768289111825;43.05160366154487 166.9828518367676;46.95700780424063 166.8536105018658;50.85160641564822 166.5250650689264;54.74022263749769 166.1290430145279;58.63379957485827 165.7878500265714;59.78690793419126 165.7405723650597;60.48740037839205 165.7419336037486;64.24336566699051 165.7950461847406;66.99645984706561 165.8735142833748;70.3 166.4;71.7507962060515 166.0688464998667;75.5 166.3;78.09999999999999 165.8;78.94117045641629 163.5365601177814;82.18613450769236 163.4994969403685;85.43024090037444 163.5885995215455;88.66894857664414 163.7951335623323;91.90000000000001 164.1;92.3 163.4;89.11240029033932 161.3096737614022;88.5278938121387 160.9122505135051;86.09726549191541 158.9858840430686;84.28588474423933 158.1679877093247;82.68761530541697 157.2149437223377;79.20025733212411 155.6905827045502;75.49535901855427 154.8393029771986;71.7 155;72.23869999999999 153.74;74.89090090805921 150.9452997595244;77.36250315126088 147.9896077260711;79.67159876562729 144.9051931812046;81.84137468514359 141.7211107841602;83.89446453470272 138.4604495985504;85.85418640305579 135.1427040780873;87.74331990269019 131.7841719876654;89.58449512384746 128.3990538708752;91.34895667790659 125.0955658427908;92.36861945353341 125.4023003464433;96.13895716338614 126.4349815763201;99.92092075300073 127.4242796873231;103.7255619101762 128.3212505730419;107.5696008328632 129.0268878148467;111.4543399834817 129.4500782944192;115.3599209831815 129.5933742079738;119.2686048037156 129.5430501941599;123.1761258527245 129.4268188081584;123.5096231693248 129.4145389166935;126.9389196365314 129.3551637782469;130.7768990470866 129.1399146627795;131.1854903619003 129.1010514235874;134.892699924963 128.9185127708911;138.7965213175 128.7124707636146;142.7 128.5;143.7 131.8;144.2856092131692 132.3152456000695;145.400032 135.50005;147.5763617584105 138.7569664955656;149.8710168537701 141.9316232220071;152.2872400932208 145.014934422554;154.803495110952 148.0170271765023;157.4176243103573 150.9343556308824;160.1385252878563 153.7522679292921;162.996 156.431;163.8 157.1;165.6441006673081 156.1251974923016;168.4667273215248 158.9466616371591;169.1 160.2;171.5794749998097 163.1431037179811;174.1664200285076 165.9922515442847;175.2 167.6;178.7518736819526 169.1068504904335;182.6462223105495 169.0480326355764;186.51395035366 168.5285923889945;190.3955334721539 168.1292977106444;194.29238204033 167.9183945080406;198.1936852879604 167.8077832173693;