segmentsStart = [256.1, 24.7; 256.1, 24.7; 231.5, 34.5; 231.5, 34.5; 236.1, 18.5; 236.1, 18.5; 238.4, 35.3; 238.4, 35.3; 249.5, 18.5; 249.5, 18.5; 311.5, 62.4; 311.5, 62.4; 311.6, 62.7; 311.6, 62.7; 196.8, 112.1; 196.8, 112.1; 301, 72.9; 301, 72.9; 290.7, 71.7; 290.7, 71.7; 222.8, 46; 209.8, 73.1; 209.8, 73.1; 179.1, 106.1; 187.6, 100; 187.6, 100; 183, 156.5; 183, 156.5; 189.1, 136.5; 189.1, 136.5; 182.8, 157.8; 182.8, 157.8; 154, 53.4; 132.7, 114.7; 132.7, 114.7; 132.5, 112.3; 132.5, 112.3; 189, 138.4; 189, 138.4; 92.5, 54.4; 92.5, 54.4; 91.7001, 51.7003; 91.7001, 51.7003; 91.7003, 51.7012; 91.7003, 51.7012; 78.7, 144.5; 78.7, 144.5; 78.9, 144.5; 78.9, 144.5; 95.3, 155.3; 95.3, 155.3; 232, 18; 232, 18; 140.4, 18.7; 140.4, 18.7; 153.5, 10.4; 153.5, 10.4; 48.3, 150.8; 48.3, 150.8; 47.9, 150; 47.9, 150; 95, 154.8; 95, 154.8; 12.1, 56.1; 12.1, 56.1; 9.50042, 169.499; 9.50042, 169.499; 9.50094, 169.5; 9.50094, 169.5; 55.6989, 169.5; 55.6989, 169.5; 55.6993, 169.499; 55.6993, 169.499; 34.1, 165.5; 34.1, 165.5; 45.3, 161.7; 45.3, 161.7; 42.4003, 164; 42.4003, 164; 42.4004, 164; 42.4004, 164; 55.7, 151.8; 55.7, 151.8; 11.2, 52; 11.2, 52; 8.6, 71.8; 8.6, 71.8; 285.7, 50; 285.7, 50; 277.4, 55.1; 277.4, 55.1; 231.9, 95.6; 231.9, 95.6; 208.5, 159.6; 208.5, 159.6; 187, 150.4; 187, 150.4; 182.6, 134.102; 182.6, 134.102; 182.6, 134.102; 182.6, 134.102; 186.2, 150.3; 186.2, 150.3; 188.6, 156.2; 188.6, 156.2; 234.399, 168.2; 234.399, 168.2; 234.399, 168.2; 234.399, 168.2; 208.5, 159.4; 208.5, 159.4; 91.5, 124; 91.5, 124; 155.2, 123.9; 155.2, 123.9; 235.9, 18.3; 235.9, 18.3; 240.2, 36.9; 240.2, 36.9; 282.8, 50.7; 282.8, 50.7; 276.3, 54.1; 276.3, 54.1; 284.6, 49.3; 284.6, 49.3; 276.9, 53.9; 276.9, 53.9; 234.3, 48.5; 234.3, 48.5; 257.2, 77.5; 257.2, 77.5; 97.8, 58.9; 97.8, 58.9; 97.8, 57.4002; 97.8, 57.4002; 97.8002, 57.4005; 97.8002, 57.4005; 100.7, 90.5; 100.7, 90.5; 147.6, 57.1; 147.6, 57.1; 147.6, 55.5002; 147.6, 55.5002; 147.6, 55.5007; 147.6, 55.5007; 145.2, 71.3; 145.2, 71.3; 133.6, 22.8; 133.6, 22.8; 224.3, 47.1; 224.3, 47.1; 217.7, 70.2; 217.7, 70.2; 221.2, 52.6; 221.2, 52.6; 215.2, 75.6; 215.2, 75.6; 217.8, 66.5; 217.8, 66.5; 208, 88.7; 208, 88.7; 235.9, 19.4; 235.9, 19.4; 241.4, 37.5; 241.4, 37.5; 240.5, 36.8996; 240.5, 36.8996; 240.5, 36.8993; 240.5, 36.8993; 241.1, 31.3007; 241.1, 31.3007; 241.1, 31.3001; 241.1, 31.3001; 240.3, 37.7; 240.3, 37.7; 240.8, 37.7; 241.7, 28.4; 241.7, 28.4; 284.3, 50.3; 284.3, 50.3; 275.901, 55.4992; 275.901, 55.4992; 275.9, 55.4998; 275.9, 55.4998; 284.999, 51.2002; 284.999, 51.2002; 285, 51.2; 285, 51.2; 277.5, 54.7; 277.5, 54.7; 284.3, 50.2; 284.3, 50.2; 277, 54.1; 277, 54.1; 233.6, 48.8; 233.6, 48.8; 255.2, 76.4; 255.2, 76.4; 233.2, 50.5; 233.2, 50.5; 255.4, 76.7; 255.4, 76.7; 233.5, 50.7; 233.5, 50.7; 253.7, 76.7; 253.7, 76.7; 291, 71.9; 291, 71.9; 302.7, 72.5; 302.7, 72.5; 303.7, 72.1; 303.7, 72.1; 292.4, 72.5; 311.8, 61.5; 311.8, 61.5; 300.6, 73.2; 300.6, 73.2; 311.4, 63.8; 311.4, 63.8; 276.4, 26.3; 276.4, 26.3; 251.6, 19.5; 251.6, 19.5; 289.5, 43.7; 289.5, 43.7; 275, 26.1; 275, 26.1; 289.7, 46.1; 289.7, 46.1; 285.1, 32; 285.1, 32; 289.5, 42.3; 289.5, 42.3; 288.6, 38.5; 288.6, 38.5; 294.2, 47.1; 294.2, 47.1; 288.9, 41.9; 288.9, 41.9; 314, 55.6; 314, 55.6; 291.2, 46.6; 291.2, 46.6; 314, 55.9; 314, 55.9; 313, 56.4; 313, 56.4; 311.081, 56.9954; 311.081, 56.9954; 233.5, 13.7; 233.5, 13.7; 231.8, 34.2; 231.8, 34.2; 231.8, 36.1; 231.8, 36.1; 255.9, 24.5; 255.9, 24.5; 255.7, 24.1; 255.7, 24.1; 231.8, 20.1; 231.8, 20.1; 209.4, 74.7; 209.4, 74.7; 181.8, 105.2; 181.8, 105.2; 208, 75; 208, 75; 184.6, 102.2; 184.6, 102.2; 196.8, 111.1; 196.8, 111.1; 195, 111.6; 195, 111.6; 195, 111.6; 195, 111.6; 212.3, 103.7; 212.3, 103.7; 195.6, 111.7; 195.6, 111.7; 239.2, 91.7; 239.2, 91.7; 238.1, 92.5; 238.1, 92.5; 300.3, 74.3; 300.3, 74.3; 273.5, 77; 273.5, 77; 247.1, 86.9; 247.1, 86.9; 256.1, 84.1; 256.1, 84.1; 228.1, 93.7; 228.1, 93.7; 241.4, 89.9; 241.4, 89.9; 220.1, 99.1; 220.1, 99.1; 231.9, 95; 231.9, 95; 204, 104.1; 204, 104.1; 231, 96.1; 231, 96.1; 222.8, 121.9; 222.8, 121.9; 229.3, 97.7; 229.3, 97.7; 219.3, 129.6; 219.3, 129.6; 223, 119.7; 223, 119.7; 214.2, 142.8; 214.2, 142.8; 222.6, 122.7; 222.6, 122.7; 209.2, 159.1; 209.2, 159.1; 216.3, 142.2; 216.3, 142.2; 208.7, 161.7; 208.7, 161.7; 208.8, 158.9; 208.8, 158.9; 232.6, 166.6; 232.6, 166.6; 208.4, 160.9; 208.4, 160.9; 234.5, 167.7; 234.5, 167.7; 188.1, 153.9; 188.1, 153.9; 190.9, 166.1; 190.9, 166.1; 187.8, 154.6; 187.8, 154.6; 193.8, 170.6; 193.8, 170.6; 187.8, 155.8; 187.8, 155.8; 192.6, 169.4; 192.6, 169.4; 191.4, 168.4; 191.4, 168.4; 231.4, 168.3; 231.4, 168.3; 192.2, 168.7; 192.2, 168.7; 228.9, 168.4; 228.9, 168.4; 182.2, 135.4; 182.2, 135.4; 187.1, 153.1; 187.1, 153.1; 189.5, 138; 189.5, 138; 184.7, 156.4; 184.7, 156.4; 189.6, 137.6; 189.6, 137.6; 185.2, 156.3; 185.2, 156.3; 185.2, 156.3; 185.2, 156.3; 186.3, 152.5; 186.3, 152.5; 205.8, 134.7; 205.8, 134.7; 185.4, 155.6; 185.4, 155.6; 206.2, 134.3; 206.2, 134.3; 199, 145.7; 199, 145.7; 186.4, 100.8; 186.4, 100.8; 195.2, 111.9; 195.2, 111.9; 187.9, 102.3; 187.9, 102.3; 207.5, 138.4; 207.5, 138.4; 187.9, 104.1; 187.9, 104.1; 203.4, 121.3; 203.4, 121.3; 154.9, 52.8004; 154.9, 52.8004; 154.9, 52.8003; 154.9, 52.8003; 145.2, 73.3; 145.2, 73.3; 155.2, 54.6; 155.2, 54.6; 142.6, 80.7; 142.6, 80.7; 150.6, 64.2; 150.6, 64.2; 137.5, 93.1; 137.5, 93.1; 142.3, 79.4; 142.3, 79.4; 133.9, 113.8; 133.9, 113.8; 147.2, 55.1; 147.2, 55.1; 144, 77.5; 144, 77.5; 146.5, 62.3; 146.5, 62.3; 142.7, 83.9; 142.7, 83.9; 133.7, 114; 133.7, 114; 133, 114.1; 133, 114.1; 149.5, 120.2; 149.5, 120.2; 134.9, 116; 134.9, 116; 154.7, 122.2; 154.7, 122.2; 148.901, 121.9; 148.901, 121.9; 172.1, 126; 172.1, 126; 159.201, 124.9; 159.201, 124.9; 177.4, 128.8; 177.4, 128.8; 171.1, 128.9; 171.1, 128.9; 181.5, 131.3; 181.5, 131.3; 99.1, 57.3; 99.1, 57.3; 102.2, 88.5; 102.2, 88.5; 92.2, 53.5; 92.2, 53.5; 98.5, 87.6; 98.5, 87.6; 93.5, 62.1; 93.5, 62.1; 98.6, 88; 98.6, 88; 93.9, 121.9; 93.9, 121.9; 90.8, 125.6; 90.8, 125.6; 82, 138.4; 82, 138.4; 88.3, 129.4; 88.3, 129.4; 79.2, 143.7; 79.2, 143.7; 78.9, 144; 78.9, 144; 91.7, 151.6; 91.7, 151.6; 78.6, 144.5; 78.6, 144.5; 94.8, 154.7; 94.8, 154.7; 92, 123.6; 92, 123.6; 151.5, 122.8; 151.5, 122.8; 97.1, 126.6; 97.1, 126.6; 151.6, 123.9; 151.6, 123.9; 141.4, 17.2; 141.4, 17.2; 156.9, 11; 156.9, 11; 141, 17.9; 141, 17.9; 171.9, 6.9; 171.9, 6.9; 146.6, 14.5; 146.6, 14.5; 193.1, 8.4; 193.1, 8.4; 231.5, 18.7; 231.5, 18.7; 214.6, 14.7; 214.6, 14.7; 221.8, 18.3; 221.8, 18.3; 185.6, 7.7; 185.6, 7.7; 131, 23.5; 131, 23.5; 131.6, 23; 131.6, 23; 113.2, 24.6; 113.2, 24.6; 131.1, 24.1; 131.1, 24.1; 128.7, 25.7; 128.7, 25.7; 147.8, 13.8; 147.8, 13.8; 129.6, 12.1; 129.6, 12.1; 146.4, 14.2; 146.4, 14.2; 115.6, 9.5; 115.6, 9.5; 132.5, 13; 132.5, 13; 116.5, 9.1; 116.5, 9.1; 115.7, 9.8; 115.7, 9.8; 104.7, 7.8; 104.7, 7.8; 109.6, 7.3; 109.6, 7.3; 88.9, 2.7; 88.9, 2.7; 96.5, 4.5; 96.5, 4.5; 66.4, 4; 66.4, 4; 82.5, 2.2; 82.5, 2.2; 49.6, 6.5; 49.6, 6.5; 75.1, 2.5; 75.1, 2.5; 42.4, 9.9; 42.4, 9.9; 77.9, 2.7; 77.9, 2.7; 54.4, 5.2; 54.4, 5.2; 85.4, 3.1; 85.4, 3.1; 77.3, 3.5; 77.3, 3.5; 108.5, 7.3; 108.5, 7.3; 82.6, 0.2; 82.6, 0.2; 107.8, 7.6; 107.8, 7.6; 83.8, 0.7; 83.8, 0.7; 55.7, 4.9; 55.7, 4.9; 29.3, 18.1; 29.3, 18.1; 57, 4.9; 57, 4.9; 17.6, 35; 17.6, 35; 33, 17.3; 33, 17.3; 16.5, 52.9; 16.5, 52.9; 28.2, 18.7; 28.2, 18.7; 16.8, 62; 23.5, 78.8; 23.5, 78.8; 11.4, 58.8; 11.4, 58.8; 24.8, 85.2; 24.8, 85.2; 11.2, 57.3; 11.2, 57.3; 33.2, 96.8; 33.2, 96.8; 23.7, 84.5; 23.7, 84.5; 42.6, 111.8; 42.6, 111.8; 28.2, 89.1; 28.2, 89.1; 45.1, 121; 45.1, 121; 34.7, 98.4; 34.7, 98.4; 44, 123.3; 44, 123.3; 36.8, 98.8; 36.8, 98.8; 45.9, 138.2; 45.9, 138.2; 44, 120.9; 44, 120.9; 45.7, 146.5; 45.7, 146.5; 45.9, 131.7; 45.9, 131.7; 48.2, 150.5; 48.2, 150.5; 47.2, 148.2; 47.2, 148.2; 67, 151.8; 67, 151.8; 46.3, 151.3; 46.3, 151.3; 79.9, 153.3; 79.9, 153.3; 48.3, 151.1; 48.3, 151.1; 88.1, 154.9; 88.1, 154.9; 93, 154.7; 93, 154.7; 64.2, 151.7; 64.2, 151.7; 97, 96.6; 97, 96.6;