boundaryCurve{1} = [258.1, 21.8; 257.323, 19.8923; 256.435, 18.0385; 255.439, 16.2446; 254.34, 14.5168; 253.139, 12.861; 251.843, 11.2834; 250.453, 9.78983; 248.975, 8.38274; 247.341, 7.06104; 245.511, 6.03825; 243.577, 5.52264; 241.628, 5.72453; 239.92, 6.74109; 238.624, 8.28634; 237.668, 10.1434; 236.972, 12.1014; 236.387, 14.0763; 235.884, 16.0693; 235.466, 18.0774; 235.135, 20.0975; 234.895, 22.1266; 234.749, 24.1618; 234.7, 26.2; ];
boundaryCurve{2} = [242.1, 5.2; 240.118, 5.20855; 238.659, 6.75338; 237.696, 8.66243; 236.852, 10.6331; 236.108, 12.6373; 235.466, 14.6704; 234.925, 16.7275; 234.487, 18.8038; 234.153, 20.8945; 233.923, 22.9949; 233.8, 25.1; ];
boundaryCurve{3} = [240.6, 6.2; 242.031, 4.7741; 244.154, 4.45404; 246.153, 5.22437; 247.753, 6.62489; 249.106, 8.30095; 250.334, 10.0486; 251.559, 11.8103; 252.795, 13.5674; 254.015, 15.3249; 255.208, 17.0949; 256.361, 18.8894; 257.462, 20.7204; 258.5, 22.6; ];
boundaryCurve{4} = [247.3, 6.5; 248.86, 7.7954; 250.358, 9.1592; 251.795, 10.5878; 253.167, 12.0776; 254.475, 13.625; 255.717, 15.2264; 256.891, 16.8782; 257.998, 18.5768; 259.034, 20.3186; 260, 22.1; ];
boundaryCurve{5} = [288.2, 41.7; 287.85, 39.7002; 287.31, 37.7428; 286.588, 35.8446; 285.692, 34.0219; 284.63, 32.2915; 283.411, 30.6699; 282.044, 29.1736; 280.536, 27.8193; 278.901, 26.6326; 277.171, 25.585; 275.369, 24.6459; 273.517, 23.7933; 271.636, 23.0049; 269.751, 22.2586; 267.686, 21.4423; 265.625, 20.6544; 263.606, 19.9275; 261.652, 19.2857; 259.784, 18.7535; 258.025, 18.355; 257.1, 18.2; 257.962, 18.4349; 259.914, 18.9702; 261.869, 19.5202; 263.82, 20.0952; 265.762, 20.7055; 267.687, 21.3612; 269.589, 22.0725; 271.463, 22.8498; 273.302, 23.7032; 275.1, 24.643; 276.851, 25.6801; 278.548, 26.8256; 280.172, 28.0772; 281.708, 29.4315; 283.139, 30.8849; 284.45, 32.4342; 285.624, 34.0757; 286.646, 35.8062; 287.5, 37.6222; 288.168, 39.5203; 288.634, 41.4959; 288.924, 43.5236; 289.267, 45.5247; 289.877, 47.4692; 290.897, 49.228; 292.4, 50.5; ];
boundaryCurve{6} = [259.5, 20; 261.445, 19.74; 263.426, 20.3802; 265.367, 21.0758; 267.284, 21.8118; 269.178, 22.5837; 271.049, 23.3868; 272.901, 24.2271; 274.757, 25.1254; 276.596, 26.0827; 278.392, 27.1134; 280.122, 28.2318; 281.762, 29.4523; 283.288, 30.7893; 284.674, 32.2571; 285.897, 33.8701; 286.925, 35.6375; 287.763, 37.4949; 288.442, 39.4177; 288.986, 41.3934; 289.422, 43.409; 289.859, 45.4678; 290.408, 47.5118; 291.176, 49.4155; 292.272, 51.0534; 293.8, 52.3; ];
boundaryCurve{7} = [290.8, 48.3; 291.948, 49.9766; 293.298, 51.4702; 294.841, 52.7694; 296.547, 53.8778; 298.336, 54.824; 300.175, 55.6711; 302, 56.5392; 303.788, 57.4842; 305.497, 58.5682; 307.082, 59.8159; 308.498, 61.2516; 309.7, 62.9; ];
boundaryCurve{8} = [291.7, 50.9; 293.303, 52.3345; 295.016, 53.6428; 296.889, 54.7554; 298.873, 55.5932; 300.951, 56.2711; 302.965, 57.0889; 304.868, 58.103; 306.648, 59.3131; 308.296, 60.7139; 309.8, 62.3; ];
boundaryCurve{9} = [276.8, 43.9; 274.509, 43.4906; 272.144, 43.3001; 269.759, 43.533; 267.6, 44.3; ];
boundaryCurve{10} = [270.2, 42.3; 272.553, 42.1516; 274.925, 42.3125; 277.259, 42.7922; 279.5, 43.6; ];
boundaryCurve{11} = [271.7, 43; 274.637, 43.0625; 277.5, 43.8; ];
boundaryCurve{12} = [273.1, 41.7; 275.925, 41.7875; 278.6, 42.7; ];
boundaryCurve{13} = [282.2, 52.5; 280.092, 52.3313; 278.012, 52.575; 276.027, 53.2312; 274.2, 54.3; ];
boundaryCurve{14} = [283.3, 51.8; 281.297, 51.592; 279.298, 51.792; 277.382, 52.376; 275.623, 53.32; 274.1, 54.6; ];
boundaryCurve{15} = [282.2, 52.8; 280.155, 52.6656; 278.137, 53; 276.252, 53.7844; 274.6, 55; ];
boundaryCurve{16} = [282.8, 52; 280.475, 52.1391; 278.225, 52.8125; 276.163, 53.9547; 274.4, 55.5; ];
boundaryCurve{17} = [312.8, 63.3; 310.914, 62.4227; 308.802, 62.4723; 306.991, 63.5079; 305.868, 65.2845; 305.798, 67.3751; 307.114, 68.9306; 309.184, 69.4773; 311.225, 69.1237; 312.633, 67.5459; 312.48, 65.568; 310.694, 64.5721; 308.6, 64.7; ];
boundaryCurve{18} = [310.761, 68.1754; 309.515, 69.2423; 307.939, 68.8884; 306.902, 67.2125; 306.979, 65.1683; 308.072, 63.4674; 309.879, 62.6099; 311.842, 63.0222; 313.126, 64.5897; 313.307, 66.5716; 312.437, 68.3931; 310.73, 69.5182; 308.729, 69.6615; 306.943, 68.7312; 306.275, 66.8718; 306.838, 64.913; 308.369, 63.6481; 310.392, 63.5765; 311.9, 64.5; 312.033, 64.685; 312.3, 66.3; 312.147, 66.608; 310.9, 67.4; 310.371, 67.5781; 309.2, 67.8; 308.376, 67.6015; 307.8, 67; 307.933, 65.8863; 308.2, 65.6; 309.7, 65.8; ];
boundaryCurve{19} = [279.6, 69.1; 281.276, 70.3732; 282.958, 71.6331; 284.683, 72.8335; 286.492, 73.9281; 288.377, 74.885; 290.353, 75.6746; 292.394, 76.2483; 294.461, 76.5585; 296.549, 76.5572; 298.628, 76.22; 300.628, 75.5688; 302.511, 74.6292; 304.238, 73.4269; 305.771, 71.9875; 307.071, 70.3366; 308.1, 68.5; ];
boundaryCurve{20} = [280.8, 68.6; 282.203, 70.1207; 283.712, 71.5239; 285.326, 72.7979; 287.046, 73.9308; 288.871, 74.9106; 290.793, 75.6774; 292.783, 76.2066; 294.817, 76.4994; 296.873, 76.5401; 298.926, 76.313; 300.935, 75.7985; 302.816, 74.9536; 304.539, 73.8016; 306.047, 72.3821; 307.286, 70.735; 308.2, 68.9; ];
boundaryCurve{21} = [263.8, 73.5; 265.895, 73.6445; 267.956, 73.971; 269.991, 74.4385; 272.01, 75.0061; 274.02, 75.6328; 276.03, 76.2778; 278.048, 76.8999; 280.092, 77.4609; 282.186, 77.9292; 284.307, 78.2672; 286.428, 78.4377; 288.524, 78.4035; 290.568, 78.1273; 292.536, 77.5719; 294.4, 76.7; ];
boundaryCurve{22} = [265.4, 74.4; 267.455, 74.5233; 269.468, 74.9438; 271.444, 75.5592; 273.386, 76.2672; 275.3, 76.9653; 277.287, 77.5735; 279.279, 78.1103; 281.271, 78.5603; 283.27, 78.9051; 285.308, 79.1094; 287.374, 79.1246; 289.426, 78.9014; 291.419, 78.3953; 293.316, 77.5725; 295, 76.4; ];
boundaryCurve{23} = [266.7, 73.9; 268.683, 74.0711; 270.624, 74.5229; 272.535, 75.1635; 274.43, 75.901; 276.321, 76.6434; 278.226, 77.292; 280.173, 77.783; 282.157, 78.1268; 284.163, 78.3235; 286.179, 78.373; 288.194, 78.2755; 290.194, 78.0308; 292.166, 77.639; 294.1, 77.1; ];
boundaryCurve{24} = [241.7, 13.7; 242.304, 15.6662; 242.892, 17.6396; 243.428, 19.6275; 243.875, 21.6371; 244.197, 23.6756; 244.357, 25.7454; 244.312, 27.8189; 244.041, 29.8635; 243.528, 31.8468; 242.754, 33.7364; 241.7, 35.5; ];
boundaryCurve{25} = [243.2, 13.6; 243.808, 15.6675; 244.198, 17.78; 244.38, 19.9225; 244.365, 22.08; 244.162, 24.2375; 243.783, 26.38; 243.237, 28.4925; 242.534, 30.56; 241.685, 32.5675; 240.7, 34.5; ];
boundaryCurve{26} = [241.7, 18; 242.636, 19.9196; 243.095, 22.0336; 243.13, 24.2455; 242.801, 26.4616; 242.21, 28.5788; 241.448, 30.6108; 240.6, 32.6; ];
boundaryCurve{27} = [234.7, 40.7; 233.778, 42.6617; 233.017, 44.6856; 232.421, 46.7588; 231.991, 48.8684; 231.727, 51.0014; 231.631, 53.145; 231.705, 55.2862; 231.963, 57.4196; 232.47, 59.5272; 233.317, 61.4952; 234.6, 63.2; ];
boundaryCurve{28} = [232.7, 53.3; 232.63, 55.477; 232.925, 57.6281; 233.558, 59.709; 234.5, 61.675; 235.723, 63.4816; 237.2, 65.0844; 238.902, 66.4387; 240.8, 67.5; ];
boundaryCurve{29} = [232.8, 59.8; 232.237, 57.7787; 231.894, 55.7047; 231.766, 53.6002; 231.85, 51.4875; 232.14, 49.3889; 232.631, 47.3266; 233.32, 45.3229; 234.2, 43.4; ];
