boundaryCurve{1} = [244.42, 507.5; 242.879, 506.217; 241.349, 504.921; 239.828, 503.611; 238.318, 502.288; 236.819, 500.951; 235.331, 499.602; 233.854, 498.239; 232.389, 496.864; 230.935, 495.475; 229.494, 494.074; 228.065, 492.659; 226.648, 491.232; 225.245, 489.792; 223.855, 488.34; 222.478, 486.875; 221.115, 485.398; 219.766, 483.908; 218.432, 482.405; 217.112, 480.891; 215.807, 479.364; 214.517, 477.825; 213.243, 476.274; 211.984, 474.711; 210.741, 473.136; 209.515, 471.549; 208.305, 469.951; 207.112, 468.34; 205.936, 466.718; 204.777, 465.085; 203.636, 463.44; 202.513, 461.783; 201.409, 460.115; 200.322, 458.435; 199.254, 456.745; 198.206, 455.043; 197.177, 453.33; 196.167, 451.606; 195.177, 449.871; 194.207, 448.125; 193.258, 446.368; 192.329, 444.6; 191.422, 442.822; 190.535, 441.033; 189.67, 439.233; 188.827, 437.423; 188.006, 435.602; 187.207, 433.771; 186.431, 431.93; 185.678, 430.079; 184.948, 428.217; 184.241, 426.345; 183.558, 424.463; 182.9, 422.571; 182.265, 420.671; 181.653, 418.763; 181.062, 416.849; 180.489, 414.929; 179.932, 413.004; 179.39, 411.074; 178.861, 409.14; 178.342, 407.203; 177.832, 405.264; 177.328, 403.322; 176.829, 401.379; 176.333, 399.436; 175.837, 397.492; 175.34, 395.549; 174.839, 393.607; 174.333, 391.667; 173.82, 389.729; 173.298, 387.794; 172.764, 385.863; 172.216, 383.936; 171.654, 382.015; 171.074, 380.099; 170.475, 378.189; 169.855, 376.286; 169.211, 374.391; 168.542, 372.504; 167.846, 370.626; 167.1, 368.708; 166.311, 366.788; 165.484, 364.877; 164.619, 362.978; 163.718, 361.092; 162.782, 359.223; 161.811, 357.372; 160.805, 355.541; 159.767, 353.733; 158.696, 351.951; 157.595, 350.196; 156.462, 348.471; 155.3, 346.779; 154.109, 345.12; 152.889, 343.499; 151.643, 341.916; 150.37, 340.375; 149.072, 338.878; 147.749, 337.427; 146.403, 336.024; 145.033, 334.671; 143.641, 333.372; 142.228, 332.128; 140.794, 330.941; 139.341, 329.814; 137.869, 328.749; 136.99, 328.15; 137.633, 328.658; 139.187, 329.923; 140.715, 331.22; 142.216, 332.548; 143.689, 333.906; 145.134, 335.294; 146.551, 336.711; 147.938, 338.157; 149.296, 339.63; 150.624, 341.131; 151.921, 342.658; 153.188, 344.211; 154.423, 345.789; 155.626, 347.392; 156.796, 349.018; 157.934, 350.667; 159.038, 352.34; 160.108, 354.033; 161.144, 355.749; 162.145, 357.484; 163.111, 359.24; 164.04, 361.015; 164.934, 362.808; 165.791, 364.619; 166.61, 366.448; 167.392, 368.293; 168.135, 370.154; 168.84, 372.03; ];
boundaryCurve{2} = [136.59, 331.48; 138.038, 332.874; 139.466, 334.289; 140.871, 335.726; 142.255, 337.183; 143.617, 338.661; 144.957, 340.159; 146.275, 341.677; 147.57, 343.214; 148.843, 344.77; 150.092, 346.344; 151.318, 347.937; 152.521, 349.547; 153.7, 351.175; 154.855, 352.82; 155.987, 354.482; 157.094, 356.16; 158.176, 357.854; 159.234, 359.563; 160.268, 361.288; 161.275, 363.027; 162.258, 364.781; 163.215, 366.549; 164.147, 368.331; 165.052, 370.126; 165.932, 371.934; 166.784, 373.754; 167.611, 375.587; 168.41, 377.431; 169.183, 379.287; 169.928, 381.153; 170.646, 383.031; 171.337, 384.919; 171.999, 386.816; 172.633, 388.724; 173.239, 390.64; 173.817, 392.565; 174.366, 394.499; 174.886, 396.441; 175.377, 398.39; 175.838, 400.346; 176.27, 402.31; ];
boundaryCurve{3} = [171.77, 382.49; 172.245, 384.437; 172.734, 386.38; 173.237, 388.32; 173.754, 390.256; 174.285, 392.188; 174.83, 394.117; 175.389, 396.041; 175.961, 397.962; 176.548, 399.878; 177.148, 401.79; 177.762, 403.697; 178.389, 405.6; 179.031, 407.499; 179.686, 409.393; 180.354, 411.282; 181.036, 413.166; 181.731, 415.045; 182.44, 416.92; 183.163, 418.789; 183.898, 420.653; 184.648, 422.511; 185.41, 424.364; 186.185, 426.212; 186.974, 428.054; 187.776, 429.89; 188.592, 431.721; 189.42, 433.545; 190.261, 435.364; 191.115, 437.177; 191.983, 438.983; 192.863, 440.783; 193.756, 442.576; 194.662, 444.364; 195.581, 446.144; 196.513, 447.918; 197.458, 449.685; 198.415, 451.445; 199.385, 453.199; 200.367, 454.945; 201.362, 456.684; 202.37, 458.416; 203.39, 460.14; ];
boundaryCurve{4} = [180.1, 413.43; 180.522, 415.417; 180.972, 417.398; 181.451, 419.371; 181.959, 421.338; 182.495, 423.296; 183.058, 425.247; 183.65, 427.19; 184.269, 429.124; 184.915, 431.049; 185.589, 432.965; 186.29, 434.871; 187.017, 436.767; 187.771, 438.653; 188.551, 440.528; 189.358, 442.392; 190.19, 444.245; 191.049, 446.086; 191.932, 447.915; 192.842, 449.732; 193.776, 451.536; 194.735, 453.326; 195.719, 455.104; 196.728, 456.867; 197.761, 458.617; 198.818, 460.352; 199.899, 462.072; 201.004, 463.777; 202.132, 465.466; 203.283, 467.14; 204.458, 468.797; 205.656, 470.438; 206.876, 472.062; 208.119, 473.669; 209.384, 475.258; 210.671, 476.829; 211.981, 478.382; 213.312, 479.916; 214.664, 481.432; 216.038, 482.928; 217.433, 484.404; 218.848, 485.861; 220.285, 487.297; 221.742, 488.712; 223.219, 490.106; 224.716, 491.479; 226.233, 492.831; 227.77, 494.16; ];
boundaryCurve{5} = [202.32, 456.66; 203.215, 458.456; 204.139, 460.237; 205.091, 462.002; 206.071, 463.753; 207.079, 465.488; 208.113, 467.206; 209.175, 468.908; 210.263, 470.594; 211.377, 472.262; 212.517, 473.913; 213.683, 475.545; 214.874, 477.16; 216.089, 478.756; 217.329, 480.334; 218.594, 481.892; 219.882, 483.43; 221.193, 484.949; 222.528, 486.447; 223.885, 487.925; 225.265, 489.382; 226.668, 490.818; 228.091, 492.232; 229.537, 493.624; 231.003, 494.993; 232.491, 496.34; 233.998, 497.664; 235.526, 498.965; 237.074, 500.242; 238.641, 501.495; 240.227, 502.724; 241.832, 503.927; 243.456, 505.106; 245.097, 506.26; 246.756, 507.387; 248.433, 508.489; 250.127, 509.564; 251.837, 510.612; 253.564, 511.633; 255.307, 512.627; 257.066, 513.592; 258.84, 514.53; ];
boundaryCurve{6} = [213.82, 474.68; 215.238, 476.121; 216.667, 477.55; 218.108, 478.968; 219.56, 480.374; 221.024, 481.768; 222.499, 483.15; 223.985, 484.52; 225.482, 485.878; 226.991, 487.224; 228.51, 488.557; 230.04, 489.878; 231.58, 491.187; 233.131, 492.483; 234.693, 493.767; 236.265, 495.038; 237.847, 496.296; 239.439, 497.541; 241.041, 498.773; 242.653, 499.993; 244.275, 501.199; 245.907, 502.392; 247.548, 503.572; 249.199, 504.739; 250.859, 505.892; 252.528, 507.031; 254.207, 508.158; 255.895, 509.27; 257.591, 510.369; 259.297, 511.454; 261.011, 512.525; 262.734, 513.582; 264.465, 514.625; 266.205, 515.655; 267.954, 516.669; 269.71, 517.67; ];
boundaryCurve{7} = [240.15, 503.54; 241.625, 504.911; 243.126, 506.253; 244.653, 507.567; 246.204, 508.85; 247.779, 510.104; 249.378, 511.328; 251, 512.521; 252.643, 513.684; 254.309, 514.816; 255.995, 515.916; 257.702, 516.985; 259.428, 518.022; 261.173, 519.027; 262.937, 519.999; 264.719, 520.938; 266.517, 521.844; 268.332, 522.717; 270.163, 523.556; 272.009, 524.361; 273.869, 525.131; 275.744, 525.867; 277.631, 526.568; 279.532, 527.234; 281.444, 527.864; 283.368, 528.458; 285.302, 529.015; 287.247, 529.537; 289.201, 530.021; 291.164, 530.468; 293.135, 530.878; 295.113, 531.25; 297.098, 531.584; 299.09, 531.88; ];
boundaryCurve{8} = [258.46, 515.56; 260.215, 516.559; 261.984, 517.532; 263.767, 518.479; 265.563, 519.401; 267.372, 520.297; 269.194, 521.167; 271.028, 522.01; 272.874, 522.827; 274.732, 523.618; 276.601, 524.382; 278.48, 525.12; 280.37, 525.831; 282.27, 526.515; 284.179, 527.171; 286.097, 527.801; 288.024, 528.403; 289.96, 528.978; 291.903, 529.525; 293.854, 530.044; 295.812, 530.536; 297.777, 530.999; 299.749, 531.435; 301.726, 531.842; 303.709, 532.221; 305.698, 532.571; 307.691, 532.893; 309.688, 533.186; 311.69, 533.45; ];
boundaryCurve{9} = [264.5, 516.08; 266.389, 516.885; 268.284, 517.677; 270.184, 518.457; 272.089, 519.224; 273.999, 519.979; 275.914, 520.721; 277.834, 521.45; 279.758, 522.167; 281.688, 522.871; 283.622, 523.562; 285.56, 524.24; 287.503, 524.906; 289.45, 525.559; 291.401, 526.199; 293.357, 526.826; 295.316, 527.44; 297.28, 528.041; 299.248, 528.629; 301.219, 529.204; 303.194, 529.766; 305.173, 530.315; 307.155, 530.851; 309.141, 531.374; 311.13, 531.884; 313.123, 532.38; 315.119, 532.863; 317.118, 533.333; 319.12, 533.79; ];
