radius = 8;
cppContour{1} = [744.0290406609296 592.7403328401017; 747.4400000000001 590.72;747.3625482502226 583.3828981632311;745.41 580.02;744.7797532906008 577.9321297780153;743.4019213803709 574.4985911410167;741.2215498663138 571.5068166277024;738.4595020664954 569.0393900457326;735.2737994591629 567.1430297391281;731.837931305007 565.7398899122519;728.2673656342861 564.720747947884;724.6332086488584 563.9558028778479;720.9763937894315 563.3055162229091;717.3237098256104 562.6329238602128;712.15 561.03;706.77 559.1900000000001;700.583557422112 558.4586601458684;696.7498693381497 557.5080248644417;692.9278284797088 556.5116091942145;689.1180494447616 555.4693042024855;685.3208945949701 554.3818923394032;681.5370895866225 553.2489206580012;677.7672373515611 552.0703490286809;677.7082093631682 552.0511306799506;676.1235111632345 551.4794586048125;672.4035624820593 550.1125484749671;668.6927303377995 548.7210853683225;665.1066396041754 547.3471765942145;662.1650251162293 546.0271424091522;658.5800969576384 544.3828647541912;655.0084304375511 542.7099710853927;651.4491549376791 541.0108696520839;647.902745005512 539.2850762207859;644.3679419974308 537.5356355846985;640.8457152788995 535.7610050489576;637.3343985454205 533.964890680502;633.8342548655709 532.1470936384702;630.345074683103 530.3083413300208;626.8660065049481 528.4505289150851;623.3964925517631 526.5749305533074;619.9367461232245 524.6813774082885;616.4859580982826 522.7715438350524;613.0437761627059 520.8462447528096;609.6094990086671 518.9068774374894;606.1828292224042 516.9540981633343;602.7632937160756 514.9888534012462;599.3502090494381 513.0124250333514;595.94341105014 511.0251784904964;592.541854386722 509.0289725079834;589.1454914019123 507.0239426599077;585.7810094340696 505.0282752065701;584.9209209864911 504.3839524810932;581.7899332309599 501.9543105748127;578.7023936598484 499.4696932012366;575.66 496.93;571.6793371832053 494.0820301007076;568.9613318913915 491.4878128306095;566.1818473071645 488.9595320536989;563.339649593413 486.5019235915028;560.4377303441828 484.1151729174028;557.4781077068333 481.8003932002948;554.4628450357673 479.558616839949;551.394027716573 477.3907328729979;548.2724941411055 475.299456263024;545.1007871090164 473.2850440496846;541.88 471.35;536.4421238474334 467.7606192643859;533.4313115803534 465.3994753917728;530.4496923292718 463.0015604364373;527.4984877320768 460.5663108226926;524.5777781071803 458.0945843597747;521.6874311180545 455.5874308071292;518.8281626962888 453.044889122995;516.0002488698208 450.4675159847085;513.2037043669221 447.8561334233285;510.44 445.21;504.1367991507499 442.0415948817768;501.1943796059961 439.3916687539173;498.2518269763626 436.7418903843898;495.3093809578008 434.0919936598654;492.3669043501957 431.4421308957897;489.4243996001719 428.7922993758805;486.58 422.4;483.6343523416259 419.7947588232656;480.6709008563849 417.2097852584342;477.6894785155575 414.6455598236262;474.6901980174136 412.1022493964177;471.6731936157918 409.5799916020523;468.6389037222664 407.0785549068509;465.5870659123389 404.5985573792221;462.518313982471 402.1395208797143;459.4323576416447 399.7021105928774;456.3295138697361 397.2862367659702;453.2101904121629 394.8916782041538;450.0738357398452 392.5194687807755;446.9216107954513 390.1683872872793;443.75251435255 387.8400965472929;440.5677094780188 385.5333418986156;437.3667107760481 383.2491085834421;434.1503542311767 380.9865485093768;430.9180787092766 378.7467849983702;427.67 376.53;423.535063543625 375.457779262966;420.463210877934 372.9469738358379;415.32 367.37;412.3594461822146 364.9700577031252;409.3988923644293 362.5701154062505;406.4392246551005 360.1690807843754;403.4791138276248 357.7685924037943;400.5193353707186 355.3676943028457;397.5595569138124 352.9667962018971;394.5997784569062 350.5658981009486;391.64 348.165;388.6802215430938 345.7641018990514;385.7204430861876 343.3632037981029;382.7606646292814 340.9623056971543;379.8008861723752 338.5614075962057;376.8407753448994 336.1609192156246;373.8811076355707 333.7598845937495;370.9205538177853 331.3599422968747;367.96 328.96;361.630512248932 325.821204223447;357.92 321.3;354.8857723736321 318.8851575998036;351.8515447472642 316.4703151996073;348.8169294133517 314.0559601029242;345.7822146599882 311.6417300143049;342.7479870336203 309.2268876141086;339.7135646676874 306.8122899987245;336.6790446538889 304.3978151252929;333.6439423797314 301.9840724888156;330.60966615235 299.5692911793892;327.575 297.155;324.5403338476499 294.7407088206108;321.5060576202686 292.3259275111844;318.4709553461111 289.9121848747071;315.4364353323126 287.4977100012755;312.4020129663797 285.0831123858914;309.3677853400118 282.6682699856951;306.3330705866483 280.2540398970758;303.2984552527358 277.8396848003927;300.2642276263679 275.4248424001964;297.23 273.01;292.6161907065091 268.7982798676186;290.4377396575206 265.7664489337379;288.4714478345356 262.5928274009528;286.73 259.29;284.9615887418316 255.6410196572552;283.6598257882526 251.8717766086007;282.3037737081344 248.1217364579117;280.8860908351838 244.3945825277029;279.3977626354957 240.6950885645828;277.8297349382167 237.0286923956982;276.1745933674953 233.4008142699578;274.4237277459693 229.8181918629729;272.5692532092917 226.2881339189585;270.6055441722839 222.8177049429567;268.5238515120528 219.4167994497069;266.3193341489793 216.0942521213778;263.9867419622586 212.860407588764;261.5209870197315 209.7270334337727;258.9138791549101 206.7102916721369;256.1708353511498 203.8166094377263;253.2965758613113 201.0532032533132;250.2968375349044 198.4265871994189;247.176572864091 195.9443515842667;245.722606044382 194.8973623543271;245.7062580779329 194.8832431694408;242.6092111629283 192.4703584952606;239.3856816833574 190.2292801277111;236.0429076636664 188.1701695655968;232.5891254965011 186.303203541945;229.0328689127506 184.6398888522752;225.384833797984 183.1891378640932;221.6550500616254 181.9641220377158;217.8548058081983 180.9796079650463;213.9976758700656 180.2498067715171;210.0993561874188 179.789062033389;206.1780769133084 179.6111295198856;202.2546282592716 179.7281367831849;198.3523227710946 180.1499210153679;194.4963311257166 180.8825974857137;190.709819407761 181.9161171646572;187.0129419550256 183.2350857474128;183.4231097029437 184.8225989826046;182.2018885273395 185.4705487381603;179.6604080625943 186.5688272001954;176.1152890862854 188.3933034614091;172.7042322905051 190.4576337799224;169.4469124166162 192.7568855889005;166.366168724055 195.2877998791047;163.485145372185 198.0438019106312;160.8280140387084 201.0161764559992;158.4195465883972 204.1932829706911;156.2858308232556 207.561065917585;154.45 211.1;152.1223583127992 216.0054388284742;150.5300045570312 219.6217731257522;149.1884537785992 223.3385096605496;148.4 223.67;144.5791438923758 224.5680189832954;140.7856043360015 225.5750894584467;137.0218453327981 226.688194590289;133.2912097980404 227.9076830690561;129.5966979993237 229.2325412056886;125.9407449343073 230.6603605978064;122.3266623180444 232.1910338778422;118.7570235477908 233.8227071758218;115.2348570786813 235.5544742305446;111.7634186156241 237.3858398566053;110.8381986914283 237.9077387759079;109.0022069230766 238.620581701113;105.2958171950662 240.1189793987329;101.6099122894022 241.6670749108104;97.94510175307106 243.2644685633836;95.62327518736288 244.3126211509915;93.09999999999999 243.01;94.3005454 244.910142;99.98183613586652 246.3697249657052;103.5273993817919 247.817950685803;107.1331566566948 249.1089449004514;110.7910526569739 250.2437914242449;114.4944045006573 251.2202355125668;118.2360051172287 252.0382117081347;122.008957121425 252.6969779138299;125.8064476687356 253.195933325138;129.622062597492 253.528948845684;133.4482307025282 253.701120524695;137.2781826024651 253.7100564703777;141.1050157144967 253.5564288946796;144.921674912793 253.2382418495349;148.721035794835 252.7556352171611;152.4956338906504 252.106917912399;155.5696613386232 