segmentsStart = [157.95, 252.8; 157.95, 252.8; 177.84, 407.22; 177.84, 407.22; 148.11, 227.14; 148.11, 227.14; 287.98, 265.22; 287.98, 265.22; 293.69, 275.08; 293.69, 275.08; 499.6, 441.49; 499.6, 441.49; 294.08, 303.5; 294.08, 303.5; 590.85, 527.14; 590.85, 527.14; 497.6, 439.03; 497.6, 439.03; 171.21, 375.8; 171.21, 375.8; 351.37, 536.41; 351.37, 536.41; 156.88, 252.6; 156.88, 252.6; 349.02, 534.1; 349.02, 534.1; 160.97, 247.27; 160.97, 247.27; 94.3005, 244.91; 94.3005, 244.91; 94.3014, 244.909; 94.3014, 244.909; 150.938, 225.51; 150.938, 225.51; 150.94, 225.51; 150.94, 225.51; 100.74, 246.32; 100.74, 246.32; 164.81, 246.21; 164.81, 246.21; 97.68, 244.46; 97.68, 244.46; 155.2, 250.38; 155.2, 250.38; 175.98, 409.85; 175.98, 409.85; 172.58, 381.45; 172.58, 381.45; 200.29, 462.79; 200.29, 462.79; 189.43, 442.12; 189.43, 442.12; 246.38, 505.08; 246.38, 505.08; 228.75, 492.89; 228.75, 492.89; 318.51, 531.34; 318.51, 531.34; 274.29, 515.83; 274.29, 515.83; 345.32, 534.21; 345.32, 534.21; 151.26, 226.45; 151.26, 226.45; 285.62, 260.41; 285.62, 260.41; 154.45, 211.1; 154.45, 211.1; 334.47, 304.93; 334.47, 304.93; 293.33, 304.86; 293.33, 304.86; 586.15, 522.79; 586.15, 522.79; 289.24, 270.27; 289.24, 270.27; 594.42, 523.53; 594.42, 523.53; 158.42, 247.26; 158.42, 247.26; 168.89, 272.08; 168.89, 272.08; 155.55, 251.42; 155.55, 251.42; 169.75, 366.82; 169.75, 366.82; 346.29, 516.71; 346.29, 516.71; 360.18, 549.46; 360.18, 549.46; 363.5, 513.23; 363.5, 513.23; 325.89, 617.76; 325.89, 617.76; 368.37, 551.68; 368.37, 551.68; 334.39, 621.78; 334.39, 621.78; 376.83, 538.28; 376.83, 538.28; 555.12, 525.73; 555.12, 525.73; 345.09, 517.23; 345.09, 517.23; 361.35, 549.39; 361.35, 549.39; 370.97, 550.8; 370.97, 550.8; 365.26, 515.86; 365.26, 515.86; 357.67, 554.24; 357.67, 554.24; 368.15, 550.89; 368.15, 550.89; 334.04, 626.02; 334.04, 626.02; 335.69, 624.24; 335.69, 624.24; 367, 637.11; 367, 637.11; 371.34, 635.87; 371.34, 635.87; 331.669, 607.902; 331.669, 607.902; 331.67, 607.9; 331.67, 607.9; 266.72, 634.47; 266.72, 634.47; 332.68, 608.44; 332.68, 608.44; 265.95, 634.42; 265.95, 634.42; 329.55, 614.48; 329.55, 614.48; 370.48, 633; 370.48, 633; 343.58, 604.16; 343.58, 604.16; 368.09, 634.43; 368.09, 634.43; 535.28, 521.34; 535.28, 521.34; 734.75, 595.35; 734.75, 595.35; 562.09, 490.79; 562.09, 490.79; 745.25, 591.43; 745.25, 591.43; 377.64, 535.63; 377.64, 535.63; 747.44, 590.72; 747.44, 590.72; 666.39, 576.96; 666.39, 576.96; 735.75, 594.66; 735.75, 594.66; 713.66, 594.92; 713.66, 594.92; 745.41, 580.02; 745.41, 580.02; 575.66, 496.93; 575.66, 496.93; 744.81, 579.41; 744.81, 579.41; 376.29, 536.45; 376.29, 536.45; 538.93, 519.02; 538.93, 519.02; 353.46, 542.87; 353.46, 542.87; 318.99, 606.7; 318.99, 606.7; 359.15, 548.56; 359.15, 548.56; 326.26, 613.08; 326.26, 613.08; 352.09, 542.72; 352.09, 542.72; 320.52, 602.82; 320.52, 602.82; 272.34, 623.29; 272.34, 623.29; 308.71, 614.91; 308.71, 614.91; 264.42, 621.16; 264.42, 621.16; 321.27, 604.39; 321.27, 604.39; 270.59, 624.15; 270.59, 624.15; 308.75, 613.12; 308.75, 613.12; 262.25, 624.07; 262.25, 624.07; 338.59, 617.71; 338.59, 617.71; 357.29, 625.6; 357.29, 625.6; 337.52, 620.03; 337.52, 620.03; 357.03, 625.16; 357.03, 625.16; 258.03, 376.03; 258.03, 376.03; 255.81, 347.88; 255.81, 347.88; 294.67, 417.57; 294.67, 417.57; 272.96, 397.18; 272.96, 397.18; 350.98, 448.43; 350.98, 448.43; 308.61, 426.7; 308.61, 426.7; 394.26, 469.44; 394.26, 469.44; 348.6, 449.07; 348.6, 449.07; 438.49, 485.81; 438.49, 485.81; 391.66, 468.99; 391.66, 468.99; 474.76, 493.31; 474.76, 493.31; 454.81, 488.29; 454.81, 488.29; 524.67, 504.14; 524.67, 504.14; 443.96, 485.63; 443.96, 485.63; 553.53, 516.19; 553.53, 516.19; 488.32, 499.33; 488.32, 499.33; 575.97, 519.15; 575.97, 519.15; 542.59, 514.19; 542.59, 514.19; 601.27, 523.17; 601.27, 523.17; 297.23, 273.01; 297.23, 273.01; 357.92, 321.3; 357.92, 321.3; 367.96, 328.96; 367.96, 328.96; 415.32, 367.37; 415.32, 367.37; 427.67, 376.53; 427.67, 376.53; 486.58, 422.4; 486.58, 422.4; 449.11, 393.84; 449.11, 393.84; 509.89, 454.8; 509.89, 454.8; 468.83, 410.24; 468.83, 410.24; 518.85, 455.29; 518.85, 455.29; 510.44, 445.21; 510.44, 445.21; 551.92, 479; 551.92, 479; 541.88, 471.35; 541.88, 471.35; 584.27, 508.01; 584.27, 508.01; 561.36, 489.77; 561.36, 489.77; 577.26, 502.19; 577.26, 502.19; 158.01, 253.21; 158.01, 253.21; 179.62, 328.85; 179.62, 328.85; 173.64, 291.19; 173.64, 291.19; 172.59, 388.31; 172.59, 388.31; 175.34, 370.1; 175.34, 370.1; 222.05, 485.33; 222.05, 485.33; 186.43, 436.93; 186.43, 436.93; 267.76, 519.2; 267.76, 519.2; 236.45, 491.43; 236.45, 491.43; 325.85, 530.84; 325.85, 530.84; 342.47, 520.91; 342.47, 520.91; 353.29, 544.13; 353.29, 544.13; 369.72, 516.86; 369.72, 516.86; 374.63, 546.34; 374.63, 546.34; 362.75, 550.61; 362.75, 550.61; 513.97, 516.05; 513.97, 516.05; 698.25, 595.77; 698.25, 595.77; 560.99, 529.03; 560.99, 529.03; 682.86, 580.71; 682.86, 580.71; 595.31, 538.25; 595.31, 538.25; 669.52, 580.75; 669.52, 580.75; 611.9, 551.46; 611.9, 551.46; 684.46, 588.94; 684.46, 588.94; 712.15, 561.03; 712.15, 561.03; 687.99, 587.01; 687.99, 587.01; 746.3, 589.07; 746.3, 589.07; 706.77, 559.19; 706.77, 559.19; 745.08, 581.62; 745.08, 581.62; 288.835, 272.846; 288.835, 272.846; 151.371, 222.758; 151.371, 222.758; 151.37, 222.76; 151.37, 222.76; 288.38, 272.98; 288.38, 272.98; 161.62, 245.48; 161.62, 245.48; 148.78, 225.58; 148.78, 225.58; 148.781, 225.581; 148.781, 225.581; 164.154, 244.715; 164.154, 244.715; 286.73, 259.29; 286.73, 259.29; 309.53, 283.25; 309.53, 283.25; 93.1, 243.01; 159.94, 250.31; 159.94, 250.31; 101.68, 243.46; 101.68, 243.46; 148.4, 223.67; 148.4, 223.67; 369.56, 553.31; 369.56, 553.31; 335.66, 624.27; 335.66, 624.27; 164.72, 228.89; 164.72, 228.89; 203.67, 208.84; 203.67, 208.84; 174.24, 211.71; 174.24, 211.71; 174.65, 227.6; 174.65, 227.6; 168.66, 217.6; 168.66, 217.6; 169.12, 228.51; 169.12, 228.51; 167.23, 222.08; 167.23, 222.08; 167.3, 228.84; 167.3, 228.84; 170.61, 215.66; 170.61, 215.66; 171.06, 227.51; 171.06, 227.51; 172.82, 212.51; 172.82, 212.51; 173.55, 228.33; 173.55, 228.33; 174.57, 210.37; 174.57, 210.37; 175.35, 226.34; 175.35, 226.34; 176.33, 209.7; 176.33, 209.7; 177.14, 224.03; 177.14, 224.03; 178.62, 208.97; 178.62, 208.97; 179.1, 221.11; 179.1, 221.11; 180.86, 208.76; 180.86, 208.76; 180.85, 218.74; 180.85, 218.74; 204.39, 208.32; 204.39, 208.32; 162.82, 228.48; 162.82, 228.48; 181.17, 230.5; 181.17, 230.5; 200.39, 212.58; 200.39, 212.58; 184.05, 232.57; 184.05, 232.57; 202.38, 212.72; 202.38, 212.72; 166.6, 223.28; 166.6, 223.28; 167.27, 229.63; 167.27, 229.63; 167.7, 220.8; 167.7, 220.8; 168.9, 228.33; 168.9, 228.33; 170.91, 217.12; 170.91, 217.12; 171.88, 226.62; 171.88, 226.62; 173.02, 214.42; 173.02, 214.42; 174.29, 225.95; 174.29, 225.95; 175.22, 212.63; 175.22, 212.63; 176.57, 224.76; 176.57, 224.76; 177.29, 210.59; 177.29, 210.59; 178.03, 222.24; 178.03, 222.24; 179.71, 208.89; 179.71, 208.89; 180.19, 220.82; 180.19, 220.82; 182.21, 209.83; 182.21, 209.83; 182.08, 216.84; 182.08, 216.84; 148.23, 225.86; 148.23, 225.86; 102.6, 243.04; 102.6, 243.04; ];
