radius = 8;
cppContour{1} = [778.2659106655274 456.896478579907; 780.85 453.89;778.6824033616022 447.7767777310861;774.73 444.03;771.5812557232583 441.6983572318665;768.0235188144976 440.0579003401975;764.2251817239624 439.0894174026825;760.3257649821011 438.6722130895067;756.4031275717944 438.6527116517433;752.4874074372224 438.8966913856565;748.5833667935616 439.2888895550679;744.6838964255121 439.7256248304393;737.9 437.09;733.9624749169182 437.6897825563859;730.0155643228053 438.224318950627;726.0603746793512 438.693671465217;722.0980924002005 439.098832861211;718.1298608409365 439.4408291672923;714.1568354903482 439.7216910213173;710.4847410851742 439.9239591591273;709.3916166796918 439.8850137083126;705.4713177945173 439.7181770560385;701.5521442458522 439.5266368740894;697.6341547369872 439.3122106065649;693.7172575059743 439.0786735700164;689.8014603097103 438.8273385100056;685.8866540195819 438.5610111273512;681.9726105384126 438.2836787959047;678.0593435143829 437.9956003900663;674.146514189397 437.7016405315026;670.2340648886319 437.4026538366656;666.3217700331832 437.1016521070363;662.4057179340674 436.8555376102933;662.304217874635 436.849204411756;659.1148238738231 436.3665646998809;655.2491928231143 435.7567934670925;651.3875522088107 435.1222352425453;647.5301774811982 434.4622367652435;643.6771803136306 433.7771433032044;639.8288824480062 433.0661255707612;635.9299999999999 426.72;643.25 424.09;649.76 426.41;646.4189541430319 424.3363235353436;643.023564683225 422.3528986513235;639.5780339604419 420.4579084927868;636.0867751185145 418.6485564432314;632.5546368258712 416.9203563074221;628.9850938619437 415.2707871397071;622.79 411.33;619.5118047311844 409.4943224015769;616.1895017719112 407.7398418867938;612.8248855642221 406.0679579217762;609.4204161341709 404.4788247323301;605.9781133752368 402.9734015729038;602.499784740759 401.5531375257355;598.9879834450612 400.2177038219745;595.4437898931626 398.9706951471686;591.8699981048783 397.8113151910142;588.2687553502434 396.7403561857287;584.6427376407983 395.7565974183585;580.993530915772 394.8627230871642;577.3236662949788 394.0577683490297;573.6350670375479 393.3435064695242;569.9299999999999 392.72;563.5619460816106 391.3632360512978;559.8956906033065 390.2677290531253;556.2431379077333 389.127359613589;552.6054835081495 387.9403038580085;548.9825770084889 386.7090019248996;545.3751134579113 385.4331836996504;541.7834451595996 384.113559738627;538.2083832538452 382.7495849090068;534.650502664217 381.3413737898209;531.11 379.89;524.0884953150019 379.2608757956783;520.3802573468333 377.8708828588129;516.6719326468016 376.4811213482251;512.9636661330522 375.0912045794167;509.2554064306946 373.7012696357996;505.5472049146193 372.311179433962;500.56 367.39;496.8653260647431 366.0433477264577;493.1612039198879 364.722907746718;489.4480358575465 363.4281319004091;485.725929749014 362.159275769792;481.9950556993763 360.9164409273371;478.2556926490577 359.6993916492023;474.507986983688 358.508275616043;470.7520830995298 357.3432724986648;466.9882436762675 356.2041628364645;463.2165408742945 355.0913726632163;459.4371569599712 354.0049549356046;455.6504210528385 352.944453869708;451.8562498707364 351.9108526576385;448.0551872463461 350.9028957565968;444.2471970548328 349.9214288759944;440.4325671364599 348.9661013730939;436.611257555627 348.0378407731557;432.7838023643835 347.1352456661919;428.95 346.26;424.7119395060219 346.7815801135731;420.9345575076014 345.5683675024382;414.1 342.27;410.4668179743782 341.1189299464748;406.8336359487564 339.9678598929497;403.2005451641295 338.8165019250648;399.5674087162007 337.6652880494307;395.9343065371505 336.513966037073;392.3012043581004 335.3626440247153;388.6681021790502 334.2113220123577;385.035 333.06;381.4018978209498 331.9086779876423;377.7687956418997 330.7573559752847;374.1356934628495 329.606033962927;370.5025912837993 328.4547119505693;366.8694548358706 327.3034980749352;363.2363640512436 326.1521401070503;359.6031820256218 325.0010700535252;355.97 323.85;348.9370029806239 323.2411233527143;343.82 320.38;340.1121295288198 319.2447090357281;336.4044830270223 318.1086867504661;332.696694413467 316.9731288754302;328.9890520448932 315.8370933484604;325.2814335445653 314.7009796307791;321.5738665453964 313.5646978453622;317.8662824036197 312.4284720027497;314.1590301636252 311.2911640378513;310.4514116632972 310.15505032017;306.7438790226796 309.0186564098219;303.0365989583547 307.881439147132;299.3290082823571 306.7452347272422;295.6217560423625 305.6079267623438;291.9143401929014 304.4711520366537;288.2068851707388 303.3345050395191;284.4995469397325 302.1974772270426;280.7922688920725 301.060253482305;277.0847324329669 299.9238722333916;273.3773662164834 298.7869361166958;269.67 297.65;263.8476591490203 295.4273685048103;260.7105571002855 293.4023440974105;257.7190245273979 291.167719324338;254.89 288.73;251.8991282262755 285.9815280373923;249.3080656325202 282.9502964208522;246.6742715185789 279.9561322361756;243.9908149609083 277.0064210983898;241.251548146794 274.1084911532083;238.4511718553253 271.2696033608697;235.5833562794002 268.4988983345704;232.642355027694 265.8060600711905;229.6253430147787 263.1987264109159;226.527459366111 260.6880838863206;223.345425672196 258.2850697857453;220.0782813184459 255.9992161750424;216.7239634035252 253.8434063620333;213.2826886483309 251.8295014177455;209.7521122185492 249.9766857644113;206.1399511777688 248.2884235185466;202.4536169198489 246.7689378442641;198.7004959443839 245.422862914432;194.8882133307519 244.254824870815;193.1939716584469 243.8236141365795;193.1406301631452 243.8048587815115;189.3758543185305 242.6918156711401;185.5557876799007 241.7865419871952;181.691604143569 241.0930668266886;177.7941332929356 240.6209841798775;173.8760482167287 240.3738471483155;169.9503095325195 240.3596799917908;166.0311440794894 240.5853579075623;162.1344116516759 241.0602842405897;158.2778338514348 241.7922494604832;154.4811837944625 242.7889910963735;150.7666426486279 244.0575381858204;147.1576236543301 245.6005669228523;143.6804377883203 247.4209476457978;140.3603537279175 249.5141194650161;137.2149323744777 251.8616625395623;134.2577755620771 254.4424972528493;131.498574938998 257.2340666154529;130.6919743188681 258.1753984889906;128.6221833745479 260.2337032905987;125.9906430031821 263.2290071871855;123.5714802712539 266.3983327480596;121.3823679722097 269.7306979562838;119.4410833615178 273.2132382695735;117.7685192705472 276.8324640753725;116.3836581924648 280.5711556880044;115.3054569404147 284.4094509932966;114.5536131204459 288.3247187164827;114.14 292.29;113.7698461425356 297.6984226329376;113.6103932494308 301.6469665335055;113.722266036979 305.5971892440418;113.11 306.2;109.8818301556434 308.4324331720208;106.7192674618578 310.7568186736975;103.6236476109767 313.169605439229;100.5982641266162 315.669871081673;97.64473397008227 318.2546007363772;94.76519934309431 320.9215062051176;91.96185154864963 323.6683806157035;89.23740464292499 326.4935388814403;86.59366940086115 329.3943669492778;84.03277862949825 332.3686105831798;83.38912925596969 333.1604847085283;81.90928249470366 334.5258485658212;79.00834390970282 337.2764920110852;76.14505836030234 340.066298987073;73.31991288111664 342.8947182014582;71.54467774810917 344.7179051132301;68.73 344.43;70.53056050000001 345.759933;76.36418627360527 345.0380434045395;80.19387994760177 345.0883383646661;84.02208013450577 344.9707963090256;87.84160449657269 344.6878906102521;91.64561805188455 344.2423307526943;95.42710840987077 343.6343278285307;99.17966862698236 342.8674207613448;102.8963397644874 341.9416925014503;106.5693312977474 340.8555864564754;110.1931520194034 339.6155232408112;113.7611397965096 338.2231142626266;117.2665402659115 336.6800074023445;120.7024839591544 334.9879246553239;124.0620612889167 333.1488793074166;127.3381064282459 331.1647738866292;129.9492045442405 329.4206794442737;131.5932894720353 330.0218842849613;