segmentsStart = [132.66, 329.81; 132.66, 329.81; 207.68, 466.24; 207.68, 466.24; 114.11, 309.53; 114.11, 309.53; 258.22, 293.78; 258.22, 293.78; 267.13, 300.88; 267.13, 300.88; 519.65, 380.4; 519.65, 380.4; 277.9, 327.18; 277.9, 327.18; 635.93, 426.72; 635.93, 426.72; 534.92, 434.92; 534.92, 434.92; 643.25, 424.09; 643.25, 424.09; 377.92, 529.31; 377.92, 529.31; 445.43, 509.59; 445.43, 509.59; 379.49, 532.33; 379.49, 532.33; 462.92, 500.45; 462.92, 500.45; 430.27, 515.56; 430.27, 515.56; 508.11, 469.38; 508.11, 469.38; 397.16, 441.96; 397.16, 441.96; 563.89, 432.09; 563.89, 432.09; 500.2, 474.13; 500.2, 474.13; 569.84, 452.57; 569.84, 452.57; 577.41, 451.02; 577.41, 451.02; 738.71, 471.54; 738.71, 471.54; 637.89, 458.06; 637.89, 458.06; 767.63, 468.65; 767.63, 468.65; 516.9, 378.84; 516.9, 378.84; 649.76, 426.41; 377.37, 533.99; 377.37, 533.99; 416.44, 522.98; 416.44, 522.98; 190.01, 439.44; 190.01, 439.44; 349.13, 536.3; 349.13, 536.3; 377.65, 534.44; 377.65, 534.44; 413.41, 521.69; 413.41, 521.69; 131.59, 330.02; 131.59, 330.02; 350, 538.37; 350, 538.37; 133.44, 323.56; 133.44, 323.56; 70.5306, 345.76; 70.5306, 345.76; 70.531, 345.759; 70.531, 345.759; 116.138, 306.981; 116.138, 306.981; 116.14, 306.98; 116.14, 306.98; 77.04, 344.72; 77.04, 344.72; 136.63, 321.17; 136.63, 321.17; 73.52, 344.1; 73.52, 344.1; 129.21, 328.56; 129.21, 328.56; 206.91, 469.37; 206.91, 469.37; 193.35, 444.19; 193.35, 444.19; 248.9, 509.74; 248.9, 509.74; 231.23, 494.48; 231.23, 494.48; 307.27, 532.23; 307.27, 532.23; 228.75, 492.89; 228.75, 492.89; 318.51, 531.34; 318.51, 531.34; 274.29, 515.83; 274.29, 515.83; 345.32, 534.21; 345.32, 534.21; 116.79, 307.73; 116.79, 307.73; 254.24, 290.16; 254.24, 290.16; 114.14, 292.29; 114.14, 292.29; 316.01, 313.74; 316.01, 313.74; 277.7, 328.73; 277.7, 328.73; 629.97, 424.39; 629.97, 424.39; 261.24, 298.03; 261.24, 298.03; 637.93, 422.05; 637.93, 422.05; 131.07, 324.48; 131.07, 324.48; 149.9, 343.75; 149.9, 343.75; 129.92, 329.41; 129.92, 329.41; 185.37, 431.61; 185.37, 431.61; 346.29, 516.71; 346.29, 516.71; 360.18, 549.46; 360.18, 549.46; 363.5, 513.23; 363.5, 513.23; 325.89, 617.76; 325.89, 617.76; 368.37, 551.68; 368.37, 551.68; 334.39, 621.78; 334.39, 621.78; 412.98, 523.03; 412.98, 523.03; 577.84, 453.98; 577.84, 453.98; 345.09, 517.23; 345.09, 517.23; 361.35, 549.39; 361.35, 549.39; 370.97, 550.8; 370.97, 550.8; 365.26, 515.86; 365.26, 515.86; 357.67, 554.24; 357.67, 554.24; 368.15, 550.89; 368.15, 550.89; 334.04, 626.02; 334.04, 626.02; 335.69, 624.24; 335.69, 624.24; 367, 637.11; 367, 637.11; 371.34, 635.87; 371.34, 635.87; 331.669, 607.902; 331.669, 607.902; 331.67, 607.9; 331.67, 607.9; 266.72, 634.47; 266.72, 634.47; 332.68, 608.44; 332.68, 608.44; 265.95, 634.42; 265.95, 634.42; 329.55, 614.48; 329.55, 614.48; 370.48, 633; 370.48, 633; 343.58, 604.16; 343.58, 604.16; 368.09, 634.43; 368.09, 634.43; 557.64, 456.2; 557.64, 456.2; 770.31, 462.36; 770.31, 462.36; 609.23, 426.46; 609.23, 426.46; 778.99, 455.28; 778.99, 455.28; 412.9, 520.26; 412.9, 520.26; 780.85, 453.89; 780.85, 453.89; 695.03, 469.81; 695.03, 469.81; 766.5, 465.88; 766.5, 465.88; 745.52, 472.75; 745.52, 472.75; 771.32, 449; 771.32, 449; 608.55, 427.15; 608.55, 427.15; 774.73, 444.03; 774.73, 444.03; 411.88, 521.47; 411.88, 521.47; 560.34, 452.83; 560.34, 452.83; 353.46, 542.87; 353.46, 542.87; 318.99, 606.7; 318.99, 606.7; 359.15, 548.56; 359.15, 548.56; 326.26, 613.08; 326.26, 613.08; 352.09, 542.72; 352.09, 542.72; 320.52, 602.82; 320.52, 602.82; 272.34, 623.29; 272.34, 623.29; 308.71, 614.91; 308.71, 614.91; 264.42, 621.16; 264.42, 621.16; 321.27, 604.39; 321.27, 604.39; 270.59, 624.15; 270.59, 624.15; 308.75, 613.12; 308.75, 613.12; 262.25, 624.07; 262.25, 624.07; 338.59, 617.71; 338.59, 617.71; 357.29, 625.6; 357.29, 625.6; 337.52, 620.03; 337.52, 620.03; 357.03, 625.16; 357.03, 625.16; 270.9, 407.88; 270.9, 407.88; 258.53, 382.48; 258.53, 382.48; 320.19, 433.11; 320.19, 433.11; 292.53, 422.09; 292.53, 422.09; 383.88, 441.24; 383.88, 441.24; 336.51, 436.53; 336.51, 436.53; 431.86, 444.96; 431.86, 444.96; 381.91, 442.7; 381.91, 442.7; 479.01, 444; 479.01, 444; 429.27, 445.49; 429.27, 445.49; 515.51, 437.71; 515.51, 437.71; 269.67, 297.65; 269.67, 297.65; 343.82, 320.38; 343.82, 320.38; 355.97, 323.85; 355.97, 323.85; 414.1, 342.27; 414.1, 342.27; 428.95, 346.26; 428.95, 346.26; 500.56, 367.39; 500.56, 367.39; 455.24, 354.53; 455.24, 354.53; 534.11, 389.02; 534.11, 389.02; 479.59, 362.58; 479.59, 362.58; 542.63, 386.21; 542.63, 386.21; 531.11, 379.89; 531.11, 379.89; 582.08, 396.16; 582.08, 396.16; 569.93, 392.72; 569.93, 392.72; 622.79, 411.33; 622.79, 411.33; 132.86, 330.17; 132.86, 330.17; 180.64, 392.66; 180.64, 392.66; 161.31, 359.8; 161.31, 359.8; 195.88, 450.57; 195.88, 450.57; 191.77, 432.62; 191.77, 432.62; 277.41, 522.76; 277.41, 522.76; 226.54, 490.76; 226.54, 490.76; 332.34, 537.57; 332.34, 537.57; 236.45, 491.43; 236.45, 491.43; 325.85, 530.84; 325.85, 530.84; 342.47, 520.91; 342.47, 520.91; 353.29, 544.13; 353.29, 544.13; 369.72, 516.86; 369.72, 516.86; 374.63, 546.34; 374.63, 546.34; 362.75, 550.61; 362.75, 550.61; 535.76, 458.01; 535.76, 458.01; 735.88, 474.45; 735.88, 474.45; 584.46, 455.23; 584.46, 455.23; 716.47, 465.11; 716.47, 465.11; 615.62, 454.2; 615.62, 454.2; 699.17, 472.47; 699.17, 472.47; 635.41, 461.83; 635.41, 461.83; 715.87, 475.81; 715.87, 475.81; 607.76, 427.7; 607.76, 427.7; 737.9, 437.09; 737.9, 437.09; 718.65, 472.91; 718.65, 472.91; 774.88, 457.37; 774.88, 457.37; 728.22, 440.73; 728.22, 440.73; 771.49, 450.62; 771.49, 450.62; 261.803, 300.577; 261.803, 300.577; 115.56, 304.268; 115.56, 304.268; 115.56, 304.27; 115.56, 304.27; 261.43, 300.87; 261.43, 300.87; 133.4, 321.66; 133.4, 321.66; 114.16, 307.851; 114.16, 307.851; 114.161, 307.851; 114.161, 307.851; 135.477, 320.02; 135.477, 320.02; 254.89, 288.73; 254.89, 288.73; 284.88, 302.69; 284.88, 302.69; 68.73, 344.43; 133.61, 326.77; 133.61, 326.77; 76.87, 341.71; 76.87, 341.71; 113.11, 306.2; 113.11, 306.2; 369.56, 553.31; 369.56, 553.31; 335.66, 624.27; 335.66, 624.27; 130.38, 306.3; 130.38, 306.3; 152.21, 268.31; 152.21, 268.31; 129.05, 286.7; 129.05, 286.7; 138.01, 299.84; 138.01, 299.84; 127.56, 294.68; 127.56, 294.68; 133.87, 303.59; 133.87, 303.59; 130.06, 297.83; 130.06, 297.83; 132.6, 304.1; 132.6, 304.1; 128.14, 291.99; 128.14, 291.99; 134.95, 301.7; 134.95, 301.7; 128.29, 288.14; 128.29, 288.14; 137.48, 301.03; 137.48, 301.03; 128.6, 285.4; 128.6, 285.4; 137.92, 298.39; 137.92, 298.39; 129.71, 283.88; 129.71, 283.88; 138.17, 295.48; 138.17, 295.48; 131.24, 282.02; 131.24, 282.02; 138.24, 291.96; 138.24, 291.96; 133.01, 280.63; 133.01, 280.63; 138.41, 289.02; 138.41, 289.02; 152.53, 267.49; 152.53, 267.49; 128.56, 306.98; 128.56, 306.98; 145.07, 298.72; 145.07, 298.72; 151.49, 273.24; 151.49, 273.24; 148.61, 298.89; 148.61, 298.89; 153.23, 272.27; 153.23, 272.27; 129.91, 299.18; 129.91, 299.18; 132.86, 304.85; 132.86, 304.85; 130.02, 296.46; 130.02, 296.46; 133.89, 303.03; 133.89, 303.03; 129.19, 293.06; 129.19, 293.06; 135.17, 300.51; 135.17, 300.51; 129.49, 289.64; 129.49, 289.64; 136.82, 298.64; 136.82, 298.64; 130.37, 286.94; 130.37, 286.94; 138.09, 296.39; 138.09, 296.39; 131.01, 284.11; 131.01, 284.11; 137.96, 293.5; 137.96, 293.5; 132.11, 281.36; 132.11, 281.36; 138.99, 291.11; 138.99, 291.11; 134.72, 280.8; 134.72, 280.8; 138.41, 286.76; 138.41, 286.76; 113.76, 308.3; 113.76, 308.3; 77.58, 340.98; 77.58, 340.98; ];
