segmentsStart = [339.89, 149.28; 339.89, 149.28; 340.92, 186.21; 340.92, 186.21; 341.26, 188.59; 341.26, 188.59; 350.77, 210.45; 350.77, 210.45; 342.58, 140.41; 342.58, 140.41; 376.17, 240.99; 376.17, 240.99; 342.14, 194.39; 342.14, 194.39; 374.25, 239.79; 374.25, 239.79; 339.56, 145.73; 339.56, 145.73; 385.34, 100.98; 385.34, 100.98; 347.99, 123.7; 347.99, 123.7; 362.31, 111.25; 362.31, 111.25; 348.32, 119.68; 348.32, 119.68; 381.72, 100.25; 381.72, 100.25; 384.99, 100.75; 384.99, 100.75; 427.81, 186.05; 427.81, 186.05; 426.93, 136.44; 426.93, 136.44; 427.78, 183.16; 427.78, 183.16; 397.87, 241.53; 397.87, 241.53; 427.09, 190.69; 427.09, 190.69; 423.75, 197.89; 423.75, 197.89; 398.07, 241.5; 398.07, 241.5; 425.15, 198.89; 425.15, 198.89; 399.3, 241.34; 399.3, 241.34; 374.7, 241.89; 374.7, 241.89; 396.95, 243.13; 396.95, 243.13; 377.48, 242.19; 377.48, 242.19; 397.83, 241.8; 397.83, 241.8; 347.22, 125.49; 347.22, 125.49; 340.83, 170.3; 340.83, 170.3; 385.25, 132.49; 385.25, 132.49; 388.37, 202.29; 388.37, 202.29; 351.02, 166.23; 351.02, 166.23; 412.93, 165.63; 412.93, 165.63; 349.51, 168.88; 349.51, 168.88; 410.61, 168.87; 410.61, 168.87; 353.43, 218.34; 353.43, 218.34; 354.34, 261.07; 354.34, 261.07; 352.73, 226.85; 352.73, 226.85; 353.18, 260.89; 353.18, 260.89; 415.87, 214.92; 415.87, 214.92; 416.77, 265.67; 416.77, 265.67; 351.02, 249.27; 351.02, 249.27; 316.92, 265.32; 316.92, 265.32; 344.03, 253.25; 344.03, 253.25; 324.7, 264.43; 324.7, 264.43; 416.73, 214.59; 416.73, 214.59; 417.4, 262.48; 417.4, 262.48; 416.79, 246.23; 416.79, 246.23; 448.08, 269.82; 448.08, 269.82; 448.82, 270.44; 448.82, 270.44; 352.42, 214.82; 352.42, 214.82; 381.51, 295.53; 381.51, 295.53; 397.25, 298.23; 397.25, 298.23; 384.02, 295.88; 384.02, 295.88; 396.42, 297.87; 396.42, 297.87; 401.05, 290.65; 401.05, 290.65; 443.84, 277.05; 443.84, 277.05; 407.96, 287.52; 407.96, 287.52; 453, 273.32; 453, 273.32; 419.35, 285.02; 419.35, 285.02; 467.11, 272.93; 467.11, 272.93; 397.03, 289.31; 397.03, 289.31; 439.76, 263.05; 439.76, 263.05; 468.79, 270.96; 468.79, 270.96; 443.04, 264.68; 443.04, 264.68; 468.47, 271.77; 468.47, 271.77; 304.73, 269.95; 304.73, 269.95; 373.19, 287.18; 373.19, 287.18; 308.59, 270.64; 308.59, 270.64; 375.62, 287.38; 375.62, 287.38; 313.18, 271.76; 313.18, 271.76; 343.2, 282; 343.2, 282; 329.64, 259.06; 329.64, 259.06; 303.2, 268.54; 303.2, 268.54; 285.1, 293.07; 285.1, 293.07; 486.07, 292.57; 486.07, 292.57; 291.23, 297.05; 291.23, 297.05; 466.16, 297.33; 466.16, 297.33; 485.35, 279.29; 485.35, 279.29; 485.81, 345.54; 485.81, 345.54; 488.59, 293.73; 488.59, 293.73; 488.15, 320.27; 488.15, 320.27; 387.35, 325.9; 387.35, 325.9; 389.79, 404.67; 389.79, 404.67; 388.87, 328.79; 388.87, 328.79; 392.69, 396.32; 392.69, 396.32; 388.85, 347.7; 388.85, 347.7; 389.29, 396.56; 389.29, 396.56; 389.51, 370.72; 389.51, 370.72; 390.47, 405.68; 390.47, 405.68; 487.36, 284.84; 487.36, 284.84; 487.35, 279.38; 487.35, 279.38; 487.69, 342.62; 487.69, 342.62; 287.85, 278.6; 287.85, 278.6; 284.24, 350.71; 284.24, 350.71; 283.19, 290.38; 283.19, 290.38; 279.3, 329.25; 279.3, 329.25; 285.04, 363.63; 285.04, 363.63; 284.78, 357.3; 284.78, 357.3; 305.31, 407.93; 305.31, 407.93; 288.8, 366.03; 288.8, 366.03; 302.51, 401.07; 302.51, 401.07; 223.62, 340.56; 223.62, 340.56; 300.89, 266.28; 300.89, 266.28; 227.38, 325.24; 227.38, 325.24; 299.04, 267.89; 299.04, 267.89; 236.19, 310.36; 236.19, 310.36; 292.06, 270.65; 292.06, 270.65; 234.5, 315.33; 234.5, 315.33; 245.75, 302.01; 245.75, 302.01; 250.81, 296.05; 250.81, 296.05; 272.53, 279.8; 272.53, 279.8; 282.05, 275.55; 282.05, 275.55; 299.77, 270.17; 299.77, 270.17; 285.61, 281.85; 285.61, 281.85; 283.56, 291.67; 283.56, 291.67; 278.49, 331.66; 278.49, 331.66; 282.18, 351.21; 282.18, 351.21; 226.61, 361.59; 226.61, 361.59; 275.72, 353.13; 275.72, 353.13; 235.99, 362.92; 235.99, 362.92; 271.73, 353.61; 271.73, 353.61; 241.86, 362.38; 241.86, 362.38; 267.03, 355.42; 267.03, 355.42; 185.73, 434.78; 185.73, 434.78; 279.688, 363.69; 279.688, 363.69; 279.69, 363.69; 279.69, 363.69; 187.689, 433.845; 187.689, 433.845; 307.63, 498.14; 307.63, 498.14; 275.39, 363.41; 275.39, 363.41; 310.74, 511.4; 310.74, 511.4; 277.21, 362.61; 277.21, 362.61; 308.96, 503.41; 308.96, 503.41; 280.34, 365.75; 280.34, 365.75; 282.63, 382.73; 282.63, 382.73; 291.54, 438.06; 291.54, 438.06; 285.78, 411.39; 285.78, 411.39; 298.62, 442.599; 298.62, 442.599; 298.62, 442.6; 298.62, 442.6; 295.581, 435.861; 295.581, 435.861; 295.579, 435.861; 295.579, 435.861; 302.66, 454.93; 302.66, 454.93; 299.92, 453.6; 299.92, 453.6; 326.69, 478.68; 326.69, 478.68; 300.94, 447.64; 300.94, 447.64; 315.45, 470.21; 315.45, 470.21; 307.74, 456; 307.74, 456; 336.76, 484.66; 336.76, 484.66; 296.61, 474.07; 296.61, 474.07; 301.97, 563.64; 301.97, 563.64; 296.12, 481.78; 296.12, 481.78; 302.93, 567.29; 302.93, 567.29; 300.29, 488.89; 300.29, 488.89; 311.46, 520.38; 311.46, 520.38; 306.46, 502.15; 306.46, 502.15; 311.6, 524.05; 311.6, 524.05; 331.91, 479.8; 331.91, 479.8; 346.24, 481.74; 346.24, 481.74; 339.22, 490.1; 339.22, 490.1; 375.921, 447.629; 375.921, 447.629; 373.69, 447.45; 373.69, 447.45; 376.11, 443.48; 376.11, 443.48; 376.109, 443.48; 376.109, 443.48; 365.441, 452.011; 365.441, 452.011; 365.44, 452.01; 365.44, 452.01; 357.26, 466.58; 357.26, 466.58; 372.25, 442.54; 372.25, 442.54; 348.54, 486.72; 348.54, 486.72; 396.651, 439.871; 396.651, 439.871; 401.03, 457.67; 401.03, 457.67; 400.77, 446.42; 400.77, 446.42; 418.56, 483.24; 418.56, 483.24; 422.36, 482.98; 422.36, 482.98; 402.54, 444.97; 402.54, 444.97; 414.39, 477.29; 414.39, 477.29; 404.16, 454.45; 404.16, 454.45; 423.62, 493.07; 423.62, 493.07; 403.2, 459.39; 403.2, 459.39; 428.52, 493.3; 428.52, 493.3; 485.1, 361.53; 485.1, 361.53; 471.46, 401.27; 471.46, 401.27; 466, 411.14; 466, 411.14; 457.952, 422.38; 457.952, 422.38; 457.952, 422.38; 457.952, 422.38; 462.596, 415.87; 462.596, 415.87; 459.84, 416.97; 459.84, 416.97; 481.47, 373.7; 481.47, 373.7; 460.304, 419.521; 460.304, 419.521; 482.39, 366.631; 482.39, 366.631; 482.39, 366.63; 482.39, 366.63; 459.38, 421.69; 459.38, 421.69; 318.05, 419.79; 374.36, 417.62; 374.36, 417.62; 328.11, 422.92; 328.11, 422.92; 377.59, 416.97; 377.59, 416.97; 333.14, 425.35; 333.14, 425.35; 383.55, 416.76; 383.55, 416.76; 398.85, 416.94; 398.85, 416.94; 397.06, 417.56; 397.06, 417.56; 398.16, 419.81; 398.16, 419.81; 450.79, 422.83; 450.79, 422.83; 312.74, 427.01; 456.86, 429.07; 456.86, 429.07; 320.88, 430.15; 320.88, 430.15; 445.85, 430.8; 445.85, 430.8; 389.58, 428.7; 389.58, 428.7; 384.62, 573.92; 384.62, 573.92; 386.04, 458.26; 386.04, 458.26; 384.08, 564.86; 384.08, 564.86; 386.67, 487.82; 386.67, 487.82; 384.02, 576.73; 384.02, 576.73; 384.12, 432.42; 384.12, 432.42; 388.309, 428.951; 388.309, 428.951; 388.31, 428.951; 388.31, 428.951; 385.76, 455.53; 385.76, 455.53; 391.82, 448.4; 391.82, 448.4; 389.87, 457.82; 389.87, 457.82; 357.59, 493.85; 357.59, 493.85; 409.42, 493.39; 409.42, 493.39; 360.45, 491.66; 360.45, 491.66; 402.31, 492.82; 402.31, 492.82; 372.49, 492.3; 372.49, 492.3; 404.43, 490.93; 404.43, 490.93; 417.09, 534.43; 417.09, 534.43; 411.89, 533.63; 411.89, 533.63; 365.05, 532.26; 365.05, 532.26; 402.87, 533.3; 402.87, 533.3; 370.68, 531.3; 370.68, 531.3; 403.28, 531.41; 403.28, 531.41; 425.22, 502.62; 425.22, 502.62; 414.15, 573.22; 414.15, 573.22; 421.75, 508.03; 421.75, 508.03; 413.25, 574.69; 413.25, 574.69; 420.19, 526.06; 420.19, 526.06; 413.72, 579.67; 413.72, 579.67; 420.72, 535.55; 420.72, 535.55; 414.17, 577.94; 414.17, 577.94; 339.73, 508.01; 339.73, 508.01; 350.01, 584.12; 350.01, 584.12; 337.78, 512.07; 337.78, 512.07; 351.12, 584.69; 351.12, 584.69; 377.122, 558.749; 377.122, 558.749; 382.37, 560.88; 382.37, 560.88; 382.372, 560.88; 382.372, 560.88; 379.555, 559.166; 379.555, 559.166; 473.68, 427.82; 473.68, 427.82; 439.55, 472.85; 439.55, 472.85; 470.99, 435.76; 470.99, 435.76; 438.79, 475.93; 438.79, 475.93; 464.83, 444.42; 464.83, 444.42; 439.35, 477.21; 