boundaryCurve{1} = [347.749, 177.4; 346.034, 178.447; 344.326, 179.507; 342.63, 180.585; 340.946, 181.683; 339.268, 182.789; 337.596, 183.904; 335.928, 185.024; 334.258, 186.143; 332.587, 187.26; 330.907, 188.363; 329.218, 189.452; 327.519, 190.526; 325.8, 191.567; 324.063, 192.577; 322.308, 193.557; 320.531, 194.495; 318.725, 195.377; 316.899, 196.217; 315.054, 197.013; 313.176, 197.73; 311.283, 198.401; 309.372, 199.025; 307.436, 199.563; 305.489, 200.062; 303.528, 200.498; 301.557, 200.892; 299.582, 201.267; 297.61, 201.652; 295.639, 202.047; 293.67, 202.45; 291.704, 202.869; 289.742, 203.3; 287.781, 203.741; 285.824, 204.201; 283.871, 204.676; 281.922, 205.163; 279.977, 205.671; 278.037, 206.197; 276.101, 206.737; 274.172, 207.3; 272.25, 207.887; 270.337, 208.501; 268.443, 209.174; 266.564, 209.887; 264.693, 210.622; 262.832, 211.38; 260.972, 212.142; 259.112, 212.903; 257.245, 213.648; 255.368, 214.365; 253.481, 215.055; 251.573, 215.689; 249.646, 216.256; 247.702, 216.766; 245.734, 217.173; 243.747, 217.463; 241.747, 217.641; 239.738, 217.682; 237.73, 217.585; 235.729, 217.423; 233.736, 217.163; 231.769, 216.764; 229.821, 216.27; 227.996, 215.441; 226.377, 214.321; 225.268, 212.71; 225.249, 210.7; ];
boundaryCurve{2} = [346.249, 176.6; 344.84, 178.05; 343.411, 179.479; 341.952, 180.879; 340.449, 182.231; 338.921, 183.554; 337.361, 184.84; 335.757, 186.07; 334.126, 187.264; 332.467, 188.42; 330.762, 189.507; 329.032, 190.552; 327.277, 191.554; 325.487, 192.494; 323.669, 193.378; 321.831, 194.218; 319.97, 195.009; 318.082, 195.731; 316.179, 196.413; 314.262, 197.054; 312.323, 197.628; 310.374, 198.164; 308.416, 198.666; 306.443, 199.11; 304.464, 199.52; 302.479, 199.904; 300.484, 200.233; 298.486, 200.541; 296.484, 200.82; 294.483, 201.111; 292.485, 201.417; 290.492, 201.754; 288.504, 202.121; 286.519, 202.507; 284.539, 202.917; 282.565, 203.353; 280.595, 203.804; 278.628, 204.273; 276.667, 204.764; 274.709, 205.266; 272.753, 205.78; 270.803, 206.31; 268.854, 206.848; 266.907, 207.394; 264.963, 207.948; 263.02, 208.507; 261.078, 209.069; 259.137, 209.633; 257.195, 210.198; 255.254, 210.762; 253.311, 211.322; 251.367, 211.877; 249.422, 212.428; 247.474, 212.969; 245.523, 213.5; 243.571, 214.024; 241.614, 214.53; 239.653, 215.023; 237.689, 215.504; 235.72, 215.963; 233.747, 216.402; 231.77, 216.826; 229.788, 217.222; 228.222, 216.338; 227.649, 214.6; ];
boundaryCurve{3} = [322.249, 195.2; 324.267, 195.243; 326.282, 195.336; 328.297, 195.457; 330.31, 195.598; 332.322, 195.752; 334.334, 195.907; 336.346, 196.061; 338.359, 196.205; 340.373, 196.337; 342.387, 196.457; 344.403, 196.547; 346.42, 196.621; 348.438, 196.656; 350.455, 196.654; 352.473, 196.624; 354.488, 196.516; 356.5, 196.364; 358.506, 196.146; 360.496, 195.815; 362.469, 195.397; 364.417, 194.872; 366.299, 194.144; 368.104, 193.251; 369.865, 192.267; 371.437, 191.001; 372.897, 189.618; 374.229, 188.103; 375.315, 186.401; 376.263, 184.625; 377.084, 182.783; 377.734, 180.873; 378.276, 178.93; 378.747, 176.968; 379.131, 174.987; 379.467, 172.998; 379.778, 171.004; 380.069, 169.007; 380.371, 167.011; 380.69, 165.019; 381.058, 163.035; 381.502, 161.067; 382.022, 159.118; 382.649, 157.2; ];
boundaryCurve{4} = [383.449, 159.6; 383.132, 161.577; 382.759, 163.543; 382.329, 165.499; 381.786, 167.426; 381.186, 169.335; 380.526, 171.225; 379.75, 173.071; 378.913, 174.889; 378.01, 176.675; 376.985, 178.395; 375.895, 180.073; 374.735, 181.705; 373.446, 183.237; 372.09, 184.707; 370.664, 186.113; 369.115, 187.381; 367.501, 188.561; 365.826, 189.657; 364.051, 190.584; 362.227, 191.402; 360.361, 192.129; 358.438, 192.684; 356.494, 193.161; 354.533, 193.563; 352.55, 193.84; 350.561, 194.058; 348.565, 194.222; 346.565, 194.306; 344.564, 194.355; 342.562, 194.374; 340.559, 194.356; 338.557, 194.328; 336.556, 194.293; 334.554, 194.263; 332.551, 194.248; 330.549, 194.248; 328.548, 194.294; 326.548, 194.38; 324.549, 194.5; ];
boundaryCurve{5} = [384.249, 166.6; 383.509, 168.504; 382.754, 170.402; 381.985, 172.295; 381.191, 174.177; 380.363, 176.044; 379.512, 177.901; 378.61, 179.734; 377.662, 181.542; 376.678, 183.332; 375.595, 185.065; 374.444, 186.75; 373.213, 188.379; 371.849, 189.9; ];
boundaryCurve{6} = [353.949, 75.9; 355.924, 76.3763; 357.855, 76.9913; 359.733, 77.7661; 361.473, 78.8149; 363.119, 79.9983; 364.666, 81.3118; 366.061, 82.7894; 367.329, 84.3738; 368.502, 86.0307; 369.551, 87.7706; 370.479, 89.5769; 371.334, 91.4188; 372.091, 93.3045; 372.751, 95.2252; 373.356, 97.1643; 373.878, 99.1281; 374.327, 101.109; 374.73, 103.1; 375.061, 105.105; 375.331, 107.119; 375.562, 109.137; 375.756, 111.16; 376.009, 113.176; 376.299, 115.186; 376.639, 117.19; 377.032, 119.183; 377.45, 121.172; 377.894, 123.154; 378.365, 125.131; 378.843, 127.106; 379.327, 129.079; 379.806, 131.054; 380.274, 133.031; 380.73, 135.011; 381.143, 137; 381.502, 139; 381.805, 141.009; 381.996, 143.032; 382.131, 145.058; 382.205, 147.089; 382.179, 149.12; 382.102, 151.15; 381.977, 153.178; 381.791, 155.202; 381.564, 157.221; 381.31, 159.237; 381.03, 161.249; 380.733, 163.259; 380.432, 165.269; 380.128, 167.278; 379.835, 169.288; 379.549, 171.3; ];
boundaryCurve{7} = [355.549, 75.1; 357.377, 76.0072; 359.146, 77.0179; 360.854, 78.133; 362.448, 79.4077; 363.956, 80.7786; 365.389, 82.2293; 366.707, 83.787; 367.921, 85.4257; 369.056, 87.1195; 370.085, 88.8821; 370.997, 90.706; 371.833, 92.566; 372.569, 94.4693; 373.183, 96.4144; 373.721, 98.3814; 374.162, 100.374; 374.475, 102.39; 374.71, 104.415; 374.85, 106.451; 374.979, 108.488; 375.136, 110.522; 375.327, 112.554; 375.574, 114.579; 375.846, 116.601; 376.142, 118.62; 376.473, 120.634; 376.823, 122.644; 377.187, 124.652; 377.569, 126.657; 377.96, 128.659; 378.357, 130.661; 378.759, 132.662; 379.159, 134.663; 379.555, 136.664; 379.945, 138.668; 380.32, 140.673; 380.683, 142.681; 381.029, 144.692; 381.347, 146.708; 381.645, 148.727; 381.915, 150.749; 382.142, 152.777; 382.34, 154.808; 382.503, 156.842; 382.604, 158.88; 382.668, 160.919; 382.691, 162.96; 382.649, 165; ];
boundaryCurve{8} = [337.749, 75.1; 335.713, 75.1307; 333.678, 75.1912; 331.644, 75.2844; 329.614, 75.4399; 327.587, 75.6287; 325.563, 75.8518; 323.547, 76.1371; 321.536, 76.4591; 319.532, 76.8159; 317.538, 77.2278; 315.553, 77.6808; 313.576, 78.1667; 311.61, 78.6989; 309.657, 79.274; 307.713, 79.8781; 305.781, 80.5209; 303.848, 81.1616; 301.909, 81.781; 299.955, 82.3549; 297.989, 82.8848; 296.017, 83.3919; 294.039, 83.8718; 292.054, 84.3288; 290.068, 84.7763; 288.079, 85.2141; 286.091, 85.6504; 284.102, 86.0904; 282.116, 86.5378; 280.135, 87.0067; 278.158, 87.4945; 276.187, 88.0052; 274.229, 88.5662; 272.284, 89.1647; 270.349, 89.8; ];
boundaryCurve{9} = [288.849, 103; 287.941, 101.199; 286.614, 99.6942; 285.127, 98.3417; 283.526, 97.1153; 281.832, 96.0237; 280.113, 94.9708; 278.331, 94.0275; 276.528, 93.1261; 274.693, 92.291; 272.815, 91.5571; 270.903, 90.9209; 268.966, 90.3609; 267.005, 89.8915; 265.03, 89.4858; 263.047, 89.1231; 261.054, 88.8182; 259.055, 88.5539; 257.053, 88.3143; 255.047, 88.1095; 253.039, 87.9232; 251.03, 87.7485; 249.02, 87.5862; 247.01, 87.4242; 245, 87.2602; 242.991, 87.0838; 240.984, 86.8954; 238.975, 86.7162; 236.965, 86.5639; 234.952, 86.448; 232.937, 86.3787; 230.921, 86.3344; 228.904, 86.3603; 226.89, 86.4274; 224.877, 86.5572; 222.874, 86.7762; 220.875, 87.0439; 218.908, 87.4853; 216.967, 88.0164; 215.081, 88.7294; 213.332, 89.7196; 211.771, 90.9655; 210.515, 92.5216; 209.778, 94.3984; 209.686, 96.3998; 209.849, 98.4; ];
