boundaryCurve{1} = [346.75, 227.23; 345.201, 228.533; 343.669, 229.855; 342.154, 231.196; 340.655, 232.555; 339.174, 233.934; 337.709, 235.33; 336.262, 236.744; 334.833, 238.176; 333.421, 239.625; 332.027, 241.092; 330.651, 242.575; 329.293, 244.075; 327.954, 245.592; 326.633, 247.124; 325.331, 248.673; 324.047, 250.237; 322.783, 251.817; 321.538, 253.412; 320.312, 255.022; 319.105, 256.647; 317.918, 258.286; 316.752, 259.939; 315.605, 261.606; 314.478, 263.287; 313.371, 264.982; 312.286, 266.689; 311.22, 268.41; 310.176, 270.143; 309.152, 271.889; 308.15, 273.647; 307.169, 275.417; 306.21, 277.198; 305.272, 278.991; 304.356, 280.796; 303.462, 282.611; 302.59, 284.437; 301.741, 286.274; 300.914, 288.12; 300.109, 289.977; 299.328, 291.843; 298.569, 293.719; 297.834, 295.604; 297.122, 297.499; 296.433, 299.401; 295.768, 301.313; 295.127, 303.232; 294.51, 305.16; ];
boundaryCurve{2} = [361.89, 219.13; 359.777, 219.51; 357.681, 219.967; 355.606, 220.499; 353.554, 221.104; 351.528, 221.779; 349.53, 222.522; 347.562, 223.33; 345.628, 224.202; 343.729, 225.134; 341.868, 226.125; 340.047, 227.172; 338.27, 228.272; 336.538, 229.424; 334.854, 230.626; 333.221, 231.874; 331.642, 233.166; 330.117, 234.5; 328.651, 235.875; 327.246, 237.286; 325.903, 238.732; 324.626, 240.211; 323.418, 241.721; 322.28, 243.258; 321.215, 244.821; 320.226, 246.407; 319.315, 248.015; 318.485, 249.64; 317.738, 251.282; 317.076, 252.938; 316.467, 254.601; 315.25, 256.204; 314.055, 257.822; 312.882, 259.457; 311.732, 261.107; 310.603, 262.773; 309.497, 264.453; 308.414, 266.149; 307.354, 267.858; 306.316, 269.582; 305.302, 271.319; 304.311, 273.07; 303.344, 274.834; 302.4, 276.611; 301.48, 278.4; 300.584, 280.201; 299.712, 282.014; 298.864, 283.839; 298.04, 285.675; 297.242, 287.521; 296.467, 289.378; 295.718, 291.246; 294.994, 293.123; 294.295, 295.01; 293.621, 296.906; 292.973, 298.811; 292.35, 300.725; 291.754, 302.647; 291.183, 304.577; 290.638, 306.515; 290.12, 308.46; ];
boundaryCurve{3} = [345.94, 245.26; 344.219, 246.321; 342.531, 247.431; 340.875, 248.589; 339.253, 249.794; 337.667, 251.044; 336.116, 252.34; 334.603, 253.678; 333.127, 255.058; 331.691, 256.479; 330.294, 257.94; 328.939, 259.438; 327.625, 260.974; 326.355, 262.546; 325.128, 264.152; 323.947, 265.791; 322.812, 267.463; 321.723, 269.165; 320.683, 270.897; 319.692, 272.658; 318.751, 274.445; 317.861, 276.259; 317.023, 278.097; 316.238, 279.959; 315.507, 281.843; 314.831, 283.748; 314.211, 285.672; 313.647, 287.613; 313.14, 289.569; 312.689, 291.539; 312.294, 293.52; 311.955, 295.512; 311.673, 297.513; 311.446, 299.521; 311.276, 301.535; 311.162, 303.553; 311.104, 305.573; 311.101, 307.594; 311.155, 309.614; 311.265, 311.632; 311.43, 313.646; 311.651, 315.654; 311.928, 317.656; 312.261, 319.648; 312.65, 321.631; 313.094, 323.601; 313.594, 325.558; 314.15, 327.5; 314.761, 329.426; 315.428, 331.333; 316.15, 333.22; ];
boundaryCurve{4} = [379.54, 304.12; 380.057, 302.165; 380.467, 300.2; 380.774, 298.225; 380.983, 296.243; 381.1, 294.253; 381.13, 292.258; 381.079, 290.259; 380.95, 288.256; 380.751, 286.251; 380.485, 284.245; 380.158, 282.239; 379.775, 280.234; 379.342, 278.232; 378.864, 276.234; 378.346, 274.24; 377.793, 272.253; 377.21, 270.272; 376.602, 268.3; 375.976, 266.338; 375.335, 264.386; 374.686, 262.446; 374.033, 260.517; 373.346, 258.58; 372.578, 256.668; 371.684, 254.832; 370.62, 253.124; 369.341, 251.596; 367.806, 250.301; 366.084, 249.33; 364.247, 248.689; 362.318, 248.336; 360.322, 248.234; 358.281, 248.342; 356.218, 248.62; 354.158, 249.029; 352.124, 249.529; 350.14, 250.08; ];
boundaryCurve{5} = [349.43, 244.67; 351.286, 243.904; 353.213, 243.384; 355.189, 243.099; 357.193, 243.039; 359.203, 243.195; 361.197, 243.555; 363.154, 244.111; 365.051, 244.852; 366.868, 245.768; 368.583, 246.849; 370.182, 248.073; 371.671, 249.418; 373.051, 250.874; 374.326, 252.429; 375.497, 254.071; 376.566, 255.789; 377.535, 257.572; 378.406, 259.407; 379.181, 261.283; 379.863, 263.188; 380.458, 265.115; 380.978, 267.061; 381.431, 269.025; 381.826, 271.003; 382.171, 272.993; 382.473, 274.992; 382.742, 276.998; 382.986, 279.008; 383.212, 281.019; 383.43, 283.03; ];
boundaryCurve{6} = [384.5, 252.63; 384.974, 254.384; 385.407, 256.158; 385.805, 257.957; 386.176, 259.786; 386.53, 261.649; 386.873, 263.553; 387.214, 265.503; 387.561, 267.504; 387.922, 269.56; 388.306, 271.678; 388.719, 273.863; 389.171, 276.119; 389.668, 278.453; 389.811, 280.476; 389.901, 282.501; 389.942, 284.527; 389.933, 286.554; 389.874, 288.58; 389.766, 290.603; 389.609, 292.624; 389.403, 294.64; 389.149, 296.65; 388.847, 298.654; 388.497, 300.65; 388.099, 302.638; 387.653, 304.615; 387.161, 306.58; 386.621, 308.534; 386.035, 310.473; 385.403, 312.398; 384.724, 314.308; 384, 316.2; 383.23, 318.074; 382.415, 319.928; 381.555, 321.762; 380.65, 323.574; 379.701, 325.364; 378.707, 327.13; 377.67, 328.87; ];
boundaryCurve{7} = [318.04, 332.92; 319.481, 334.35; 321.02, 335.665; 322.65, 336.864; 324.36, 337.945; 326.142, 338.907; 327.987, 339.747; 329.885, 340.464; 331.828, 341.055; 333.805, 341.52; 335.809, 341.857; 337.83, 342.063; 339.858, 342.137; 341.886, 342.078; 343.902, 341.883; 345.9, 341.55; 347.868, 341.079; 349.799, 340.467; 351.682, 339.712; 353.504, 338.82; 355.254, 337.812; 356.935, 336.696; 358.546, 335.479; 360.088, 334.171; 361.56, 332.778; 362.963, 331.309; 364.297, 329.772; 365.563, 328.174; 366.76, 326.524; 367.889, 324.83; 368.951, 323.099; 369.951, 321.337; 370.897, 319.547; 371.794, 317.731; 372.647, 315.892; 373.461, 314.035; 374.243, 312.162; 374.996, 310.275; 375.727, 308.379; 376.441, 306.475; 377.144, 304.568; 377.84, 302.66; ];
boundaryCurve{8} = [392.17, 305.66; 391.575, 307.579; 390.912, 309.476; 390.182, 311.348; 389.386, 313.194; 388.526, 315.011; 387.603, 316.797; 386.619, 318.549; 385.573, 320.267; 384.469, 321.946; 383.306, 323.585; 382.086, 325.182; 380.81, 326.734; 379.48, 328.24; ];
boundaryCurve{9} = [390.23, 319.21; 388.975, 321.11; 387.72, 323.01; 386.465, 324.91; 385.21, 326.81; 383.955, 328.71; 382.7, 330.61; ];
boundaryCurve{10} = [312.43, 336.94; 313.425, 338.837; 314.61, 340.618; 315.968, 342.272; 317.483, 343.787; 319.138, 345.149; 320.915, 346.346; 322.799, 347.366; 324.772, 348.197; 326.818, 348.826; 328.92, 349.24; ];
boundaryCurve{11} = [353.25, 348.51; 355.48, 348.332; 357.682, 347.942; 359.839, 347.346; 361.93, 346.551; 363.939, 345.565; 365.845, 344.396; 367.63, 343.05; ];
boundaryCurve{12} = [327.73, 350.59; 329.45, 351.655; 331.249, 352.578; 333.113, 353.357; 335.032, 353.993; 336.995, 354.485; 338.99, 354.832; 341.005, 355.033; 343.029, 355.087; 345.052, 354.993; 347.06, 354.752; 349.044, 354.362; 350.991, 353.822; 352.89, 353.131; 354.73, 352.29; ];
boundaryCurve{13} = [306.65, 301.8; 306.282, 303.858; 306.005, 305.931; 305.82, 308.013; 305.725, 310.102; 305.72, 312.193; 305.805, 314.283; 305.979, 316.367; 306.241, 318.443; 306.592, 320.505; 307.03, 322.55; 307.556, 324.575; 308.168, 326.575; 308.866, 328.547; 309.65, 330.487; 310.52, 332.39; ];
boundaryCurve{14} = [305.58, 327.6; 305.658, 329.609; 305.864, 331.609; 306.194, 333.592; 306.646, 335.551; 307.216, 337.48; 307.901, 339.372; 308.699, 341.22; 309.605, 343.017; 310.617, 344.757; 311.731, 346.431; 312.945, 348.035; 314.255, 349.561; 315.658, 351.001; 317.15, 352.35; 318.727, 353.6; 320.379, 354.746; 322.099, 355.786; 323.88, 356.718; 325.716, 357.541; 327.597, 358.252; 329.519, 358.849; 331.473, 359.33; 333.451, 359.693; 335.448, 359.937; 337.455, 360.058; 339.466, 360.055; 341.474, 359.927; 343.47, 359.67; ];
