boundaryCurve{1} = [263.069, 309.028; 261.15, 308.396; 259.228, 307.79; 257.209, 307.779; 255.194, 307.806; 253.239, 308.312; 251.297, 308.852; 249.502, 309.779; 247.728, 310.736; 246.119, 311.957; 244.533, 313.205; 243.093, 314.621; 241.673, 316.055; 240.361, 317.59; 239.056, 319.132; 237.793, 320.707; 236.54, 322.291; 235.334, 323.911; 234.141, 325.539; 232.994, 327.202; 231.86, 328.873; 230.773, 330.574; 229.7, 332.285; 228.674, 334.025; 227.664, 335.773; 226.699, 337.547; 225.751, 339.33; 224.849, 341.137; 223.966, 342.953; 223.127, 344.79; 222.309, 346.636; 221.535, 348.501; 220.782, 350.375; 220.073, 352.266; 219.388, 354.165; 218.745, 356.08; 218.128, 358.002; 217.552, 359.938; 217.003, 361.881; 216.496, 363.836; 216.017, 365.797; 215.579, 367.769; 215.171, 369.746; 214.803, 371.732; 214.467, 373.723; 214.17, 375.72; 213.903, 377.722; 213.669, 379.728; ];
boundaryCurve{2} = [267.569, 326.828; 265.55, 326.472; 263.53, 326.161; 261.491, 326.366; 259.464, 326.632; 257.509, 327.244; 255.572, 327.906; 253.727, 328.797; 251.903, 329.727; 250.16, 330.807; 248.443, 331.923; 246.799, 333.146; 245.187, 334.41; 243.649, 335.764; 242.152, 337.161; 240.726, 338.634; 239.351, 340.151; 238.046, 341.731; 236.799, 343.356; 235.619, 345.032; 234.507, 346.751; 233.459, 348.512; 232.488, 350.315; 231.576, 352.151; 230.752, 354.026; 229.984, 355.926; 229.314, 357.861; 228.695, 359.815; 228.185, 361.799; 227.722, 363.795; 227.381, 365.815; 227.08, 367.842; 226.908, 369.883; 226.769, 371.928; ];
boundaryCurve{3} = [251.869, 334.228; 252.901, 335.99; 253.923, 337.758; 254.682, 339.654; 255.417, 341.558; 255.902, 343.542; 256.35, 345.533; 256.566, 347.564; 256.734, 349.597; 256.687, 351.639; 256.584, 353.676; 256.28, 355.696; 255.912, 357.702; 255.357, 359.668; 254.727, 361.607; 253.925, 363.486; 253.038, 365.321; 251.992, 367.076; 250.854, 368.766; 249.571, 370.356; 248.192, 371.855; 246.689, 373.237; 245.043, 374.42; 243.24, 375.379; 241.351, 375.572; 239.379, 375.039; 238.507, 373.556; 238.269, 371.528; ];
boundaryCurve{4} = [264.169, 341.628; 264.584, 343.605; 264.996, 345.582; 265.224, 347.589; 265.446, 349.597; 265.492, 351.616; 265.529, 353.636; 265.398, 355.651; 265.254, 357.666; 264.951, 359.663; 264.633, 361.657; 264.163, 363.622; 263.675, 365.581; 263.043, 367.5; 262.391, 369.411; 261.6, 371.27; 260.787, 373.118; 259.842, 374.903; 258.873, 376.674; 257.777, 378.372; 256.655, 380.05; 255.413, 381.643; 254.142, 383.211; 252.76, 384.685; 251.347, 386.125; 249.833, 387.463; 248.267, 388.731; 246.56, 389.812; 244.774, 390.693; 242.793, 391.089; 240.845, 391.114; 238.968, 390.368; 237.394, 389.268; 236.369, 387.528; ];
boundaryCurve{5} = [264.269, 344.728; 264.528, 346.754; 264.781, 348.781; 264.865, 350.822; 264.937, 352.863; 264.851, 354.904; 264.745, 356.944; 264.492, 358.971; 264.213, 360.994; 263.799, 362.994; 263.351, 364.986; 262.779, 366.948; 262.168, 368.896; 261.441, 370.805; 260.671, 372.696; 259.794, 374.541; 258.869, 376.36; 257.846, 378.129; 256.77, 379.863; 255.605, 381.542; 254.376, 383.171; 253.06, 384.733; 251.637, 386.19; 250.086, 387.52; 248.402, 388.644; 246.555, 389.516; 244.607, 389.999; 242.569, 390.128; ];
boundaryCurve{6} = [252.469, 335.328; 253.155, 337.222; 253.841, 339.117; 254.301, 341.079; 254.756, 343.041; 254.991, 345.043; 255.216, 347.045; 255.226, 349.06; 255.222, 351.074; 255.011, 353.078; 254.781, 355.079; 254.351, 357.047; 253.899, 359.01; 253.253, 360.919; 252.578, 362.815; 251.665, 364.611; 250.722, 366.388; 249.497, 367.988; 248.253, 369.571; 246.694, 370.846; 245.108, 372.078; 243.227, 372.8; 241.412, 373.159; 239.911, 371.815; 239.918, 369.992; 240.369, 368.028; ];
boundaryCurve{7} = [253.969, 336.428; 254.636, 338.436; 255.277, 340.452; 255.699, 342.526; 256.069, 344.608; 256.248, 346.717; 256.349, 348.828; 256.289, 350.943; 256.125, 353.05; 255.829, 355.146; 255.406, 357.217; 254.879, 359.267; 254.2, 361.268; 253.445, 363.245; 252.515, 365.144; 251.537, 367.021; 250.364, 368.781; 249.169, 370.528; ];
boundaryCurve{8} = [258.169, 326.828; 256.356, 327.749; 254.546, 328.675; 252.814, 329.739; 251.087, 330.812; 249.444, 332.009; 247.811, 333.218; 246.265, 334.539; 244.733, 335.874; 243.292, 337.309; 241.87, 338.761; 240.542, 340.3; 239.237, 341.858; 238.03, 343.494; 236.851, 345.149; 235.771, 346.871; 234.726, 348.614; 233.782, 350.415; 232.88, 352.235; 232.08, 354.104; 231.329, 355.992; 230.681, 357.919; 230.082, 359.861; 229.569, 361.828; ];
boundaryCurve{9} = [246.969, 335.028; 245.501, 336.51; 244.039, 337.998; 242.659, 339.562; 241.293, 341.138; 240.002, 342.777; 238.735, 344.433; 237.538, 346.142; 236.373, 347.871; 235.272, 349.643; 234.212, 351.439; 233.211, 353.269; 232.259, 355.125; 231.36, 357.007; 230.52, 358.915; 229.725, 360.844; 229, 362.799; 228.311, 364.768; 227.704, 366.763; 227.126, 368.768; 226.638, 370.795; 226.169, 372.828; ];
boundaryCurve{10} = [218.469, 401.628; 216.609, 402.477; 214.752, 403.333; 212.959, 404.316; 211.173, 405.31; 209.455, 406.419; 207.748, 407.544; 206.114, 408.773; 204.495, 410.021; 202.951, 411.361; 201.428, 412.725; 199.983, 414.171; 198.565, 415.643; 197.226, 417.188; 195.921, 418.761; 194.696, 420.398; 193.514, 422.065; 192.411, 423.787; 191.36, 425.539; 190.389, 427.338; 189.475, 429.166; 188.632, 431.029; 187.857, 432.92; 187.153, 434.839; 186.525, 436.784; 185.963, 438.75; 185.484, 440.736; 185.065, 442.737; 184.737, 444.754; 184.462, 446.781; 184.285, 448.816; 184.156, 450.857; 184.13, 452.9; 184.146, 454.945; 184.274, 456.985; 184.436, 459.023; 184.717, 461.048; 185.026, 463.069; 185.46, 465.066; 185.917, 467.059; 186.469, 469.028; ];
boundaryCurve{11} = [216.169, 406.228; 214.37, 407.178; 212.575, 408.136; 210.883, 409.265; 209.197, 410.405; 207.599, 411.663; 206.011, 412.934; 204.51, 414.309; 203.023, 415.696; 201.617, 417.167; 200.227, 418.652; 198.92, 420.211; 197.632, 421.785; 196.427, 423.425; 195.247, 425.081; 194.148, 426.793; 193.078, 428.523; 192.089, 430.301; 191.134, 432.096; 190.258, 433.933; 189.422, 435.787; 188.664, 437.675; 187.951, 439.579; 187.314, 441.512; 186.728, 443.459; 186.217, 445.429; 185.763, 447.411; 185.381, 449.409; 185.064, 451.418; 184.816, 453.437; 184.639, 455.463; 184.529, 457.495; 184.469, 459.528; ];
