boundaryCurve{1} = [39.35, 46.2; 38.79, 46.02; 38.2, 46.01; 37.62, 46.16; 37.09, 46.44; 36.62, 46.79; 36.19, 47.21; 35.8, 47.67; 35.43, 48.13; 35.08, 48.61; 34.74, 49.1; 34.42, 49.6; 34.11, 50.12; 33.83, 50.64; 33.56, 51.17; 33.31, 51.72; 33.09, 52.27; 32.88, 52.83; 32.69, 53.39; 32.52, 53.96; 32.37, 54.54; 32.24, 55.12; 32.13, 55.71; 32.04, 56.3; 31.99, 56.74; ];
boundaryCurve{2} = [40.02, 48.85; 39.45, 48.75; 38.86, 48.81; 38.28, 48.99; 37.74, 49.25; 37.24, 49.56; 36.76, 49.92; 36.31, 50.31; 35.9, 50.74; 35.52, 51.2; 35.18, 51.69; 34.87, 52.2; 34.6, 52.73; 34.38, 53.29; 34.2, 53.86; 34.07, 54.44; 33.98, 55.03; 33.94, 55.57; ];
boundaryCurve{3} = [37.68, 49.96; 37.98, 50.47; 38.2, 51.02; 38.35, 51.6; 38.41, 52.19; 38.4, 52.79; 38.31, 53.38; 38.15, 53.95; 37.91, 54.5; 37.61, 55.01; 37.23, 55.47; 36.79, 55.88; 36.27, 56.16; 35.71, 56.01; 35.66, 55.51; ];
boundaryCurve{4} = [39.52, 51.06; 39.64, 51.64; 39.71, 52.23; 39.72, 52.83; 39.68, 53.43; 39.59, 54.02; 39.45, 54.6; 39.27, 55.16; 39.03, 55.71; 38.75, 56.24; 38.43, 56.74; 38.06, 57.21; 37.66, 57.64; 37.21, 58.03; 36.71, 58.35; 36.13, 58.47; 35.58, 58.25; 35.37, 57.9; ];
boundaryCurve{5} = [39.53, 51.52; 39.61, 52.11; 39.63, 52.71; 39.61, 53.3; 39.53, 53.9; 39.41, 54.48; 39.24, 55.05; 39.03, 55.61; 38.78, 56.15; 38.48, 56.66; 38.14, 57.15; 37.75, 57.61; 37.29, 58.01; 36.76, 58.26; 36.3, 58.29; ];
boundaryCurve{6} = [37.77, 50.12; 37.98, 50.68; 38.11, 51.26; 38.18, 51.85; 38.18, 52.45; 38.12, 53.04; 37.99, 53.62; 37.8, 54.19; 37.53, 54.73; 37.16, 55.21; 36.7, 55.59; 36.16, 55.79; 35.85, 55.51; 35.97, 54.99; ];
boundaryCurve{7} = [38, 50.28; 38.18, 50.85; 38.3, 51.44; 38.35, 52.03; 38.34, 52.62; 38.25, 53.21; 38.1, 53.79; 37.89, 54.34; 37.62, 54.87; 37.28, 55.37; ];
boundaryCurve{8} = [38.62, 48.85; 38.09, 49.12; 37.58, 49.44; 37.1, 49.79; 36.65, 50.17; 36.22, 50.59; 35.84, 51.05; 35.48, 51.53; 35.16, 52.03; 34.89, 52.56; 34.65, 53.1; 34.46, 53.67; 34.36, 54.07; ];
boundaryCurve{9} = [36.95, 50.08; 36.53, 50.5; 36.14, 50.95; 35.77, 51.41; 35.43, 51.9; 35.11, 52.41; 34.83, 52.93; 34.57, 53.47; 34.34, 54.02; 34.15, 54.58; 33.98, 55.16; 33.85, 55.71; ];
boundaryCurve{10} = [32.7, 60; 32.16, 60.25; 31.64, 60.53; 31.14, 60.86; 30.66, 61.22; 30.21, 61.61; 29.79, 62.03; 29.4, 62.48; 29.04, 62.96; 28.72, 63.46; 28.44, 63.98; 28.19, 64.52; 27.99, 65.08; 27.83, 65.66; 27.7, 66.24; 27.62, 66.83; 27.59, 67.42; 27.59, 68.02; 27.64, 68.61; 27.73, 69.2; 27.86, 69.78; 27.94, 70.04; ];
boundaryCurve{11} = [32.36, 60.69; 31.84, 60.96; 31.34, 61.29; 30.87, 61.66; 30.43, 62.07; 30.02, 62.5; 29.64, 62.95; 29.28, 63.44; 28.96, 63.94; 28.67, 64.46; 28.41, 65; 28.19, 65.55; 28.01, 66.12; 27.86, 66.69; 27.75, 67.28; 27.67, 67.87; 27.64, 68.46; 27.64, 68.63; ];
boundaryCurve{12} = [27.7, 69.51; 27.89, 70.07; 28.08, 70.64; 28.27, 71.21; 28.45, 71.77; 28.64, 72.34; 28.83, 72.9; 29.02, 73.47; 29.21, 74.03; 29.4, 74.59; 29.58, 75.16; 29.76, 75.73; 29.93, 76.3; 30.09, 76.88; 30.24, 77.45; 30.37, 78.03; 30.48, 78.62; 30.58, 79.21; 30.65, 79.81; 30.7, 80.41; 30.72, 81.01; 30.7, 81.6; 30.65, 82.2; 30.55, 82.78; 30.42, 83.36; 30.24, 83.92; 30.01, 84.47; 29.72, 84.99; 29.4, 85.48; 29.03, 85.94; 28.62, 86.37; 28.18, 86.77; 27.71, 87.15; 27.22, 87.49; 26.71, 87.81; 26.19, 88.11; 25.66, 88.38; 25.12, 88.63; 24.57, 88.86; 24.01, 89.07; 23.44, 89.25; 22.86, 89.4; 22.28, 89.51; 21.69, 89.59; 21.1, 89.63; 20.5, 89.63; 19.91, 89.58; 19.32, 89.48; 18.74, 89.35; 18.17, 89.19; 17.6, 89.01; 17.03, 88.83; 16.46, 88.64; 15.89, 88.47; 15.32, 88.31; 14.73, 88.18; 14.13, 88.09; 13.53, 88.05; 12.93, 88.06; 12.35, 88.13; 11.78, 88.28; 11.24, 88.51; 10.92, 88.7; ];
boundaryCurve{13} = [27.86, 69.34; 27.96, 69.93; 28.06, 70.52; 28.16, 71.11; 28.26, 71.7; 28.36, 72.28; 28.45, 72.87; 28.55, 73.46; 28.65, 74.05; 28.75, 74.64; 28.84, 75.22; 28.94, 75.81; 29.04, 76.4; 29.13, 76.99; 29.23, 77.58; 29.32, 78.17; 29.41, 78.77; 29.49, 79.37; 29.55, 79.97; 29.6, 80.58; 29.63, 81.18; 29.63, 81.78; 29.6, 82.37; 29.54, 82.95; 29.45, 83.53; 29.31, 84.1; 29.13, 84.65; 28.9, 85.2; 28.62, 85.72; 28.3, 86.22; 27.93, 86.68; 27.52, 87.11; 27.08, 87.51; 26.6, 87.87; 26.1, 88.2; 25.58, 88.49; 25.04, 88.75; 24.48, 88.96; 23.91, 89.14; 23.33, 89.28; 22.75, 89.39; 22.16, 89.46; 21.56, 89.51; 20.97, 89.52; 20.37, 89.51; 19.77, 89.48; 19.18, 89.42; 18.59, 89.34; 18, 89.23; 17.41, 89.12; 16.82, 89; 16.24, 88.88; 15.65, 88.76; 15.07, 88.65; 14.48, 88.55; 13.89, 88.48; 13.3, 88.43; 12.71, 88.41; 12.41, 88.42; ];
boundaryCurve{14} = [28.95, 72.44; 28.91, 73.04; 28.91, 73.63; 28.93, 74.22; 28.98, 74.82; 29.05, 75.41; 29.14, 76; 29.23, 76.6; 29.34, 77.19; 29.44, 77.78; 29.54, 78.37; 29.64, 78.97; 29.73, 79.56; 29.79, 80.15; 29.84, 80.74; 29.87, 81.33; 29.86, 81.92; 29.83, 82.51; 29.75, 83.1; 29.64, 83.68; 29.48, 84.26; 29.29, 84.82; 29.05, 85.37; 28.78, 85.89; 28.47, 86.4; 28.12, 86.89; 27.75, 87.35; 27.34, 87.79; 26.9, 88.2; 26.44, 88.57; 25.95, 88.91; 25.88, 88.95; ];
boundaryCurve{15} = [36.59, 83.2; 36.82, 82.66; 37.08, 82.14; 37.38, 81.64; 37.71, 81.17; 38.06, 80.71; 38.45, 80.27; 38.85, 79.85; 39.28, 79.44; 39.72, 79.04; 40.17, 78.65; 40.64, 78.26; 41.11, 77.88; 41.58, 77.5; 42.06, 77.11; 42.53, 76.73; 42.99, 76.33; 43.45, 75.94; 43.89, 75.53; 44.32, 75.1; 44.73, 74.67; 45.12, 74.21; 45.48, 73.74; 45.82, 73.26; 46.13, 72.76; 46.43, 72.24; 46.7, 71.72; 46.95, 71.18; 47.17, 70.63; 47.38, 70.08; 47.58, 69.51; 47.75, 68.94; 47.91, 68.36; 48.05, 67.78; 48.18, 67.19; 48.3, 66.6; 48.4, 66.01; 48.49, 65.42; 48.57, 64.82; 48.64, 64.23; 48.7, 63.63; 48.75, 63.04; 48.79, 62.44; 48.81, 61.84; 48.82, 61.25; 48.81, 60.65; 48.78, 60.06; 48.74, 59.47; 48.67, 58.88; 48.58, 58.29; 48.46, 57.71; 48.33, 57.13; 48.17, 56.56; 47.99, 55.99; 47.8, 55.43; 47.59, 54.87; 47.36, 54.32; 47.13, 53.77; 46.89, 53.22; 46.65, 52.68; 46.4, 52.13; 46.15, 51.59; 45.9, 51.04; 45.66, 50.5; 45.42, 49.95; 45.19, 49.4; 44.97, 48.85; 44.76, 48.29; 44.56, 47.73; 44.39, 47.16; 44.23, 46.58; 44.21, 46.48; ];
boundaryCurve{16} = [45.31, 48.41; 45.48, 48.98; 45.66, 49.55; 45.83, 50.12; 46, 50.69; 46.35, 51.83; 46.52, 52.4; 46.7, 52.97; 46.87, 53.54; 47.05, 54.11; 47.23, 54.68; 47.4, 55.25; 47.57, 55.82; 47.74, 56.39; 47.9, 56.96; 48.06, 57.54; 48.2, 58.12; 48.34, 58.7; 48.46, 59.28; 48.57, 59.87; 48.66, 60.46; 48.73, 61.05; 48.79, 61.65; 48.83, 62.25; 48.85, 62.85; 48.85, 63.45; 48.84, 64.05; 48.81, 64.65; 48.76, 65.25; 48.7, 65.84; 48.61, 66.44; 48.51, 67.03; 48.39, 67.61; 48.26, 68.19; 48.1, 68.77; 47.92, 69.34; 47.73, 69.9; 47.52, 70.45; 47.29, 71; 47.04, 71.54; 46.77, 72.06; 46.48, 72.58; 46.18, 73.08; 45.85, 73.58; 45.51, 74.06; 45.14, 74.52; 44.76, 74.98; 44.35, 75.41; 43.94, 75.84; 43.5, 76.25; 43.05, 76.64; 42.6, 77.03; 42.14, 77.42; 41.67, 77.8; 41.21, 78.18; 40.74, 78.56; 40.28, 78.94; 39.83, 79.33; 39.39, 79.73; 38.96, 80.14; 38.55, 80.56; 38.15, 81; 37.78, 81.46; 37.43, 81.93; 37.22, 82.25; ];
boundaryCurve{17} = [45.8, 48.14; 45.98, 48.71; 46.16, 49.28; 46.34, 49.85; 46.52, 50.42; 46.7, 50.98; 46.88, 51.55; 47.06, 52.12; 47.24, 52.69; 47.42, 53.26; 47.59, 53.83; 47.76, 54.4; 47.93, 54.97; 48.1, 55.54; 48.26, 56.12; 48.41, 56.7; 48.55, 57.27; 48.68, 57.85; 48.81, 58.44; 48.92, 59.02; 49.02, 59.61; 49.11, 60.2; 49.18, 60.79; 49.24, 61.38; 49.28, 61.98; 49.3, 62.57; 49.3, 63.17; 49.29, 63.77; 49.25, 64.37; 49.19, 64.97; 49.11, 65.56; 49.01, 66.15; 48.88, 66.73; 48.73, 67.31; 48.56, 67.88; 48.36, 68.44; 48.13, 68.98; 47.88, 69.52; 47.6, 70.04; 47.3, 70.55; 46.96, 71.04; 46.6, 71.51; 46.22, 71.97; 45.82, 72.41; 45.42, 72.85; 45.01, 73.28; 44.6, 73.72; 44.19, 74.16; 43.8, 74.6; 43.41, 75.05; 43.02, 75.51; 42.65, 75.97; 42.28, 76.44; 41.91, 76.92; 41.56, 77.4; 41.21, 77.88; 40.87, 78.37; 40.54, 78.87; 40.22, 79.37; 39.9, 79.87; 39.59, 80.38; 39.29, 80.89; 39.23, 81; ];
