b{145}=[145.546,268.83;146.989,268.456;148.421,268.043;149.84,267.588;151.245,267.093;152.637,266.56;154.014,265.99;155.376,265.385;156.729,264.76;158.074,264.117;159.412,263.461;160.746,262.796;162.077,262.125;163.408,261.454;164.741,260.789;166.08,260.134;167.426,259.494;168.781,258.873;170.146,258.276;171.527,257.715;172.921,257.189;174.33,256.701;175.751,256.255;177.187,255.855;178.636,255.506;180.1,255.228;181.576,255.023;183.059,254.882;184.547,254.809;186.037,254.807;187.526,254.87;];
clusterIdx(145)=65;
b{146}=[173.216,260.98;174.463,260.194;175.732,259.444;177.025,258.736;178.339,258.068;179.674,257.442;181.03,256.863;182.408,256.339;183.801,255.856;185.207,255.416;186.627,255.018;188.057,254.663;189.498,254.349;190.949,254.087;192.407,253.867;193.87,253.689;195.338,253.554;196.809,253.461;198.282,253.413;199.757,253.419;201.23,253.467;202.701,253.558;204.169,253.691;205.633,253.867;207.091,254.087;208.539,254.362;209.977,254.686;211.405,255.052;212.822,255.46;214.225,255.911;215.616,256.4;];
clusterIdx(146)=65;
b{160}=[209.906,253.87;214.128,254.281;218.26,255.227;222.183,256.827;225.762,259.095;228.977,261.856;231.782,265.032;234.134,268.555;235.984,272.364;237.274,276.397;237.963,280.574;238.059,284.807;237.602,289.018;236.636,293.142;235.204,297.129;233.349,300.939;231.109,304.536;228.526,307.896;225.632,310.993;222.459,313.802;219.035,316.301;215.399,318.481;211.594,320.352;207.654,321.92;203.609,323.195;199.486,324.189;195.308,324.922;191.094,325.409;186.859,325.645;182.617,325.676;178.376,325.54;];
clusterIdx(160)=65;
b{163}=[150.536,267.39;151.545,266.721;152.56,266.062;153.581,265.412;154.613,264.779;155.656,264.164;156.706,263.562;157.765,262.975;158.834,262.408;159.909,261.853;160.992,261.311;162.085,260.791;163.184,260.284;164.289,259.79;165.403,259.315;166.523,258.857;167.649,258.413;168.782,257.986;169.922,257.58;171.067,257.188;172.217,256.809;173.374,256.454;174.535,256.112;175.7,255.785;176.871,255.477;178.047,255.187;179.225,254.912;180.408,254.656;181.596,254.42;182.785,254.195;183.976,253.98;];
clusterIdx(163)=65;
b{164}=[217.476,257.07;216.059,256.499;214.625,255.971;213.175,255.492;211.71,255.06;210.231,254.676;208.739,254.348;207.235,254.083;205.722,253.867;204.204,253.701;202.681,253.585;201.155,253.518;199.627,253.5;198.1,253.543;196.575,253.635;195.054,253.775;193.538,253.963;192.028,254.199;190.527,254.484;189.039,254.828;187.562,255.219;186.099,255.659;184.651,256.145;183.22,256.679;181.807,257.26;180.419,257.899;179.057,258.59;177.718,259.326;176.404,260.104;175.117,260.928;173.856,261.79;];
clusterIdx(164)=65;
b{165}=[206.106,253.87;210.52,253.738;214.916,254.144;219.194,255.221;223.223,257.017;226.941,259.392;230.265,262.29;233.119,265.649;235.434,269.401;237.175,273.451;238.33,277.706;238.914,282.077;238.948,286.486;238.448,290.868;237.42,295.155;235.872,299.284;233.844,303.2;231.388,306.864;228.554,310.245;225.386,313.316;221.929,316.059;218.227,318.461;214.318,320.511;210.239,322.197;206.026,323.516;201.717,324.481;197.347,325.109;192.941,325.415;188.525,325.386;184.12,325.071;179.736,324.53;];
clusterIdx(165)=65;
b{1}=[114.496,213.31;116.185,212.832;117.888,212.404;119.604,212.036;121.331,211.721;123.068,211.468;124.813,211.275;126.563,211.14;128.317,211.062;130.072,211.04;131.827,211.075;133.58,211.166;135.33,211.313;137.073,211.516;138.81,211.775;140.537,212.09;142.252,212.464;143.954,212.895;145.64,213.385;147.308,213.931;148.957,214.534;150.584,215.194;152.178,215.927;153.754,216.701;155.309,217.514;156.82,218.406;158.282,219.377;159.663,220.458;160.924,221.677;162.022,223.046;162.976,224.52;];
clusterIdx(1)=1;
b{22}=[152.516,213.69;151.552,213.17;150.575,212.676;149.581,212.215;148.558,211.824;147.523,211.468;146.469,211.169;145.409,210.893;144.346,210.628;143.279,210.376;142.213,210.128;141.145,209.883;140.075,209.645;139.005,209.413;137.933,209.188;136.858,208.975;135.782,208.77;134.703,208.581;133.621,208.407;132.538,208.244;131.451,208.111;130.362,207.993;129.271,207.893;128.177,207.828;127.083,207.78;125.988,207.762;124.893,207.783;123.798,207.825;122.706,207.908;121.615,208.011;120.526,208.13;];
clusterIdx(22)=1;
b{23}=[161.476,219.99;160.328,219.012;159.152,218.068;157.946,217.163;156.712,216.297;155.452,215.47;154.162,214.688;152.842,213.958;151.501,213.269;150.14,212.621;148.76,212.014;147.362,211.448;145.948,210.923;144.517,210.45;143.072,210.017;141.616,209.626;140.149,209.276;138.673,208.967;137.189,208.701;135.696,208.486;134.198,208.314;132.696,208.183;131.191,208.096;129.684,208.053;128.176,208.055;126.669,208.114;125.165,208.222;123.664,208.372;122.169,208.563;120.679,208.797;119.196,209.07;];
clusterIdx(23)=1;
b{24}=[160.716,216.98;159.632,216.172;158.529,215.391;157.404,214.642;156.256,213.928;155.075,213.27;153.874,212.652;152.655,212.067;151.42,211.517;150.169,211.005;148.903,210.532;147.625,210.09;146.338,209.678;145.041,209.296;143.734,208.953;142.42,208.637;141.1,208.347;139.774,208.082;138.442,207.85;137.106,207.642;135.768,207.455;134.426,207.289;133.082,207.145;131.736,207.021;130.388,206.914;129.04,206.821;127.69,206.743;126.34,206.683;124.989,206.633;123.638,206.593;122.286,206.56;];
clusterIdx(24)=1;
b{25}=[166.876,225.48;165.392,224.348;163.883,223.25;162.346,222.191;160.784,221.169;159.193,220.193;157.576,219.26;155.935,218.371;154.27,217.528;152.582,216.731;150.873,215.982;149.143,215.282;147.393,214.632;145.625,214.034;143.84,213.489;142.039,212.999;140.223,212.568;138.395,212.194;136.556,211.878;134.707,211.62;132.851,211.421;130.99,211.282;129.125,211.203;127.259,211.186;125.393,211.23;123.53,211.339;121.672,211.511;119.821,211.757;117.98,212.063;116.152,212.437;114.336,212.87;];
clusterIdx(25)=1;
b{26}=[113.006,216.1;114.199,215.655;115.4,215.229;116.608,214.826;117.826,214.452;119.055,214.121;120.292,213.817;121.535,213.54;122.786,213.297;124.042,213.088;125.302,212.905;126.566,212.749;127.835,212.63;129.105,212.54;130.377,212.477;131.65,212.44;132.924,212.445;134.197,212.479;135.469,212.539;136.74,212.629;138.007,212.757;139.271,212.911;140.532,213.092;141.787,213.306;143.037,213.554;144.28,213.829;145.517,214.131;146.744,214.476;147.961,214.849;149.172,215.245;150.376,215.66;];
clusterIdx(26)=1;
b{28}=[113.266,214.18;114.889,213.694;116.525,213.252;118.174,212.863;119.834,212.521;121.504,212.234;123.182,212.001;124.866,211.818;126.555,211.686;128.248,211.604;129.942,211.571;131.636,211.588;133.329,211.654;135.019,211.769;136.706,211.932;138.387,212.145;140.061,212.409;141.726,212.722;143.381,213.086;145.024,213.499;146.654,213.96;148.27,214.471;149.87,215.029;151.451,215.637;153.013,216.294;154.553,216.999;156.069,217.756;157.557,218.566;159.022,219.418;160.457,220.318;161.866,221.26;];
clusterIdx(28)=1;
b{8}=[79.5061,265.47;78.7357,267.143;78.0185,268.84;77.3632,270.561;76.7626,272.302;76.2327,274.066;75.7662,275.848;75.3633,277.645;75.0242,279.456;74.7491,281.277;74.5379,283.107;74.3908,284.943;74.3076,286.783;74.2883,288.625;74.3327,290.466;74.4405,292.305;74.6117,294.139;74.8458,295.966;75.1427,297.784;75.5019,299.59;75.923,301.383;76.4057,303.161;76.9494,304.921;77.5539,306.661;78.2197,308.378;78.9466,310.07;79.7321,311.736;80.5832,313.37;81.4817,314.978;82.4352,316.554;83.4361,318.1;];
clusterIdx(8)=9;
b{20}=[82.1461,266.72;81.5088,268.301;80.9103,269.897;80.3563,271.509;79.8429,273.135;79.378,274.775;78.9607,276.428;78.5893,278.091;78.2641,279.764;77.9852,281.446;77.7527,283.135;77.5668,284.829;77.4274,286.528;77.3346,288.23;77.2884,289.934;77.2889,291.639;77.3396,293.343;77.4369,295.045;77.5806,296.743;77.7708,298.437;78.0072,300.125;78.2901,301.806;78.6201,303.479;78.9971,305.141;79.4202,306.792;79.8888,308.431;80.4045,310.056;80.9679,311.665;81.5694,313.26;82.2138,314.838;82.8961,316.4;];
clusterIdx(20)=9;
