boundaryCurve{1} = [307.61, 242.03; 306.637, 240.269; 305.753, 238.474; 304.956, 236.649; 304.245, 234.795; 303.619, 232.916; 303.077, 231.015; 302.617, 229.092; 302.24, 227.152; 301.942, 225.196; 301.724, 223.228; 301.584, 221.249; 301.521, 219.262; 301.534, 217.27; 301.622, 215.275; 301.783, 213.28; 302.017, 211.287; 302.321, 209.299; 302.696, 207.318; 303.14, 205.348; 303.652, 203.39; 304.23, 201.446; 304.874, 199.521; 305.582, 197.615; 306.353, 195.732; 307.187, 193.874; 308.081, 192.043; 309.035, 190.243; 310.048, 188.475; 311.118, 186.743; 312.244, 185.048; 313.426, 183.394; 314.662, 181.782; 315.95, 180.216; 317.29, 178.698; 318.681, 177.23; 320.117, 175.817; 321.589, 174.454; 323.097, 173.139; 324.639, 171.871; 326.215, 170.649; 327.823, 169.473; 329.463, 168.343; 331.132, 167.258; 332.83, 166.218; 334.555, 165.223; 336.306, 164.272; 338.083, 163.364; 339.883, 162.5; 341.706, 161.679; 343.55, 160.9; 345.415, 160.163; 347.298, 159.468; 349.2, 158.814; 351.118, 158.201; 353.051, 157.629; 354.998, 157.097; 356.958, 156.604; 358.93, 156.15; 360.913, 155.736; 362.905, 155.36; 364.905, 155.022; 366.911, 154.722; 368.924, 154.459; 370.941, 154.232; 372.961, 154.043; 374.984, 153.889; 377.007, 153.771; 379.03, 153.688; 381.051, 153.64; 383.07, 153.627; 385.084, 153.648; 387.098, 153.702; 389.115, 153.792; 391.135, 153.918; 393.154, 154.083; 395.17, 154.288; 397.182, 154.535; 399.187, 154.826; 401.183, 155.163; 403.167, 155.547; 405.138, 155.98; 407.094, 156.464; 409.032, 157; 410.95, 157.59; 412.845, 158.237; 414.717, 158.941; 416.562, 159.705; 418.378, 160.531; 420.163, 161.419; 421.915, 162.372; 423.632, 163.391; 425.312, 164.479; 426.952, 165.637; 428.542, 166.858; 430.074, 168.133; 431.551, 169.461; 432.973, 170.838; 434.342, 172.262; 435.662, 173.732; 436.932, 175.246; 438.156, 176.8; 439.335, 178.392; 440.471, 180.022; 441.565, 181.685; 442.62, 183.381; 443.638, 185.106; 444.621, 186.859; 445.569, 188.638; 446.486, 190.439; 447.373, 192.262; 448.232, 194.103; 449.065, 195.961; 449.873, 197.833; 450.659, 199.717; 451.424, 201.611; 452.17, 203.513; 452.9, 205.42; 453.614, 207.331; 454.316, 209.242; 455.006, 211.152; 455.687, 213.059; 456.36, 214.96; ];
boundaryCurve{2} = [345.482, 233.391; 347.913, 234.145; 350.122, 235.051; 352.12, 236.099; 353.917, 237.277; 355.522, 238.575; 356.945, 239.983; 358.196, 241.489; 359.285, 243.084; 360.223, 244.756; 361.018, 246.495; 361.681, 248.29; 362.221, 250.131; 362.649, 252.007; 362.974, 253.907; 363.207, 255.821; 363.357, 257.738; 363.434, 259.647; 363.448, 261.538; 363.409, 263.401; 363.327, 265.223; 363.212, 266.996; 363.073, 268.708; 362.913, 270.422; 362.697, 272.414; 362.447, 274.4; 362.161, 276.38; 361.841, 278.354; 361.487, 280.32; 361.099, 282.28; 360.679, 284.232; 360.226, 286.177; 359.741, 288.114; 359.224, 290.043; 358.676, 291.963; 358.097, 293.875; 357.488, 295.778; 356.849, 297.673; 356.181, 299.557; 355.484, 301.432; 354.758, 303.298; 354.005, 305.153; 353.223, 306.998; 352.415, 308.832; 351.58, 310.655; 350.719, 312.467; 349.833, 314.268; 348.921, 316.057; 347.984, 317.834; 347.023, 319.599; 346.038, 321.352; 345.03, 323.091; 343.999, 324.818; 342.945, 326.532; 341.869, 328.232; 340.772, 329.919; 339.654, 331.592; 338.514, 333.25; 337.355, 334.894; 336.176, 336.523; 334.978, 338.137; 333.761, 339.736; 332.525, 341.319; 331.272, 342.887; 330.001, 344.439; 328.713, 345.975; 327.41, 347.496; 326.091, 349.002; 324.756, 350.494; 323.406, 351.972; 322.041, 353.435; 320.662, 354.884; 319.268, 356.32; 317.861, 357.741; 316.44, 359.149; 315.005, 360.544; 313.557, 361.925; 312.097, 363.294; 310.624, 364.65; 309.139, 365.992; 307.642, 367.323; 306.134, 368.641; 304.615, 369.947; 303.084, 371.24; 301.543, 372.522; 299.991, 373.793; 298.43, 375.052; 296.859, 376.299; 295.278, 377.535; 293.688, 378.761; 292.09, 379.975; 290.482, 381.179; 288.867, 382.372; 287.244, 383.555; 285.613, 384.728; 283.975, 385.891; 282.329, 387.044; 280.677, 388.188; 279.019, 389.322; 277.355, 390.446; 275.684, 391.562; 274.009, 392.669; 272.328, 393.767; 270.642, 394.856; 268.951, 395.937; 267.43, 396.9; 267.446, 396.657; 267.601, 394.291; 267.762, 391.954; 267.928, 389.644; 268.099, 387.362; 268.275, 385.106; 268.456, 382.875; 268.642, 380.669; 268.832, 378.487; 269.026, 376.328; 269.225, 374.192; 269.428, 372.078; 269.635, 369.985; 269.845, 367.913; 270.06, 365.86; 270.278, 363.826; 270.499, 361.81; 270.724, 359.812; 270.951, 357.83; 271.182, 355.865; 271.416, 353.915; 271.652, 351.979; 271.891, 350.058; 272.133, 348.149; 272.377, 346.253; 272.623, 344.369; 272.871, 342.495; 273.121, 340.632; 273.373, 338.779; 273.627, 336.934; 273.882, 335.097; 274.138, 333.267; 274.396, 331.444; 274.654, 329.627; 274.914, 327.815; 275.175, 326.007; 275.436, 324.203; 275.698, 322.402; 275.96, 320.603; 276.223, 318.806; 276.485, 317.01; 276.774, 315.042; 277.069, 313.054; 277.368, 311.063; 277.673, 309.071; 277.985, 307.078; 278.306, 305.085; 278.638, 303.093; 278.983, 301.103; 279.341, 299.116; 279.715, 297.133; 280.105, 295.154; 280.514, 293.181; 280.944, 291.214; 281.395, 289.254; 281.869, 287.302; 282.368, 285.359; 282.894, 283.426; 283.448, 281.504; 284.031, 279.593; 284.646, 277.695; 285.293, 275.81; 285.975, 273.94; 286.693, 272.084; 287.449, 270.245; 288.243, 268.422; 289.078, 266.617; 289.956, 264.831; 290.877, 263.064; 291.844, 261.317; 292.858, 259.592; 293.928, 257.887; 295.059, 256.211; 296.248, 254.567; 297.494, 252.958; 298.794, 251.388; 300.147, 249.858; 301.549, 248.372; 302.999, 246.932; 304.496, 245.542; 306.036, 244.204; 307.617, 242.921; 309.239, 241.697; 310.898, 240.532; 312.592, 239.432; 314.32, 238.398; 316.079, 237.433; 317.867, 236.541; 319.683, 235.723; 321.523, 234.984; 323.386, 234.325; 325.27, 233.75; 327.173, 233.261; 329.093, 232.861; 331.027, 232.553; 332.973, 232.34; 334.93, 232.225; 336.896, 232.211; 338.867, 232.3; 340.842, 232.495; 342.82, 232.8; ];
