segmentsStart = [364.136, 238.188; 364.136, 238.188; 234.931, 437.259; 234.931, 437.259; 234.93, 437.26; 234.93, 437.26; 363.14, 236.22; 363.14, 236.22; 238.44, 437.9; 238.44, 437.9; 361.04, 244.27; 361.04, 244.27; 415.89, 226.04; 415.89, 226.04; 460.75, 412.95; 460.75, 412.95; 427.81, 225.66; 427.81, 225.66; 477, 411.97; 477, 411.97; 459.42, 413.81; 459.42, 413.81; 478.93, 448.74; 478.93, 448.74; 368.68, 269.73; 368.68, 269.73; 481.5, 440.7; 481.5, 440.7; 242.2, 279.08; 242.2, 279.08; 153.68, 403.04; 153.68, 403.04; 153.682, 403.039; 153.682, 403.039; 259.04, 349.93; 259.04, 349.93; 242.51, 277.76; 242.51, 277.76; 148.7, 408.86; 148.7, 408.86; 156.31, 407.02; 156.31, 407.02; 305.8, 236.47; 305.8, 236.47; 431.97, 226.47; 431.97, 226.47; 440.39, 186.71; 440.39, 186.71; 627.608, 115.711; 627.608, 115.711; 627.61, 115.71; 627.61, 115.71; 548, 196.77; 548, 196.77; 441.28, 233.6; 441.28, 233.6; 664.11, 283.87; 664.11, 283.87; 341.43, 343.39; 341.43, 343.39; 390.18, 446.15; 390.18, 446.15; 389.07, 333.69; 389.07, 333.69; 382.07, 446.28; 382.07, 446.28; 462.2, 312.73; 462.2, 312.73; 538.51, 372.4; 538.51, 372.4; 508.3, 268.32; 508.3, 268.32; 537.94, 365.69; 537.94, 365.69; 435.1, 225.16; 435.1, 225.16; 661.39, 287.22; 661.39, 287.22; 456.65, 196.12; 456.65, 196.12; 659.58, 287.71; 659.58, 287.71; 464.21, 306.71; 464.21, 306.71; 541.949, 376.02; 541.949, 376.02; 541.95, 376.019; 541.95, 376.019; 506.51, 264.31; 506.51, 264.31; 442.64, 190.2; 442.64, 190.2; 625.7, 118.88; 625.7, 118.88; 534.93, 202.82; 534.93, 202.82; 619.88, 122.68; 619.88, 122.68; 303.5, 236.66; 303.5, 236.66; 431.97, 227.14; 431.97, 227.14; 451.81, 202.34; 451.81, 202.34; 302.5, 212.56; 302.5, 212.56; 309.45, 237.74; 309.45, 237.74; 391.84, 150.18; 391.84, 150.18; 363.286, 235.4; 363.286, 235.4; 235.601, 439.929; 235.601, 439.929; 235.6, 439.929; 235.6, 439.929; 363.44, 232.88; 363.44, 232.88; 387.39, 237.04; 387.39, 237.04; 483.69, 454.68; 483.69, 454.68; 425.84, 226.25; 425.84, 226.25; 485.79, 445.65; 485.79, 445.65; 335.26, 339.86; 335.26, 339.86; 384.79, 442.83; 384.79, 442.83; 395.15, 327.1; 395.15, 327.1; 376.04, 451.46; 376.04, 451.46; 455.85, 308.55; 455.85, 308.55; 536.79, 367.18; 536.79, 367.18; 497.49, 257.16; 497.49, 257.16; 529.65, 372.42; 529.65, 372.42; 440.24, 221.88; 440.24, 221.88; 645.23, 288.17; 645.23, 288.17; 459.4, 197.53; 459.4, 197.53; 657.08, 289.26; 657.08, 289.26; 623.73, 117.49; 623.73, 117.49; 442.7, 184.54; 442.7, 184.54; 622.76, 119.79; 622.76, 119.79; 245.15, 277.72; 245.15, 277.72; 154.66, 401.54; 154.66, 401.54; 161.72, 383.37; 161.72, 383.37; 170.58, 407.42; 170.58, 407.42; 186.66, 405.22; 186.66, 405.22; 169.09, 375.98; 169.09, 375.98; 178.34, 403.53; 178.34, 403.53; 175.69, 363.02; 175.69, 363.02; 191.66, 399.44; 191.66, 399.44; 180.03, 357.05; 180.03, 357.05; 197.24, 396.03; 197.24, 396.03; 185.16, 350.28; 185.16, 350.28; 202.23, 390.98; 202.23, 390.98; 189.3, 344.99; 189.3, 344.99; 207.82, 388.89; 207.82, 388.89; 194.78, 338.37; 194.78, 338.37; 212.82, 383.42; 212.82, 383.42; 198.91, 331.57; 198.91, 331.57; 218.53, 375.54; 218.53, 375.54; 205.27, 324.18; 205.27, 324.18; 224.97, 372.71; 224.97, 372.71; 211.18, 320.29; 211.18, 320.29; 231.15, 366.13; 231.15, 366.13; 216.67, 307.98; 216.67, 307.98; 237.44, 357.54; 237.44, 357.54; 224.31, 299.74; 224.31, 299.74; 245.58, 355.01; 245.58, 355.01; 231.19, 296.42; 231.19, 296.42; 252.07, 349.8; 252.07, 349.8; 240.2, 289.11; 240.2, 289.11; 260.14, 341.86; 260.14, 341.86; 249.89, 285.73; 249.89, 285.73; 265.91, 328.7; 265.91, 328.7; 367.79, 428.72; 367.79, 428.72; 387.86, 429.64; 387.86, 429.64; 364.1, 422.01; 364.1, 422.01; 389.19, 421.98; 389.19, 421.98; 359.01, 414.31; 359.01, 414.31; 388.34, 414; 388.34, 414; 387.37, 403.39; 387.37, 403.39; 350.69, 392.9; 350.69, 392.9; 394.31, 394.1; 394.31, 394.1; 346.1, 384; 346.1, 384; 388.9, 383.9; 388.9, 383.9; 345.96, 372.78; 345.96, 372.78; 390.82, 372.76; 390.82, 372.76; 342.96, 362.11; 342.96, 362.11; 393.99, 363.83; 393.99, 363.83; 341.12, 352.11; 341.12, 352.11; 394.34, 354.61; 394.34, 354.61; 342.64, 341.86; 342.64, 341.86; 391.46, 344.2; 391.46, 344.2; 348.95, 332.04; 348.95, 332.04; 388.25, 334.36; 388.25, 334.36; 351.43, 322.17; 351.43, 322.17; 384.24, 324.69; 384.24, 324.69; 357.66, 314.24; 357.66, 314.24; 379.54, 315.45; 379.54, 315.45; 358.83, 304.54; 358.83, 304.54; 378.15, 305.34; 378.15, 305.34; 521.58, 360.91; 521.58, 360.91; 515.45, 357.96; 515.45, 357.96; 537.37, 342.09; 537.37, 342.09; 508.01, 353.11; 508.01, 353.11; 533.17, 334.81; 533.17, 334.81; 501.4, 348.27; 501.4, 348.27; 534.11, 324.37; 534.11, 324.37; 494.02, 343.26; 494.02, 343.26; 528.39, 315.71; 528.39, 315.71; 492.22, 335.36; 492.22, 335.36; 527.29, 308.69; 527.29, 308.69; 486.92, 330.33; 486.92, 330.33; 523.34, 302.77; 523.34, 302.77; 481.82, 324.53; 481.82, 324.53; 520.15, 294.19; 520.15, 294.19; 474.73, 319.11; 474.73, 319.11; 517.39, 285.37; 517.39, 285.37; 471.19, 312.13; 471.19, 312.13; 511.64, 277.96; 511.64, 277.96; 471.95, 301.99; 471.95, 301.99; 508.79, 272.11; 508.79, 272.11; 467.94, 295.73; 467.94, 295.73; 501.65, 268.68; 501.65, 268.68; 463.11, 286.91; 463.11, 286.91; 491.71, 264.36; 491.71, 264.36; 463.08, 278.37; 463.08, 278.37; 486.21, 261.15; 486.21, 261.15; 461.07, 270.98; 461.07, 270.98; 476.15, 258.47; 476.15, 258.47; 457.01, 263.63; 457.01, 263.63; 467.98, 255.05; 467.98, 255.05; 452.01, 257.69; 452.01, 257.69; 458.72, 251.78; 458.72, 251.78; 451.43, 249.49; 451.43, 249.49; 456.42, 245.88; 456.42, 245.88; 264.36, 345.83; 264.36, 345.83; 148.54, 412.08; 148.54, 412.08; 401.46, 340.52; 401.46, 340.52; 504.62, 723.81; 504.62, 723.81; 410.25, 340.81; 410.25, 340.81; 504.89, 719.03; 504.89, 719.03; 403.72, 351.54; 403.72, 351.54; 500.91, 726.14; 500.91, 726.14; 404.08, 382.43; 404.08, 382.43; 510.22, 729.13; 510.22, 729.13; 365.48, 239.16; 365.48, 239.16; 381.86, 237.11; 381.86, 237.11; 241.53, 426.48; 241.53, 426.48; 243.348, 425.587; 243.348, 425.587; 376.54, 251.43; 376.54, 251.43; 473.81, 438.79; 473.81, 438.79; 436.63, 229.44; 436.63, 229.44; 485.4, 462.89; 335.05, 348.32; 335.05, 348.32; 380.36, 446.03; 380.36, 446.03; 339.84, 357.13; 339.84, 357.13; 378.29, 440.09; 378.29, 440.09; 305.17, 223.75; 305.17, 223.75; 121.03, 288.11; 121.03, 288.11; 307.72, 240.63; 307.72, 240.63; 123, 288.65; 123, 288.65; 123.19, 286.37; 123.19, 286.37; 310.56, 240.32; 310.56, 240.32; 124.41, 290.7; 124.41, 290.7; 305.43, 223.75; 305.43, 223.75; 124.45, 287.53; 124.45, 287.53; 308.03, 244.8; 308.03, 244.8; 113.44, 288.31; 113.44, 288.31; 305.17, 219.5; 305.17, 219.5; 114.84, 292.09; 114.84, 292.09; 254.17, 274.53; 254.17, 274.53; 268.73, 322.27; 268.73, 322.27; 261.96, 271.2; 261.96, 271.2; 273.12, 305.05; 273.12, 305.05; 270.81, 266.95; 270.81, 266.95; 278.07, 290.03; 278.07, 290.03; 280.64, 259.73; 280.64, 259.73; 285.07, 277.28; 285.07, 277.28; 289.11, 254.57; 289.11, 254.57; 291.51, 261.04; 291.51, 261.04; ];
