segmentsStart = [307.61, 242.03; 307.61, 242.03; 456.36, 214.96; 456.36, 214.96; 345.482, 233.391; 345.482, 233.391; 267.432, 396.899; 267.432, 396.899; 267.43, 396.9; 267.43, 396.9; 342.82, 232.8; 342.82, 232.8; 472.72, 419.37; 472.72, 419.37; 473.251, 417.346; 473.251, 417.346; 381.97, 240.93; 381.97, 240.93; 457.27, 412.22; 457.27, 412.22; 636.8, 306.05; 636.8, 306.05; 635.684, 304.162; 635.684, 304.162; 301.2, 223.64; 301.2, 223.64; 153.221, 292.449; 153.221, 292.449; 153.221, 292.45; 153.221, 292.45; 272.77, 282.61; 272.77, 282.61; 445.42, 188.22; 445.42, 188.22; 620.79, 142.86; 620.79, 142.86; 526, 206.6; 526, 206.6; 629.96, 149.7; 629.96, 149.7; 445.85, 189.61; 445.85, 189.61; 632.75, 137.31; 632.75, 137.31; 521.15, 208.61; 521.15, 208.61; 639.94, 132.12; 639.94, 132.12; 444.76, 206.57; 444.76, 206.57; 647.87, 295.39; 647.87, 295.39; 436.86, 224.07; 436.86, 224.07; 645.87, 302.55; 645.87, 302.55; 301.53, 229.39; 301.53, 229.39; 139.761, 298.72; 139.761, 298.72; 139.761, 298.72; 139.761, 298.72; 267.89, 277.66; 267.89, 277.66; 438.93, 227.4; 438.93, 227.4; 375.93, 260.8; 375.93, 260.8; 349.03, 233.85; 349.03, 233.85; 271.98, 404.16; 271.98, 404.16; 306.75, 241.56; 306.75, 241.56; 459.34, 210.17; 459.34, 210.17; 437, 227.07; 437, 227.07; 629.08, 306.21; 629.08, 306.21; 237.91, 292.52; 237.91, 292.52; 188.61, 373.11; 188.61, 373.11; 188.612, 373.11; 188.612, 373.11; 264.43, 347.79; 264.43, 347.79; 338.9, 339.34; 338.9, 339.34; 370.6, 412.33; 370.6, 412.33; 388.9, 340.39; 388.9, 340.39; 379.25, 426.64; 379.25, 426.64; 479.05, 329.39; 479.05, 329.39; 543.13, 376.57; 543.13, 376.57; 520.76, 288.92; 520.76, 288.92; 546.19, 363.54; 546.19, 363.54; 187.731, 375.479; 187.731, 375.479; 187.73, 375.48; 187.73, 375.48; 267.25, 352.74; 267.25, 352.74; 339.24, 333.04; 339.24, 333.04; 379.53, 423.51; 379.53, 423.51; 379.44, 421.6; 379.44, 421.6; 478.1, 320.1; 478.1, 320.1; 544.14, 371.68; 544.14, 371.68; 520.1, 288.22; 520.1, 288.22; 542.08, 376.52; 542.08, 376.52; 418.21, 382.09; 418.21, 382.09; 361.04, 670.51; 361.04, 670.51; 401.31, 352.48; 401.31, 352.48; 333.66, 700.78; 333.66, 700.78; 414.53, 374.15; 414.53, 374.15; 322.44, 729.099; 322.44, 729.099; 322.441, 729.099; 322.441, 729.099; 414.595, 376.354; 414.595, 376.354; 334.51, 232.67; 318.31, 357.29; 318.31, 357.29; 404.16, 225.29; 404.16, 225.29; 461.29, 416.18; 461.29, 416.18; 425.27, 224.15; 425.27, 224.15; 471.04, 407.32; 471.04, 407.32; 445.35, 186.57; 445.35, 186.57; 633.4, 135.4; 633.4, 135.4; 520.61, 211.3; 520.61, 211.3; 623.79, 149.9; 623.79, 149.9; 452.54, 201.61; 452.54, 201.61; 300.4, 224.209; 300.4, 224.209; 300.399, 224.21; 300.399, 224.21; 132.371, 300.51; 132.371, 300.51; 132.371, 300.51; 132.371, 300.51; 272, 282.78; 272, 282.78; 258.55, 292.32; 258.55, 292.32; 293.96, 269.99; 293.96, 269.99; 245.8, 286.9; 245.8, 286.9; 183.43, 382.96; 183.43, 382.96; 183.431, 382.96; 183.431, 382.96; 255.71, 355.32; 255.71, 355.32; 338.04, 330.08; 338.04, 330.08; 378.8, 422.5; 378.8, 422.5; 389.51, 317.48; 389.51, 317.48; 380.77, 424; 380.77, 424; 478.26, 315.91; 478.26, 315.91; 470.701, 309.851; 470.701, 309.851; 470.7, 309.85; 470.7, 309.85; 538.22, 368.71; 538.22, 368.71; 518.02, 284.14; 518.02, 284.14; 542.77, 376.98; 542.77, 376.98; 266.99, 398.73; 266.99, 398.73; 268.958, 397.19; 268.958, 397.19; 337.96, 228.21; 337.96, 228.21; 266.85, 400.35; 266.85, 400.35; 387.316, 239.13; 387.316, 239.13; 367.872, 243.309; 367.872, 243.309; 367.87, 243.31; 367.87, 243.31; 389.68, 238.78; 389.68, 238.78; 428.65, 224.73; 428.65, 224.73; 444.74, 216.95; 444.74, 216.95; 452.45, 203.54; 452.45, 203.54; 301, 229.16; 301, 229.16; 367.52, 242.66; 367.52, 242.66; 377.08, 239.81; 377.08, 239.81; 531, 367.22; 531, 367.22; 546.07, 353.62; 546.07, 353.62; 523.65, 364.03; 523.65, 364.03; 546.22, 340.84; 546.22, 340.84; 520.88, 360.12; 520.88, 360.12; 545.24, 332.09; 545.24, 332.09; 514.53, 355.69; 514.53, 355.69; 545.9, 320.09; 545.9, 320.09; 509.64, 351.42; 509.64, 351.42; 544.2, 310.94; 544.2, 310.94; 502.79, 348.02; 502.79, 348.02; 536.98, 307.58; 536.98, 307.58; 497.63, 342.43; 497.63, 342.43; 533.48, 299.43; 533.48, 299.43; 491, 335.75; 491, 335.75; 528.53, 292.94; 528.53, 292.94; 488, 329.12; 488, 329.12; 520.54, 289.8; 520.54, 289.8; 482.77, 324.21; 482.77, 324.21; 515, 285.9; 515, 285.9; 477.97, 318.93; 477.97, 318.93; 503.8, 287.44; 503.8, 287.44; 473.05, 311.73; 473.05, 311.73; 498.12, 281.95; 498.12, 281.95; 472.37, 301.85; 472.37, 301.85; 493.36, 276.37; 493.36, 276.37; 469.33, 292.27; 469.33, 292.27; 485.44, 272.93; 485.44, 272.93; 466.38, 284.96; 466.38, 284.96; 479.6, 268.38; 479.6, 268.38; 463.72, 275.18; 463.72, 275.18; 473.97, 261.13; 473.97, 261.13; 459.92, 267.3; 459.92, 267.3; 466.82, 255.89; 466.82, 255.89; 455.28, 258.15; 455.28, 258.15; 460.87, 248.79; 460.87, 248.79; 369.95, 411.64; 369.95, 411.64; 385.65, 410.94; 385.65, 410.94; 385.29, 404.43; 385.29, 404.43; 359.61, 397.36; 359.61, 397.36; 385.99, 396.33; 385.99, 396.33; 355.33, 390.43; 355.33, 390.43; 387, 389.66; 387, 389.66; 351.34, 382.19; 351.34, 382.19; 388.47, 380.07; 388.47, 380.07; 349.7, 373.45; 349.7, 373.45; 384.95, 371.8; 384.95, 371.8; 345.51, 365.47; 345.51, 365.47; 386.45, 364.31; 386.45, 364.31; 346.92, 356.69; 346.92, 356.69; 388.59, 356.43; 388.59, 356.43; 344.49, 348.89; 344.49, 348.89; 388.97, 347.65; 388.97, 347.65; 343.44, 340.32; 343.44, 340.32; 383.72, 340.36; 383.72, 340.36; 343.31, 333.5; 343.31, 333.5; 383.39, 333.17; 383.39, 333.17; 347.65, 326.06; 347.65, 326.06; 385.689, 325.83; 385.689, 325.83; 355.26, 320.94; 355.26, 320.94; 384.88, 319.86; 384.88, 319.86; 357.13, 311.88; 357.13, 311.88; 379.02, 310.97; 379.02, 310.97; 355.31, 304.29; 355.31, 304.29; 377.37, 304.51; 377.37, 304.51; 358.88, 295.88; 358.88, 295.88; 374.67, 295.04; 374.67, 295.04; 360.45, 289.54; 360.45, 289.54; 373.96, 288.82; 373.96, 288.82; 368.46, 264.66; 368.46, 264.66; 376.6, 264.67; 376.6, 264.67; 368.47, 254.54; 368.47, 254.54; 379.22, 254.84; 379.22, 254.84; 367.59, 246.52; 367.59, 246.52; 377.42, 247.16; 377.42, 247.16; 196.11, 365.45; 196.11, 365.45; 198.13, 358.19; 198.13, 358.19; 208.37, 373.49; 208.37, 373.49; 201.51, 352.63; 201.51, 352.63; 214.37, 371.06; 214.37, 371.06; 207.06, 347.09; 207.06, 347.09; 222.34, 370.04; 222.34, 370.04; 209.72, 341.38; 209.72, 341.38; 229.51, 368.36; 229.51, 368.36; 213.89, 334.47; 213.89, 334.47; 236.65, 366.42; 236.65, 366.42; 218, 332.14; 218, 332.14; 242.22, 362.74; 242.22, 362.74; 219.81, 322.7; 219.81, 322.7; 248.03, 359.53; 248.03, 359.53; 224.51, 319.87; 224.51, 319.87; 252.22, 355.19; 252.22, 355.19; 229.05, 316.15; 229.05, 316.15; 256.23, 351.6; 256.23, 351.6; 231.54, 312.06; 231.54, 312.06; 263.39, 351.75; 263.39, 351.75; 232.18, 304.96; 232.18, 304.96; 264.79, 344.82; 264.79, 344.82; 238.23, 303.45; 238.23, 303.45; 269.44, 342.53; 269.44, 342.53; 242.13, 301.01; 242.13, 301.01; 267.93, 331.87; 267.93, 331.87; 245.95, 298.04; 245.95, 298.04; 270.85, 327.53; 270.85, 327.53; 250.62, 293.52; 250.62, 293.52; 272.39, 319.38; 272.39, 319.38; 256.34, 291.24; 256.34, 291.24; 273.579, 313.589; 273.579, 313.589; 262, 289.36; 262, 289.36; 274.689, 303.399; 274.689, 303.399; 272.631, 290.147; 272.631, 290.147; 269.2, 286.32; 269.2, 286.32; 275.89, 284.49; 275.89, 284.49; 280.39, 289.82; 280.39, 289.82; ];
