radius = 12;
cppContour{1} = [645.23 288.17; 657.08 289.26;661.39 287.22;664.11 283.87;660.1824026070498 283.5446488639456;656.2548882384563 283.2182956672928;652.9617961076494 282.9455291290418;649.9502196426234 280.7768630126914;646.7402231968688 278.4659139494903;643.5302267511141 276.1549648862892;640.3197564152937 273.8446745525936;637.109759969539 271.5337254893925;633.899517063118 269.2231187675806;630.6892068323829 266.9126058923194;630.4107159297289 266.7121389554843;629.7906707204551 266.2099215948252;626.6926235017241 263.728400864402;623.5806319517886 261.2643900954977;620.4543062443141 258.8185911308549;617.3135791095408 256.391317438759;614.1581784158127 253.9831492548898;610.9879297389675 251.5945609341448;607.802363876694 249.2264428653825;604.6016039440786 246.8789002806012;601.3854751327374 244.5524574954893;598.1538525377339 242.247586796507;594.9064777172533 239.9649661572043;591.6433744810162 237.7048829101658;588.3636969072123 235.4689275376537;585.0686102504047 233.2557401669364;581.7570293978703 231.0673091923859;578.428859306764 228.9041974734635;575.0841841238039 226.7666915320625;571.723322489585 224.6547316381367;568.3420792299577 222.5755846599569;564.936686817685 220.5362478064272;561.5057211701212 218.540245542109;558.0484510983048 216.5901646217069;554.5640523294659 214.6889946718112;551.0516524838008 212.8400714683263;547.5102693478608 211.0472938401232;543.9392712631097 209.3142550054906;540.3378424249717 207.6453797333475;536.705749156215 206.044316433843;533.8218393350082 204.8416211176174;537.0216281844105 203.23225481027;540.5526964842289 201.3654970738863;544.0457348330568 199.4285317351112;547.4993093831981 197.4220568605071;550.912778724772 195.3480865798624;554.284667804961 193.2071858862399;557.6135121524169 190.9999742601497;560.8986545851079 188.728220466404;561.3390112086074 188.4109328371652;562.7066155488251 187.5041520799926;565.9646918614312 185.2346404702229;569.169952056572 182.891126539665;572.3203805525549 180.4744190013014;575.4156925522869 177.9875034212175;578.4531231675941 175.4302212856163;581.4324875826738 172.8055078453082;584.3510791547072 170.113397067104;587.2079994466196 167.3559204632638;590.0020628387882 164.5347703193724;592.7309985118308 161.6505680353599;595.3939772023629 158.7053629501275;597.9895487753818 155.7005839824941;600.5155759008513 152.6371000635457;602.9709014861078 149.5166599631296;604.9008008636729 146.944003189456;606.8967669650674 144.5728212620508;609.3935205901751 141.5114104689197;611.8436516919605 138.4125545792496;614.2453626509905 135.276018601133;616.5982176521297 132.1026775771627;618.9016602950668 128.893277342919;621.1553526094311 125.6487504225134;623.3579518841442 122.369321113481;625.7 118.88;627.609814 115.710302;627.608388 115.71062;623.9410888845374 117.1040987947371;620.255858100515 118.4494600442074;616.5537726867997 119.7477039577272;612.8365209472654 121.0018462977801;609.1052274071403 122.2135791501352;605.3609947242405 123.3847278780266;601.6051985633819 124.5182490787769;597.8387126520881 125.6157534228169;594.0626399858331 126.6798192120339;590.278100558838 127.7133796982195;586.4857082591224 128.7177516910048;582.6866686298067 129.6966997064818;578.8818809529472 130.6530647951718;575.0716943859106 131.587691449211;571.2574387287719 132.5055693667036;567.439648111219 133.4086382368644;563.6190423945612 134.2997303269396;559.7963656078697 135.181897482852;555.9722488819821 136.0578028666851;552.147494564226 136.9309212376839;548.3227059023101 137.8038897580331;544.4985504158925 138.6796262310726;540.7327771572118 139.548287394361;537.6638460474223 139.9973784927023;533.714459931016 140.5954687106925;529.7693604107394 141.2211911870213;525.8302026558974 141.8831676570164;522.1386738074666 142.5534529789869;518.2172488976338 143.0858614843488;514.2988485814607 143.6448968525407;510.3859269625756 144.2409993938382;506.4809229328276 144.8868078517305;502.5872754258614 145.5977569886741;498.708289278795 146.3845782447785;494.8490920864483 147.2631315968308;491.0155700406033 148.2474864417875;487.2145483259235 149.3504581503268;483.4547826500468 150.5865709527498;479.7461331091328 151.96822778332;476.1008404776952 153.5090947113484;472.5316810783726 155.2187265613893;469.0553721021637 157.109669147791;465.6936922156825 159.1974444402741;462.46182474979 161.4810163273684;459.3749866035449 163.9571171034318;456.4509614704145 166.6234416532039;453.7106316095566 169.4782234113365;451.1787120097237 172.5193223040288;449.9269868229235 174.2747876257635;449.8736036627967 174.3203094918207;447.08968180616 177.0831967518663;444.5511955366583 180.0729140730512;444.3880552729635 180.306145827821;442.0107587393506 177.2326597748175;439.3615660710437 174.3290130462247;436.4912801747434 171.643759439818;433.4250492515351 169.1843599501534;430.1992745868396 166.9378101398537;426.8418540366538 164.8929539551994;423.3763744177288 163.0367476082573;419.8225708098604 161.355490055047;416.1982474678901 159.8319000675073;412.5180767940026 158.4483224067315;408.794103968453 157.1871046572793;405.0359157965044 156.0315669224634;401.2519948333465 154.9631296739802;391.84 150.18;387.8848647304409 149.7044769031896;383.9106129696067 149.4317824971087;379.9276584551205 149.3615649139411;375.946211426607 149.4907150230445;371.9761745211613 149.8181980507385;368.0271612615691 150.3411625669143;364.1089231432766 151.0590961404684;360.2312456905396 151.9708760993521;356.4035873569338 153.0738724808667;352.6365161146391 154.3687069094545;348.9402784213182 155.8536182598685;345.3255352230103 157.5271029614095;341.8037920521393 159.388231879765;341.4411198885398 159.6055084018259;340.3595159957082 160.175201852034;337.6243452564742 161.7975586217015;336.599909709367 162.2907246366184;333.1367559858843 164.2438063458811;329.8045691226448 166.4128324588219;326.6146551227318 168.7862195536216;323.577249598775 171.3519109710808;320.7035465748813 174.0997755054832;318.0029676608579 177.0179703786171;315.4861774747108 180.0961161730086;313.1645416913682 183.3239613447602;311.0483784011415 186.6901054144415;310.6776121317939 187.3717458049641;308.948513161252 190.4533811732478;307.2432535226104 194.0285186937374;305.7764416322244 197.7079640525233;304.5541578166358 201.4757642114157;303.5828660316897 205.3159432228811;302.8698043514245 209.2123755111968;302.7155933142801 210.573569048166;302.368399323334 212.9343858168622;302.0091106992668 216.8945053200972;301.973827938558 217.9001693906862;301.6491514739001 217.7376539389839;298.0426492529089 216.1580233892519;294.360974404764 214.7625695665371;290.6152410564105 213.5495096550152;286.8153529185557 212.5185201438631;282.9719318159277 211.663986351453;280.5471104201413 211.2391350747615;276.8218805838423 210.1526197679283;272.9800337894347 209.2223798230893;269.0993042964079 208.4706253417159;265.187826657738 207.90039490046;261.2539742759793 207.513507004096;257.3062652281654 207.3127548970066;253.3534979135265 207.3008805711467;249.404742891955 207.4791192867912;245.4690368714985 207.8465648717788;241.5545100644003 208.395870354253;237.6683051564117 209.1189260958759;233.8167691973043 210.0085809928246;230.0053792523105 211.0571168546174;226.2380387492553 212.2544520838089;222.5178448179141 213.5912024723048;218.8473467788355 215.0590090842524;215.228006470829 216.6489115209198;211.6605102942374 218.3520050964013;208.1448780077738 220.1598381969354;204.6809993829899 222.0650032019152;201.2678570712207 224.0597027062101;197.9044835406563 226.1372592582559;194.5900391324797 228.2920508479789;191.3224417189023 230.5172214452074;188.0994161280164 232.806475089358;184.9191869045123 235.1548374135799;181.7802939525328 237.558169227296;178.6794177932016 240.0103823370327;178.492667662003 240.1621333313562;177.4502192711892 240.8820992012215;174.264204398413 243.2184133569156;171.1472337360173 245.6460546819912;168.1018122882322 248.1628662165223;165.1320080584078 250.7684676395649;162.2374198808508 253.4574368577935;159.8432366628263 