radius = 12;
cppContour{1} = [632.8438149896892 306.4744574294843; 636.8 306.05;645.87 302.55;647.87 295.39;644.271383292364 293.6539286897797;640.715205345384 291.8325037337595;637.2007706071516 289.9317566033509;633.7284234975212 287.9551600005865;630.296507371172 285.9091609144306;626.903525545873 283.7992305733602;623.5473919608039 281.6311438886486;620.2266922124978 279.4091511453008;616.9389252558086 277.138710805897;614.387218145444 275.325771241684;611.7660385004503 272.4559640647113;609.0264209421963 269.5704843961889;606.2308741439053 266.7391586885127;603.3831037738756 263.9603745344663;600.4853067196649 261.2337969485254;597.5398364425952 258.5587869470978;594.5494480129319 255.9340762593978;591.516953776007 253.3581228453023;588.4437930259073 250.8308103829734;585.3332055773118 248.3497084188066;582.1873218245403 245.913506119102;579.0089560240913 243.5198240841267;575.8001841320769 241.1670551977392;572.5625690234132 238.8541252856443;569.2995310159602 236.5772037887349;566.0127674329923 234.3346658855115;562.7042275609099 232.124379946439;559.3761514832795 229.9436207278517;556.0306440658579 227.7896929297291;552.6689779645449 225.6610676348999;549.2940471102537 223.5535322206123;545.9068815402177 221.4657160733859;542.509530207029 219.3945110693588;539.1044164455078 217.3360899514666;535.6920540686097 215.2897070579534;532.2752482546691 213.2507480525403;528.8552473761606 211.2171524385303;526.2036376823057 209.6455853826052;528.1171646812086 209.0554938087507;531.8404458677463 207.8360448951951;535.5423541350104 206.5531937972069;539.221562645898 205.2066440316763;542.8774264421622 203.7979435137556;546.5085156078576 202.3265724085082;550.1143917480629 200.7944544545071;553.6936728782125 199.2011850066783;557.2456466567779 197.5479332869675;560.7691592028353 195.8348570296173;564.2629849363717 194.0620050609986;567.7269796749458 192.2315386018011;571.1595875176258 190.3428547671363;574.5595960216241 188.3960830767156;577.9265722377667 186.3927193982763;581.2588718568808 184.3321930678899;584.5561466905745 182.2160814764351;587.8175702983964 180.045141406918;591.041989623919 177.8196202812719;594.2281330486933 175.5396427381585;597.3754449251498 173.2063661602768;597.5061418234166 173.1060134522743;597.7869850710925 172.9403515775832;601.18161339518 170.8729002615596;604.5451256823804 168.7552172950519;607.8739093391125 166.5833556504613;611.1659255476255 164.3561708390039;614.4178109676503 162.0707956346462;617.6263924777437 159.7250093917476;620.7884722114366 157.3169072229699;623.9004190437454 154.8443700013437;626.9584474390315 152.3054465176975;629.96 149.7;631.4072546589633 140.4073298735468;634.2574590501524 137.6510266008908;637.1006163628108 134.8874522044507;639.9400000000001 132.12;629.6070363830097 136.462341739595;625.7970246751109 137.4618320317907;621.9724378376711 138.4039973222856;620.7582330008856 138.6844745993452;617.0031307559395 139.1201656606141;613.0673374635246 139.5806789113242;609.1322151563483 140.046890456254;605.1978998592496 140.5198663486332;601.2645168037717 141.0005316079798;597.332192134872 141.4897753435982;593.401090348572 141.9887490198504;589.4713356265721 142.4982176745932;585.5431382611364 143.0195577365565;581.6167495014784 143.5543441017605;577.6922491753886 144.1028162372248;573.7699063747283 144.6664942298051;569.849888525911 145.2461256850678;565.9324989793059 145.8432543265955;562.0179403639067 146.4586595068313;558.1064376077712 147.0932064696073;554.1983976009305 147.7487285383108;551.8421872769454 148.1567551073667;550.0329382569709 148.3145268939952;546.1076708918827 148.6892280623803;542.1859974309165 149.0998082877374;538.2689037540641 149.5519838702433;534.3572810802283 150.0492625700542;530.4522050760639 150.5955229328599;526.5551340691558 151.1962264029211;522.6685287990049 151.8612415471363;518.7935705336587 152.5909843006575;514.9319818933076 153.3884459421069;511.0858671580645 154.2573934479941;507.2571109202157 155.1998321122255;503.4478922257839 156.218322989594;499.6612350625547 157.3176746339535;495.8993277794385 158.4988976786369;492.1656030006931 159.7663582691472;488.4633881948935 161.1230689149798;484.7967287894299 162.5730952069321;481.16931119584 164.1186346550338;477.5858031245987 165.7634040229829;474.0513206874115 167.5110316439363;470.5708455524469 169.3638612400483;467.1901387257495 171.3013450893542;466.5077831389719 171.6331040681208;463.0337736112265 173.5385936604955;459.6726919702477 175.6365704896421;456.4567188915987 177.9505119192071;453.4225568809031 180.4979237101025;452.7056449307305 181.2106936018305;451.6868159757823 181.8916727304837;448.481399351352 184.180700486486;446.4961366824576 185.6954824088042;444.9199256939775 183.405545757311;442.3736285214457 180.3310418816957;439.5857725660075 177.4734456653184;436.5944944821408 174.8292153712833;436.4447107688328 174.7138228621104;434.9416975067692 172.9298449507203;432.1939069158667 170.0835617603013;429.2467540527319 167.4445283402306;426.105869056412 165.0395490044665;422.7857457836979 162.8887675909075;419.3120266192106 160.9956586206493;415.7127560699722 159.3533347628503;412.0125121226189 157.9527679912055;408.2339640211238 156.779284166833;404.3960208426287 155.8169979831853;400.5141890284658 155.0500795103171;396.6009174236163 154.4636643159211;392.6662568357969 154.0431398602806;388.7182574678757 153.7742970610356;388.3381122676069 153.7618363869626;387.9632587783146 153.7019853015612;384.0528343996775 153.2557338885507;380.1258241955633 152.9927880045537;376.190704944361 152.9196503137875;372.2568929953228 153.045281280667;368.3349694475903 153.3756269909308;364.4368972977244 153.9193134533573;360.5755915057359 154.6812677298992;356.76432728808 155.6631379326578;353.0139297270162 156.8565078609898;349.3351257574571 158.2550260691345;345.7374412104211 159.850659238543;343.8862883917055 160.7926840943607;342.2573360151663 161.4460874426169;338.6573180878059 163.0883273178532;335.1417973626135 164.9042996619958;331.7228849299436 166.8960916801287;328.4140483553912 169.0657532673219;325.2291276325468 171.4134264168958;322.1818024240401 173.9370668517157;319.2867663449818 176.6339360407665;316.5718153754031 179.5115852687598;314.0594977566097 182.5677877154896;311.7552034526154 185.7837994207966;309.6651981271728 189.1431083032167;307.7946695528769 192.6294329403607;306.1499613284522 196.2278778450382;304.7390745260241 199.924309840689;304.6817908805941 200.109495523478;304.6702513889707 200.1333438626137;303.1717429969432 203.8193451439821;301.91749889401 207.5953980678772;300.9260108447751 211.4485933574602;300.2380734018585 215.3673708291524;299.8753003909508 219.3295300570245;299.8734759343524 221.9347858724701;298.7554794474325 220.497628829191;295.5832820597159 218.0939776246693;291.9459881043363 216.4724825279581;288.073087616398 215.532191813808;284.1053491182338 215.1336284742548;280.1163133625982 215.1619444645737;276.143240383039 215.5294147346;272.2069690026851 216.1843829181201;268.3180293468884 217.0793282437367;264.4591486707954 218.0974917833279;260.6236188342629 219.2003423068376;256.8131390460472 220.3868065371644;253.029362065703 221.6558290786471;249.2734743161824 223.005164984673;245.5469200428078 224.4335185609918;241.8509947518512 225.9393559696976;238.1870483608585 227.5214498374741;234.5559293014761 229.1774983879919;230.9586610361999 230.9059041510383;227.3968667261638 232.7062874501452;223.8704509519303 234.5750292146025;220.3809603842561 236.5118337589468;216.9282411304779 238.5134497355913;213.5125517082243 240.5776236693511;210.1351173657969 242.7038159646026;206.7959846240568 244.8896632472254;203.4948973146951 247.1325547023877;200.2329165781528 249.4319589335809;197.0091633273337 251.7846519686557;193.8244495712721 254.1899457007334;190.6781132269226 256.6452287374511;187.5705038461038 259.1493663928483;184.5015700494907 261.7007693931681;181.4717700185434 264.2985196147792;178.4799202392906 266.9398787611449;175.5262445366977 269.6238451348939;172.609729265857 