segmentsStart = [219.727, 183.078; 221.627, 165.578; 221.627, 165.578; 221.327, 178.778; 221.327, 178.778; 221.727, 166.278; 221.727, 166.278; ];
segmentsEnd = [221.327, 178.778; 221.727, 166.278; 221.635, 169.403; 219.727, 183.078; 220.456, 176.075; 221.219, 169.075; 221.627, 165.578; ];
