radius = 5;
cppContour{1} = [219.727 183.078; 221.327 178.778;221.4194919197421 175.6527591898121;221.5270000864831 172.5279975957705;221.6354915519476 169.4032703376776;221.727 166.278;221.627 165.578;221.2189011648634 169.0748745412082;220.8300069830664 172.5739362795192;220.4559347240878 176.0746148569794;220.089984009681 179.5761528255082;219.727 183.078;];
seedPts = [];
