boundaryCurve{1} = [0, 51.1; 2.0151, 51.1602; 4.02437, 51.0694; 6.0218, 50.8141; 7.97932, 50.332; 9.87745, 49.6611; 11.7197, 48.8502; 13.5032, 47.9108; 15.1856, 46.8; 16.8053, 45.6028; 18.3694, 44.332; 19.8525, 42.9664; 21.2773, 41.5414; 22.6628, 40.0773; 23.9838, 38.5544; 25.2677, 37.0007; 26.5252, 35.4249; 27.7313, 33.8095; 28.9217, 32.1827; 30.0868, 30.5375; 31.2302, 28.8771; 32.3641, 27.2102; 33.4814, 25.5322; 34.5951, 23.8517; 35.7048, 22.1686; 36.8174, 20.4874; 37.934, 18.8089; 39.0621, 17.1381; 40.2085, 15.4798; 41.3695, 13.8318; 42.5659, 12.2091; 43.7989, 10.6145; 45.0681, 9.04875; 46.3922, 7.52854; 47.7959, 6.082; 49.5692, 5.42084; 50.166, 5.37656; 50.7002, 6.68967; 51.393, 8.576; 51.7251, 10.5645; 51.7748, 12.5735; 51.6457, 14.5822; 51.3754, 16.58; 51.0338, 18.5668; 50.7156, 20.5573; 50.4309, 22.5531; 50.2034, 24.5561; 49.9933, 26.5611; 49.7966, 28.5675; 49.6184, 30.5756; 49.4503, 32.5846; 49.2935, 34.5945; 49.1537, 36.6056; 49.0227, 38.6173; 48.9016, 40.6297; 48.7956, 42.6429; 48.6974, 44.6565; 48.608, 46.6705; 48.5321, 48.6851; 48.463, 50.6999; 48.4015, 52.715; 48.352, 54.7304; 48.3086, 56.7459; 48.2718, 58.7615; 48.2455, 60.7774; 48.2246, 62.7933; 48.2091, 64.8092; 48.203, 66.8252; 48.1936, 68.8412; 48.1795, 70.8571; 48.133, 72.8726; 48.069, 74.8875; 47.9892, 76.9019; 47.8834, 78.9151; 47.7634, 80.9275; 47.6312, 82.9392; 47.48, 84.9495; 47.3181, 86.959; 47.1478, 88.9678; 46.9651, 90.9755; 46.7756, 92.9826; 46.5813, 94.9892; 46.381, 96.9952; 46.1782, 99.001; 45.9742, 101.007; 45.77, 103.012; 45.568, 105.018; 45.3684, 107.024; 45.1742, 109.031; 44.9872, 111.038; 44.8061, 113.046; 44.6357, 115.055; 44.4777, 117.065; 44.3294, 119.075; 44.1967, 121.087; 44.0821, 123.099; 43.9807, 125.113; 43.8995, 127.127; 43.8423, 129.142; 43.8009, 131.158; 43.7812, 133.174; 43.7383, 135.189; 43.6845, 137.205; 43.6197, 139.22; 43.5513, 141.234; 43.486, 143.249; 43.4261, 145.264; 43.3853, 147.28; 43.3595, 149.296; 43.3562, 151.312; 43.3929, 153.327; 43.4574, 155.342; 43.5644, 157.355; 43.7336, 159.364; 43.9468, 161.368; 44.2233, 163.365; 44.5911, 165.347; 45.024, 167.315; 45.5339, 169.265; 45.5638, 169.38; 45.3, 167.5; ];
boundaryCurve{2} = [7.9, 46.1; 8.90761, 44.3651; 10.1521, 42.8087; 11.569, 41.3914; 13.1372, 40.1402; 14.7424, 38.9376; 16.3714, 37.7666; 17.9769, 36.5634; 19.5312, 35.2975; 21.0338, 33.9681; 22.4941, 32.5923; 23.9398, 31.2015; 25.3716, 29.796; 26.7802, 28.3674; 28.1801, 26.9303; 29.5713, 25.4847; 30.951, 24.0282; 32.3282, 22.5693; 33.7027, 21.1079; 35.0784, 19.6475; 36.458, 18.1909; 37.8417, 16.7382; 39.2386, 15.2981; 40.6466, 13.8689; 42.0651, 12.4502; 43.5076, 11.0558; 44.9811, 9.69473; 46.4765, 8.35721; 48.0305, 7.09025; 49.6187, 5.86429; 51.3814, 4.91005; 53.2945, 4.44229; 55.0868, 5.07624; 56.2442, 6.64098; 57.02, 8.47818; 57.4515, 10.4375; 57.8489, 12.4025; 58.0785, 14.3956; 58.2117, 16.3966; 58.2789, 18.4011; 58.2672, 20.4074; 58.1803, 22.4115; 58.0524, 24.4133; 57.8744, 26.4117; 57.6493, 28.4052; 57.4012, 30.3959; 57.1231, 32.3829; 56.8239, 34.3667; 56.515, 36.349; 56.1956, 38.3297; 55.8765, 40.3104; 55.5603, 42.2916; 55.256, 44.2747; 54.9722, 46.2607; 54.7038, 48.2489; 54.4584, 50.2401; 54.2167, 52.2318; 53.9781, 54.2238; 53.7468, 56.2167; 53.5219, 58.2103; 53.3019, 60.2045; 53.0906, 62.1996; 52.8868, 64.1955; 52.6888, 66.1919; 52.5006, 68.1894; 52.3211, 70.1876; 52.1482, 72.1864; 51.9859, 74.1861; 51.8337, 76.1865; 51.689, 78.1876; 51.5552, 80.1894; 51.433, 82.1919; 51.319, 84.1949; 51.216, 86.1986; 51.1262, 88.2028; 51.0449, 90.2074; 50.9748, 92.2125; 50.9189, 94.2179; 50.8718, 96.2236; 50.8362, 98.2296; 50.8154, 100.236; 50.8052, 102.242; 50.8111, 104.248; 50.8605, 106.254; 50.9358, 108.258; 51.0462, 110.262; 51.1898, 112.263; 51.3511, 114.262; 51.534, 116.26; 51.7347, 118.257; 51.9431, 120.252; 52.1594, 122.247; 52.3775, 124.241; 52.5932, 126.236; 52.8038, 128.231; 52.9993, 130.227; 53.1823, 132.225; 53.3483, 134.225; 53.4819, 136.227; 53.5935, 138.23; 53.6763, 140.234; 53.7119, 142.24; 53.7535, 144.246; 53.8088, 146.251; 53.8718, 148.257; 53.9274, 150.262; 53.9751, 152.268; 53.9891, 154.274; 53.9814, 156.28; 53.9292, 158.286; 53.8134, 160.288; 53.649, 162.287; 53.377, 164.275; 52.9778, 166.239; 52.689, 167.491; 52.0332, 167.188; 51, 165.8; ];
boundaryCurve{3} = [17.2, 39.7; 18.5846, 38.2418; 20.03, 36.8464; 21.5344, 35.5123; 23.1039, 34.2553; 24.6862, 33.0145; 26.279, 31.7872; 27.8565, 30.5402; 29.3978, 29.2498; 30.9049, 27.9187; 32.3661, 26.5373; 33.8125, 25.1405; 35.2471, 23.7315; 36.6673, 22.3079; 38.0833, 20.8803; 39.4966, 19.4498; 40.9116, 18.0211; 42.3322, 16.598; 43.7581, 15.1802; 45.2033, 13.782; 46.6625, 12.3986; 48.136, 11.0303; 49.6463, 9.70274; 51.1803, 8.4031; 52.7394, 7.1334; 54.3485, 5.92742; 54.9421, 5.48247; 55.0697, 6.74497; 55.1888, 8.74951; 55.1751, 10.7603; 55.1524, 12.771; 55.1248, 14.7816; 55.0912, 16.7922; 55.0486, 18.8026; 55.0009, 20.8128; 54.9475, 22.823; 54.8849, 24.8328; 54.8172, 26.8425; 54.744, 28.852; 54.6614, 30.8611; 54.5738, 32.8701; 54.481, 34.8787; 54.3785, 36.887; 54.271, 38.8949; 54.1585, 40.9026; 54.0365, 42.9097; 53.9093, 44.9165; 53.7771, 46.923; 53.6359, 48.9289; 53.4892, 50.9343; 53.3376, 52.9395; 53.1774, 54.9439; 53.0115, 56.9479; 52.8408, 58.9514; 52.6618, 60.9543; 52.477, 62.9566; 52.2874, 64.9585; 52.09, 66.9596; 51.8866, 68.9601; 51.6786, 70.9602; 51.463, 72.9594; 51.2415, 74.958; 51.0154, 76.9561; 50.782, 78.9533; 50.5427, 80.9498; 50.299, 82.9459; 50.0482, 84.941; 49.7916, 86.9354; 49.5308, 88.9292; 49.2629, 90.9221; 48.9895, 92.9143; 48.7133, 94.9061; 48.438, 96.8979; 48.1865, 98.8929; 47.9538, 100.89; 47.7528, 102.891; 47.5731, 104.894; 47.4099, 106.898; 47.2731, 108.904; 47.1541, 110.911; 47.0487, 112.919; 46.9642, 114.928; 46.894, 116.938; 46.8342, 118.948; 46.7898, 120.958; 46.7558, 122.969; 46.7292, 124.979; 46.7125, 126.99; 46.7023, 129.001; 46.6962, 131.012; 46.6949, 133.023; 46.6959, 135.033; 46.6977, 137.044; 46.6994, 139.055; 46.7396, 141.065; 46.8331, 143.073; 47.0016, 145.077; 47.2051, 147.078; 47.4092, 149.078; 47.5992, 151.08; 47.738, 153.086; 47.8401, 155.093; 47.8047, 157.104; 47.6372, 159.104; 47.3145, 161.085; 46.7, 163; ];
boundaryCurve{4} = [26.6, 167.8; 28.6505, 167.783; 30.7007, 167.75; 32.7506, 167.701; 34.7998, 167.626; 36.8484, 167.538; 38.8965, 167.437; 40.9437, 167.32; 42.9902, 167.191; 45.0362, 167.055; 47.0816, 166.91; 49.1264, 166.757; 51.171, 166.602; 53.2154, 166.442; 55.2596, 166.281; 57.3039, 166.121; 59.3483, 165.962; 61.393, 165.809; 63.4381, 165.659; 65.4836, 165.516; 67.53, 165.384; 69.5768, 165.261; 71.6242, 165.148; 73.6726, 165.054; 75.7215, 164.973; 77.7709, 164.906; 79.821, 164.863; 81.8714, 164.841; 83.9219, 164.836; 85.9723, 164.859; 86.5101, 164.865; 86.2889, 164.9; 85, 164.9; ];
boundaryCurve{5} = [30.3, 169.8; 32.3182, 170.273; 34.346, 170.702; 36.3829, 171.086; 38.4312, 171.405; 40.4866, 171.672; 42.547, 171.898; 44.6127, 172.072; 46.6821, 172.19; 48.7533, 172.272; 50.8259, 172.313; 52.8987, 172.298; 54.971, 172.25; 57.0424, 172.171; 59.1107, 172.032; 61.1773, 171.87; 63.2421, 171.687; 65.3047, 171.479; 67.3657, 171.257; 69.4256, 171.024; 71.4838, 170.777; 73.5408, 170.521; 75.5972, 170.259; 77.6529, 169.992; 79.7083, 169.722; 81.7629, 169.447; 83.8165, 169.164; 85.3922, 169.139; 84.9, 169.2; ];
boundaryCurve{6} = [27.4, 171.9; 29.4309, 171.76; 31.459, 171.583; 33.4772, 171.314; 35.4866, 170.989; 37.4879, 170.616; 39.4762, 170.178; 41.4536, 169.694; 43.4234, 169.18; 45.3836, 168.629; 47.3423, 168.074; 49.2941, 167.495; 51.2345, 166.878; 53.16, 166.217; 55.0853, 165.555; 57.011, 164.894; 58.9502, 164.273; 60.8994, 163.687; 62.8663, 163.161; 64.8581, 162.744; 66.8646, 162.411; 68.8936, 162.242; 70.9248, 162.301; 72.9333, 162.574; 74.9, 163.1; ];
