boundaryCurve{1} = [195.15, 48.08; 193.636, 49.4359; 192.2, 50.876; 190.846, 52.3941; 189.58, 53.9843; 188.409, 55.6405; 187.338, 57.3566; 186.374, 59.1265; 185.522, 60.9444; 184.788, 62.804; 184.178, 64.6993; 183.698, 66.6243; 183.353, 68.573; 183.151, 70.5393; 183.096, 72.517; 183.194, 74.5003; 183.455, 76.4736; 183.89, 78.4178; 184.493, 80.3228; 185.255, 82.1761; 186.169, 83.9654; 187.225, 85.6781; 188.415, 87.3017; 189.731, 88.8239; 191.164, 90.2322; 192.706, 91.5141; 194.349, 92.6571; 196.083, 93.6489; 197.901, 94.4769; 199.794, 95.1288; 201.754, 95.592; 203.766, 95.854; 205.769, 95.9153; 207.753, 95.7899; 209.712, 95.4886; 211.641, 95.0223; 213.532, 94.4018; 215.38, 93.6379; 217.179, 92.7416; 218.922, 91.7235; 220.604, 90.5946; 222.218, 89.3658; 223.758, 88.0477; 225.218, 86.6514; 226.591, 85.1876; 227.888, 83.6495; 229.115, 82.0375; 230.26, 80.3657; 231.319, 78.639; 232.286, 76.8628; 233.158, 75.0422; 233.93, 73.1825; 234.597, 71.2888; 235.154, 69.3664; 235.596, 67.4204; 235.919, 65.4561; 236.119, 63.4786; 236.19, 61.4932; 236.127, 59.505; 235.927, 57.5193; 235.589, 55.5564; 235.117, 53.6277; 234.518, 51.7358; 233.797, 49.8846; 232.96, 48.0779; 232.013, 46.3197; 230.962, 44.6138; 229.814, 42.9642; 228.573, 41.3748; 227.246, 39.8494; 225.838, 38.392; 224.357, 37.0064; 222.807, 35.6965; 221.199, 34.4695; 219.558, 33.3346; 217.869, 32.2736; 216.136, 31.2848; 214.363, 30.3665; 212.552, 29.517; 210.708, 28.7346; 208.833, 28.0175; 206.931, 27.364; 205.006, 26.7725; 203.061, 26.2411; 201.099, 25.7683; 199.124, 25.3522; 197.139, 24.9912; 195.149, 24.6837; 193.153, 24.4288; 191.15, 24.226; 189.14, 24.0759; 187.127, 23.9785; 185.111, 23.9343; 183.094, 23.9435; 181.079, 24.0065; 179.066, 24.1234; 177.059, 24.2947; 175.058, 24.5206; 173.066, 24.8013; 171.084, 25.1373; 169.115, 25.5288; 167.159, 25.9761; 165.219, 26.4795; 163.296, 27.0393; 161.393, 27.6557; 159.511, 28.3291; 157.652, 29.0598; 155.818, 29.8481; 154.011, 30.6942; 152.232, 31.5985; 150.483, 32.5613; 148.75, 33.5927; 147.044, 34.692; 145.378, 35.8512; 143.756, 37.0683; 142.178, 38.3415; 140.648, 39.6686; 139.167, 41.0479; 137.738, 42.4772; 136.362, 43.9546; 135.042, 45.4782; 133.779, 47.046; 132.577, 48.6561; 131.437, 50.3064; 130.361, 51.995; 129.351, 53.72; 128.41, 55.4793; 127.539, 57.271; 126.741, 59.0932; 126.018, 60.9439; 125.372, 62.8211; 124.806, 64.7228; 124.32, 66.6471; 123.918, 68.592; 123.601, 70.5581; 123.375, 72.5457; 123.242, 74.5418; 123.201, 76.5425; 123.251, 78.5438; 123.391, 80.5417; 123.621, 82.5321; 123.938, 84.5111; 124.343, 86.4746; 124.834, 88.4187; 125.411, 90.3393; 126.071, 92.2325; 126.815, 94.0941; 127.642, 95.9203; 128.55, 97.707; 129.539, 99.4503; 130.607, 101.146; 131.753, 102.79; 132.978, 104.379; 134.279, 105.908; 135.655, 107.374; 137.107, 108.772; 138.632, 110.099; 140.23, 111.35; ];
boundaryCurve{2} = [196.78, 53.22; 195.051, 54.2723; 193.4, 55.4357; 191.834, 56.7033; 190.355, 58.0681; 188.969, 59.5231; 187.68, 61.0615; 186.494, 62.6763; 185.413, 64.3605; 184.444, 66.1073; 183.59, 67.9097; 182.856, 69.7608; 182.246, 71.6535; 181.766, 73.5811; 181.42, 75.5366; 181.211, 77.5146; 181.151, 79.5159; 181.244, 81.5237; 181.491, 83.5219; 181.893, 85.4939; 182.45, 87.4233; 183.162, 89.2939; 184.03, 91.0892; 185.054, 92.7928; 186.235, 94.3883; 187.573, 95.8593; 189.069, 97.1896; 190.703, 98.3526; 192.428, 99.3293; 194.243, 100.137; 196.13, 100.784; 198.073, 101.28; 200.055, 101.633; 202.061, 101.852; 204.073, 101.945; 206.094, 101.921; 208.109, 101.78; 210.11, 101.525; 212.092, 101.159; 214.05, 100.685; 215.979, 100.107; 217.874, 99.4274; 219.731, 98.6499; 221.543, 97.7774; 223.307, 96.8133; 225.016, 95.7607; 226.667, 94.6227; 228.254, 93.4026; 229.772, 92.1035; 231.217, 90.7287; 232.582, 89.2813; 233.865, 87.7646; 235.058, 86.1816; 236.157, 84.5357; 237.158, 82.83; 238.056, 81.0676; 238.85, 79.2382; 239.533, 77.3565; 240.098, 75.4411; 240.549, 73.4977; 240.884, 71.5325; 241.106, 69.5513; 241.216, 67.5601; 241.215, 65.5649; 241.103, 63.5715; 240.883, 61.586; 240.555, 59.6143; 240.12, 57.6623; 239.579, 55.736; 238.934, 53.8414; 238.185, 51.9844; 237.334, 50.171; 236.381, 48.4071; 235.329, 46.6986; 234.177, 45.0515; 232.927, 43.4719; 231.581, 41.9655; 230.164, 40.5577; 228.682, 39.2397; 227.133, 38.0015; 225.52, 36.8425; 223.849, 35.7622; 222.125, 34.7602; 220.351, 33.8357; 218.534, 32.9884; 216.678, 32.2177; 214.788, 31.5231; 212.869, 30.9039; 210.924, 30.3598; 208.961, 29.8902; 206.982, 29.4944; 204.993, 29.1721; 202.993, 28.923; 200.988, 28.7473; 198.978, 28.6442; 196.967, 28.6127; 194.955, 28.6519; 192.947, 28.761; 190.943, 28.9391; 188.946, 29.1852; 186.959, 29.4985; 184.983, 29.8781; 183.021, 30.3231; 181.075, 30.8326; 179.147, 31.4057; 177.239, 32.0415; 175.355, 32.7391; 173.495, 33.4977; 171.663, 34.3162; 169.859, 35.194; 168.088, 36.1299; 166.35, 37.1232; 164.649, 38.173; 162.986, 39.2783; 161.363, 40.4384; 159.784, 41.6521; 158.249, 42.9188; 156.762, 44.2375; 155.324, 45.6073; 153.938, 47.0273; 152.606, 48.4966; 151.33, 50.0143; 150.106, 51.5882; 148.93, 53.2277; 147.82, 54.9081; 146.777, 56.627; 145.801, 58.3819; 144.891, 60.1703; 144.049, 61.9898; 143.274, 63.8378; 142.567, 65.712; 141.928, 67.6098; 141.357, 69.5287; 140.855, 71.4663; 140.421, 73.4202; 140.057, 75.3877; 139.761, 77.3665; 139.535, 79.3541; 139.379, 81.3481; 139.293, 83.3458; 139.277, 85.3449; 139.331, 87.3429; 139.456, 89.3373; 139.652, 91.3257; 139.919, 93.3055; 140.258, 95.2743; 140.668, 97.2297; 141.151, 99.169; 141.705, 101.09; 142.332, 102.99; 143.032, 104.867; 143.804, 106.718; 144.65, 108.54; ];
boundaryCurve{3} = [181.77, 82.54; 182.702, 84.282; 183.763, 85.9467; 184.944, 87.5299; 186.238, 89.0277; 187.636, 90.4358; 189.129, 91.7502; 190.711, 92.967; 192.372, 94.0819; 194.105, 95.0909; 195.9, 95.99; 197.752, 96.775; 199.65, 97.4419; 201.587, 97.9866; 203.554, 98.405; 205.545, 98.6931; 207.549, 98.8467; 209.56, 98.8619; 211.569, 98.7345; 213.567, 98.4604; 215.553, 98.034; 217.494, 97.4648; 219.384, 96.7596; 221.219, 95.9251; 222.99, 94.968; 224.692, 93.8951; 226.319, 92.713; 227.863, 91.4287; 229.32, 90.0487; 230.683, 88.5798; 231.944, 87.0287; 233.099, 85.4023; 234.141, 83.7071; 235.063, 81.9501; 235.859, 80.1378; 236.524, 78.277; 237.05, 76.3745; 237.431, 74.437; 237.661, 72.4697; 237.745, 70.4826; 237.691, 68.4994; 237.507, 66.5246; 237.198, 64.5622; 236.771, 62.6167; 236.233, 60.6923; 235.591, 58.7933; 234.851, 56.9239; 234.02, 55.0885; 233.104, 53.2913; 232.11, 51.5366; 231.052, 49.8388; 229.937, 48.2043; 228.757, 46.6156; 227.515, 45.074; 226.212, 43.5809; 224.851, 42.1374; 223.434, 40.745; 221.965, 39.4048; 220.445, 38.1183; 218.877, 36.8868; 217.263, 35.7114; 215.606, 34.5936; 213.908, 33.5346; 212.172, 32.5357; 210.4, 31.5982; 208.594, 30.7235; 206.757, 29.9128; 204.892, 29.1674; 203.001, 28.4886; 201.086, 27.8778; 199.15, 27.3362; 197.195, 26.8652; 195.223, 26.4659; 193.238, 26.1398; 191.241, 25.8881; 189.236, 25.7122; 187.224, 25.6133; 185.208, 25.5927; 183.19, 25.6516; 181.179, 25.7894; 179.175, 26.0048; 177.183, 26.2963; 175.204, 26.6626; 173.241, 27.1022; 171.296, 27.6137; 169.371, 28.1959; 167.469, 28.8471; 165.593, 29.5662; 163.744, 30.3516; 161.925, 31.2019; 160.138, 32.1159; 158.387, 33.092; 156.672, 34.1288; 154.997, 35.2251; 153.365, 36.3793; 151.776, 37.5901; 150.235, 38.8561; 148.742, 40.1759; 147.302, 41.5481; 145.915, 42.9713; 144.584, 44.444; 143.313, 45.965; 142.102, 47.5328; 140.955, 49.1459; 139.874, 50.8031; 138.859, 52.507; 137.902, 54.2749; 137.022, 56.0776; 136.217, 57.9122; 135.488, 59.7758; 134.834, 61.6657; 134.255, 63.579; 133.752, 65.5127; 133.325, 67.4641; 132.973, 69.4303; 132.696, 71.4085; 132.495, 73.3958; 132.369, 75.3893; 132.319, 77.3862; 132.343, 79.3836; 132.443, 81.3787; 132.618, 83.3686; 132.869, 85.3505; 133.194, 87.3215; 133.595, 89.2788; 134.07, 91.2195; 134.621, 93.1407; 135.247, 95.0396; 135.948, 96.9134; 136.723, 98.7592; 137.574, 100.574; 138.5, 102.355; 139.5, 104.1; ];
