boundaryCurve{1} = [385.73, 994.05; 387.645, 992.955; 389.553, 991.857; 391.454, 990.754; 393.349, 989.649; 395.236, 988.539; 397.118, 987.426; 398.992, 986.31; 400.86, 985.19; 402.721, 984.067; 404.576, 982.941; 406.424, 981.811; 408.266, 980.678; 410.101, 979.541; 411.931, 978.402; 413.753, 977.259; 415.57, 976.113; 417.381, 974.964; 419.185, 973.812; 420.983, 972.657; 422.776, 971.499; 424.562, 970.338; 426.342, 969.174; 428.117, 968.007; 429.885, 966.837; 431.648, 965.665; 433.405, 964.49; 435.156, 963.312; 436.902, 962.132; 438.642, 960.948; 440.376, 959.763; 442.105, 958.574; 443.829, 957.384; 445.547, 956.19; 447.259, 954.994; 448.966, 953.796; 450.668, 952.596; 452.365, 951.393; 454.057, 950.188; 455.743, 948.98; 457.424, 947.771; 459.1, 946.559; 460.771, 945.345; 462.438, 944.129; 464.099, 942.911; 465.755, 941.691; 467.407, 940.469; 469.054, 939.245; 470.696, 938.019; 472.333, 936.791; 473.966, 935.561; 475.594, 934.33; 477.217, 933.097; 478.836, 931.862; 480.451, 930.625; 482.061, 929.387; 483.667, 928.147; 485.268, 926.906; 486.866, 925.663; 488.459, 924.418; 490.047, 923.172; 491.632, 921.925; 493.213, 920.676; 494.789, 919.426; 496.362, 918.175; 497.93, 916.923; 499.495, 915.669; 501.056, 914.414; 502.613, 913.158; 504.166, 911.901; 505.716, 910.642; 507.262, 909.383; 508.804, 908.123; 510.343, 906.862; 511.878, 905.599; 513.41, 904.336; 514.938, 903.072; 516.463, 901.808; 517.984, 900.542; 519.503, 899.276; 521.018, 898.009; 522.529, 896.742; 524.038, 895.474; 525.543, 894.205; 527.046, 892.936; 528.545, 891.666; 530.042, 890.396; 531.535, 889.126; 533.026, 887.855; 534.514, 886.583; 535.999, 885.312; 537.481, 884.04; 538.961, 882.768; 540.438, 881.496; 541.912, 880.223; 543.384, 878.951; 544.853, 877.678; 546.32, 876.406; 547.785, 875.133; 549.247, 873.86; 550.706, 872.588; 552.164, 871.316; 553.619, 870.043; 555.072, 868.771; 556.523, 867.5; 557.972, 866.228; 559.419, 864.957; 560.864, 863.686; 562.307, 862.416; 563.747, 861.146; 565.187, 859.876; 566.624, 858.607; 568.059, 857.338; 569.493, 856.07; 570.925, 854.803; 572.356, 853.536; 573.785, 852.27; 575.212, 851.005; 576.638, 849.741; 578.063, 848.477; 579.486, 847.214; 580.908, 845.952; 582.328, 844.691; 583.748, 843.431; 585.166, 842.172; 586.582, 840.914; 587.998, 839.657; 589.413, 838.401; 590.827, 837.146; 592.239, 835.893; 593.651, 834.641; 595.062, 833.39; 596.472, 832.14; 597.881, 830.892; 599.29, 829.645; 600.698, 828.399; 602.105, 827.155; 603.512, 825.912; 604.918, 824.671; 606.323, 823.432; 607.728, 822.194; 609.133, 820.957; 610.537, 819.723; 611.941, 818.49; 613.345, 817.259; 614.749, 816.03; 616.152, 814.802; 617.555, 813.577; 618.958, 812.353; 620.361, 811.131; 621.764, 809.912; 623.167, 808.694; 624.571, 807.479; 625.974, 806.265; 627.377, 805.054; 628.781, 803.845; 630.185, 802.638; 631.59, 801.433; 632.994, 800.231; 634.4, 799.031; 635.805, 797.833; 637.212, 796.638; 638.618, 795.445; 640.026, 794.255; 641.434, 793.067; 642.842, 791.882; 644.252, 790.699; 645.662, 789.519; 647.073, 788.342; 648.485, 787.167; 649.898, 785.995; 651.312, 784.826; 652.727, 783.66; 654.143, 782.497; 655.56, 781.337; 656.978, 780.179; 658.398, 779.025; 659.819, 777.873; 661.241, 776.725; 662.664, 775.58; 664.089, 774.438; 665.515, 773.299; 666.943, 772.163; 668.372, 771.031; 669.803, 769.901; 671.236, 768.776; 672.67, 767.653; 674.106, 766.534; 675.544, 765.419; 676.983, 764.306; 678.425, 763.198; 679.868, 762.093; 681.313, 760.991; 682.76, 759.894; 684.21, 758.799; 685.661, 757.709; 687.115, 756.622; 688.571, 755.54; 690.029, 754.46; 691.489, 753.385; 692.951, 752.314; 694.416, 751.247; 695.884, 750.183; 697.354, 749.124; 698.826, 748.069; 700.301, 747.018; 701.779, 745.971; 703.259, 744.928; 704.742, 743.889; 706.227, 742.855; 707.716, 741.825; 709.207, 740.799; 710.701, 739.778; 712.198, 738.761; 713.699, 737.748; 715.202, 736.74; 716.708, 735.736; 718.217, 734.737; 719.73, 733.743; 721.245, 732.753; 722.764, 731.768; 724.287, 730.788; 725.812, 729.812; 727.341, 728.841; 728.874, 727.875; 730.41, 726.914; 731.949, 725.958; 733.492, 725.006; 735.039, 724.06; 736.589, 723.119; 738.144, 722.182; 739.701, 721.251; 741.263, 720.325; 742.829, 719.404; 744.398, 718.488; 745.972, 717.578; 747.549, 716.673; 749.131, 715.773; 750.716, 714.878; 752.306, 713.989; 753.9, 713.106; 755.498, 712.227; 757.101, 711.355; 758.707, 710.488; 760.318, 709.626; 761.934, 708.77; 763.554, 707.92; 765.179, 707.075; 766.808, 706.237; 768.442, 705.404; 770.08, 704.576; 771.723, 703.755; 773.371, 702.94; 775.023, 702.13; 776.681, 701.326; 778.343, 700.529; 780.011, 699.737; 781.683, 698.952; 783.36, 698.173; 785.043, 697.4; 786.73, 696.633; 788.423, 695.872; 790.121, 695.118; 791.824, 694.37; 793.532, 693.628; 795.246, 692.893; 796.965, 692.164; 798.69, 691.441; 800.42, 690.725; 802.156, 690.016; 803.897, 689.313; 805.644, 688.617; 807.396, 687.927; 809.155, 687.245; 810.919, 686.569; 812.688, 685.899; 814.464, 685.237; 816.246, 684.581; 818.033, 683.932; 819.827, 683.29; 821.627, 682.656; 823.432, 682.028; 825.244, 681.407; 827.062, 680.793; 828.887, 680.187; 830.717, 679.587; 832.554, 678.995; 834.398, 678.41; 836.247, 677.832; 838.103, 677.262; 839.966, 676.699; 841.835, 676.143; 843.711, 675.595; 845.594, 675.054; 847.483, 674.52; 849.379, 673.995; 851.282, 673.476; 853.191, 672.966; 855.108, 672.463; 857.031, 671.968; 858.962, 671.48; 860.899, 671; 862.844, 670.528; 864.795, 670.064; 866.754, 669.608; 868.72, 669.16; 870.694, 668.72; 872.674, 668.287; 874.662, 667.863; 876.657, 667.447; 878.66, 667.039; 880.67, 666.639; 882.688, 666.247; 884.714, 665.863; 886.747, 665.488; 888.787, 665.121; 890.836, 664.763; 892.892, 664.412; 894.956, 664.071; 897.028, 663.737; 899.108, 663.412; 901.195, 663.096; 903.291, 662.788; 905.395, 662.489; 907.507, 662.199; 909.627, 661.917; 911.755, 661.644; 913.891, 661.379; 916.036, 661.124; 918.189, 660.877; 920.351, 660.639; 922.52, 660.411; 924.699, 660.191; 926.886, 659.98; 929.081, 659.778; 931.285, 659.585; 933.498, 659.401; 935.719, 659.227; 937.949, 659.061; 940.188, 658.905; 942.436, 658.758; 944.692, 658.621; 946.958, 658.492; 949.232, 658.374; 951.516, 658.264; 953.809, 658.164; 956.11, 658.073; 958.421, 657.992; 960.741, 657.921; 963.071, 657.859; 965.409, 657.807; 967.757, 657.765; 970.115, 657.732; 972.482, 657.709; 974.858, 657.695; 977.244, 657.692; 979.64, 657.699; 982.045, 657.715; 984.459, 657.741; 986.884, 657.778; 989.318, 657.824; 991.762, 657.88; 994.216, 657.947; 996.68, 658.024; 999.154, 658.11; 1001.64, 658.207; 1004.13, 658.315; 1006.64, 658.432; 1009.15, 658.56; 1011.67, 658.699; 1014.21, 658.847; 1016.75, 659.006; 1019.31, 659.176; 1021.87, 659.356; 1024.45, 659.547; 1027.04, 659.748; 1029.63, 659.96; 1032.24, 660.183; 1034.86, 660.416; 1037.49, 660.66; 1040.13, 660.915; 1042.78, 661.181; 1044.96, 661.345; 1046.99, 661.48; 1049.01, 661.623; 1051.03, 661.773; 1053.05, 661.932; 1055.06, 662.099; 1057.08, 662.273; 1059.09, 662.456; 1061.1, 662.646; 1063.11, 662.844; 1065.12, 663.05; 1067.13, 663.264; 1069.13, 663.486; 1071.14, 663.715; 1073.14, 663.952; 1075.14, 664.197; 1077.14, 664.45; 1079.13, 664.71; 1081.13, 664.978; 1083.12, 665.253; 1085.11, 665.536; 1087.1, 665.827; 1089.08, 666.126; 1091.07, 666.431; 1093.05, 666.745; 1095.03, 667.066; 1097.01, 667.394; 1098.99, 667.73; 1100.97, 668.073; 1102.94, 668.424; 1104.91, 668.782; 1106.88, 669.148; 1108.85, 669.521; 1110.82, 669.901; 1112.78, 670.288; 1114.75, 670.683; 1116.71, 671.085; 1118.66, 671.494; 1120.62, 671.911; 1122.58, 672.335; 1124.53, 672.766; 1126.48, 673.204; 1128.43, 673.649; 1130.38, 674.101; 1132.32, 674.561; 1134.26, 675.027; 1136.2, 675.501; 1138.14, 675.981; 1140.08, 676.469; 1142.01, 676.964; 1143.95, 677.465; 1145.88, 677.974; 1147.8, 678.489; 1149.73, 679.011; 1151.66, 679.541; 1153.58, 680.077; 1155.5, 680.619; 1157.42, 681.169; 1159.33, 681.726; 1161.24, 682.289; 1163.16, 682.859; 1165.07, 683.435; 1166.97, 684.019; 1168.88, 684.609; 1170.78, 685.206; 1172.68, 685.809; 