segmentsStart = [385.7, 994; 385.7, 994; 1520.1, 948.4; 1520.1, 948.4; 354.5, 1012; 354.5, 1012; 410.7, 1098.4; 410.7, 1098.4; 440.7, 1122.4; 440.7, 1122.4; 1492, 994; 1492, 994; 1501.7, 971.5; 1501.7, 971.5; 1467, 907.6; 1467, 907.6; 955.5, 730.1; 955.5, 730.1; 1076.4, 743.2; 1076.4, 743.2; 1473.5, 814.8; 1473.5, 814.8; 510.7, 1158.4; 510.7, 1158.4; 859.2, 1256.1; 859.2, 1256.1; 965.2, 1277.3; 965.2, 1277.3; 1487.4, 1093.9; 1487.4, 1093.9; 489.8, 815.4; 489.8, 815.4; 1001, 570; 1001, 570; 455, 977.6; 455, 977.6; 546.4, 1107.2; 546.4, 1107.2; 489.7, 964.4; 489.7, 964.4; 538, 1063.3; 538, 1063.3; 924.3, 767.4; 924.3, 767.4; 986, 753.8; 986, 753.8; 976.05, 865.895; 976.05, 865.895; 973.7, 866.6; 973.7, 866.6; 1425.9, 711.3; 1425.9, 711.3; 1357.4, 1158.4; 1357.4, 1158.4; 1541.7, 983.1; 1541.7, 983.1; 1570.8, 1013.3; 1570.8, 1013.3; 1387.6, 1212.4; 1387.6, 1212.4; 924.3, 927.3; 924.3, 927.3; 1050.5, 997.1; 1050.5, 997.1; ];
segmentsEnd = [347.809, 1016.33; 354.5, 1012; 1537.45, 989.772; 1539.59, 986.445; 392.624, 990.005; 389.167, 992.012; 448.688, 1122.29; 440.7, 1122.4; 402.928, 1096.64; 410.7, 1098.4; 1537.45, 989.772; 1501.7, 971.5; 1492, 994; 1521.77, 1012.58; 1454.02, 863.798; 1508.37, 927.49; 993.982, 753.575; 986, 753.8; 1106.49, 776.781; 1033.8, 756.012; 1492, 773.231; 1518.89, 812.242; 480.621, 1123.23; 547.965, 1131.62; 844.249, 1213.5; 891.236, 1222.92; 958.586, 1231.4; 978.505, 1232.83; 1531.5, 1082.6; 1492.09, 1049.58; 533.553, 824.84; 490.216, 860.282; 1035.33, 598.763; 967.46, 601.665; 456.231, 948.561; 452.98, 950.886; 579.279, 1137.97; 538, 1063.3; 488.191, 924.558; 485.038, 927.015; 546.4, 1107.2; 492.519, 1061.57; 879.865, 754.501; 951.571, 730.784; 947.652, 731.526; 955.5, 730.1; 994.304, 879.49; 973.7, 866.6; 976.05, 865.895; 945.891, 903.881; 1418.51, 756.801; 1382.1, 725.563; 1312.02, 1145.69; 1352.11, 1204.83; 1570.8, 1013.3; 1518.28, 944.842; 1524.09, 1009.37; 1541.7, 983.1; 1341.59, 1210.6; 1405.82, 1170.16; 917.568, 933.613; 917.002, 937.564; 1046.77, 1010.27; 1049.87, 1007.75; ];
