segmentsStart = [4.026, 43.417; 4.026, 43.417; 124.306, 24.759; 124.306, 24.759; 1.391, 45.403; 1.391, 45.403; 132.725, 31.125; 132.725, 31.125; 0.248, 46.956; 0.248, 46.956; 133.867, 32.05; 133.867, 32.05; 134.57, 35.014; 134.57, 35.014; 2.68145, 49.085; 2.68145, 49.085; 2.68023, 49.0841; 2.68023, 49.0841; 133.365, 36.3572; 133.365, 36.3572; 74.465, 12.378; 74.465, 12.378; 72.4919, 13.4257; 72.4919, 13.4257; 76.818, 14.239; 76.818, 14.239; 93.433, 16.035; 93.433, 16.035; 86.205, 12.493; 86.205, 12.493; 98.368, 18.833; 98.368, 18.833; ];
segmentsEnd = [1.391, 45.403; 3.13921, 41.8414; 124.82, 22.2427; 127.614, 25.0592; 0.248, 46.956; 4.026, 43.417; 130.876, 34.6957; 133.867, 32.05; 1.391, 45.403; 2.68023, 49.0841; 134.57, 35.014; 132.725, 31.125; 133.365, 36.3572; 133.867, 32.05; 2.68023, 49.0841; 6.07928, 51.0388; 0.248, 46.956; 2.68145, 49.085; 131.802, 37.7669; 134.57, 35.014; 78.3573, 13.0265; 72.4919, 13.4257; 74.465, 12.378; 71.2596, 16.4374; 74.6545, 14.4118; 78.3573, 13.0265; 93.4189, 13.0156; 96.7653, 15.0453; 85.9558, 10.7375; 89.7816, 11.5684; 99.7063, 17.6257; 96.4917, 18.5618; ];
