boundaryCurve{1} = [4.557, 63.755; 5.42765, 61.6782; 6.33307, 59.6283; 7.2726, 57.6058; 8.24561, 55.6114; 9.25144, 53.6457; 10.2895, 51.7093; 11.359, 49.8027; 12.4595, 47.9266; 13.5902, 46.0816; 14.7505, 44.2683; 15.9398, 42.4871; 17.1575, 40.7389; 18.4028, 39.0241; 19.6751, 37.3434; 20.9738, 35.6973; 22.2983, 34.0865; 23.6479, 32.5115; 25.0219, 30.973; 26.4198, 29.4715; 27.8408, 28.0077; 29.2844, 26.5821; 30.7499, 25.1954; 32.2366, 23.848; 33.7439, 22.5408; 35.2711, 21.2741; 36.8177, 20.0487; 38.3829, 18.8652; 39.9662, 17.724; 41.5668, 16.6259; 43.1842, 15.5714; 44.8177, 14.5612; 46.4666, 13.5957; 48.1303, 12.6757; 49.8082, 11.8017; 51.4997, 10.9743; 53.2039, 10.1941; 54.9205, 9.46177; 56.6486, 8.77782; 58.3876, 8.14288; 60.137, 7.55754; 61.896, 7.02241; 63.664, 6.53809; 65.4404, 6.10516; 67.2435, 5.72047; 69.1498, 5.37326; 71.0611, 5.08558; 72.9764, 4.85706; 74.8948, 4.68731; 76.8154, 4.57596; 78.7373, 4.52263; 80.6596, 4.52693; 82.5814, 4.58849; 84.5018, 4.70693; 86.4199, 4.88187; 88.3347, 5.11292; 90.2453, 5.39971; 92.1509, 5.74186; 94.0506, 6.13899; 95.9433, 6.59071; 97.8283, 7.09666; 99.7047, 7.65645; 101.571, 8.26969; 103.428, 8.93602; 105.272, 9.65505; 107.105, 10.4264; 108.924, 11.2497; 110.729, 12.1245; 112.519, 13.0506; 114.294, 14.0274; 116.051, 15.0547; 117.79, 16.132; 119.511, 17.2589; 121.213, 18.4352; 122.894, 19.6603; 124.553, 20.934; 126.19, 22.2558; 127.804, 23.6254; 129.394, 25.0424; 130.959, 26.5063; 132.497, 28.0169; 134.009, 29.5738; 135.494, 31.1765; 136.949, 32.8247; 138.375, 34.518; 139.771, 36.256; ];
boundaryCurve{2} = [1.596, 66.683; 2.36242, 64.5464; 3.16458, 62.434; 4.00185, 60.3464; 4.87362, 58.2842; 5.77926, 56.2481; 6.71817, 54.2385; 7.68971, 52.2561; 8.69329, 50.3015; 9.72826, 48.3752; 10.794, 46.4779; 11.89, 44.61; 13.0154, 42.7723; 14.1699, 40.9653; 15.3526, 39.1895; 16.563, 37.4455; 17.8005, 35.734; 19.0645, 34.0556; 20.3543, 32.4107; 21.6693, 30.8001; 23.009, 29.2242; 24.3726, 27.6837; 25.7596, 26.1791; 27.1694, 24.7111; 28.6013, 23.2802; 30.0547, 21.887; 31.529, 20.5321; 33.0235, 19.2161; 34.5378, 17.9395; 36.0711, 16.703; 37.6228, 15.5071; 39.1923, 14.3524; 40.779, 13.2396; 42.3822, 12.1691; 44.0015, 11.1416; 45.636, 10.1576; 47.2853, 9.21783; 48.9487, 8.32276; 50.6255, 7.473; 52.3152, 6.66914; 54.0172, 5.91177; 55.7308, 5.20146; 57.4554, 4.53882; 59.1903, 3.92441; 60.9351, 3.35882; 62.689, 2.84265; 64.4514, 2.37647; 66.2218, 1.96088; 67.9994, 1.59645; 69.7838, 1.28377; 71.6074, 1.01907; 73.4839, 0.804174; 75.3627, 0.646728; 77.2429, 0.546273; 79.1238, 0.502353; 81.0045, 0.514514; 82.8843, 0.5823; 84.7623, 0.705256; 86.6377, 0.882927; 88.5097, 1.11486; 90.3776, 1.40059; 92.2406, 1.73968; 94.0977, 2.13166; 95.9483, 2.57608; 97.7915, 3.07248; 99.6265, 3.62041; 101.453, 4.21942; 103.269, 4.86904; 105.075, 5.56883; 106.869, 6.31833; 108.651, 7.11708; 110.42, 7.96463; 112.176, 8.86052; 113.916, 9.8043; 115.642, 10.7955; 117.351, 11.8337; 119.043, 12.9184; 120.718, 14.0492; 122.373, 15.2256; 124.01, 16.4471; 125.626, 17.7134; 127.221, 19.0239; 128.795, 20.3782; 130.346, 21.7758; 131.873, 23.2163; 133.376, 24.6992; 134.855, 26.2241; 136.307, 27.7906; 137.733, 29.398; 139.131, 31.0461; 140.502, 32.7344; 141.843, 34.4623; 143.154, 36.2295; 144.435, 38.0354; 145.684, 39.8797; 146.902, 41.7619; 148.086, 43.6815; 149.236, 45.638; ];
boundaryCurve{3} = [0.311, 69.101; 2.01043, 70.4246; 3.72443, 71.7111; 5.45257, 72.9604; 7.19439, 74.1723; 8.94948, 75.3467; 10.7174, 76.4834; 12.4977, 77.5825; 14.2899, 78.6437; 16.0936, 79.6668; 17.9084, 80.6519; 19.7338, 81.5987; 21.5694, 82.5072; 23.4148, 83.3771; 25.2694, 84.2084; 27.133, 85.001; 29.005, 85.7547; 30.885, 86.4694; 32.7725, 87.1449; 34.6672, 87.7812; 36.5685, 88.3781; 38.4761, 88.9356; 40.3895, 89.4533; 42.3083, 89.9314; 44.232, 90.3695; 46.1602, 90.7676; 48.0925, 91.1256; 50.0283, 91.4434; 51.9674, 91.7207; 53.9092, 91.9576; 55.8533, 92.1538; 57.7993, 92.3092; 59.7467, 92.4237; 61.6951, 92.4972; 63.644, 92.5296; 65.5931, 92.5207; 67.5418, 92.4704; 69.4898, 92.3786; 71.4366, 92.2451; 73.3817, 92.0699; 75.3248, 91.8528; 77.2653, 91.5936; 79.1525, 91.3007; 80.9939, 90.9759; 82.8313, 90.6133; 84.6646, 90.213; 86.4933, 89.7753; 88.3171, 89.3004; 90.1357, 88.7886; 91.9487, 88.24; 93.7557, 87.6549; 95.5564, 87.0335; 97.3505, 86.376; 99.1376, 85.6827; 100.917, 84.9537; 102.689, 84.1893; 104.453, 83.3897; 106.209, 82.5551; 107.956, 81.6858; 109.693, 80.7819; 111.421, 79.8438; 113.14, 78.8715; 114.848, 77.8654; 116.546, 76.8256; 118.232, 75.7524; 119.908, 74.6461; 121.572, 73.5067; 123.224, 72.3346; 124.864, 71.1299; 126.491, 69.8929; 128.105, 68.6239; 129.706, 67.3229; 131.293, 65.9903; 132.867, 64.6263; 134.425, 63.231; 135.969, 61.8048; 137.498, 60.3478; 139.012, 58.8603; 140.51, 57.3424; 141.991, 55.7945; 143.456, 54.2166; 144.904, 52.6091; 146.336, 50.9722; 147.749, 49.3061; 149.145, 47.6109; 150.522, 45.887; ];
boundaryCurve{4} = [151.311, 50.504; 150.029, 52.3108; 148.727, 54.0889; 147.405, 55.838; 146.063, 57.5577; 144.701, 59.248; 143.321, 60.9084; 141.922, 62.5388; 140.506, 64.1388; 139.071, 65.7082; 137.619, 67.2467; 136.15, 68.7542; 134.665, 70.2302; 133.163, 71.6745; 131.645, 73.0869; 130.112, 74.4672; 128.564, 75.8149; 127.001, 77.13; 125.424, 78.4121; 123.833, 79.6609; 122.229, 80.8762; 120.612, 82.0577; 118.981, 83.2051; 117.339, 84.3183; 115.684, 85.3969; 114.018, 86.4406; 112.34, 87.4493; 110.652, 88.4225; 108.954, 89.3602; 107.245, 90.2619; 105.527, 91.1274; 103.799, 91.9566; 102.063, 92.749; 100.318, 93.5045; 98.5649, 94.2228; 96.8041, 94.9035; 95.036, 95.5465; 93.2609, 96.1515; 91.4793, 96.7183; 89.6915, 97.2464; 87.898, 97.7358; 86.099, 98.186; 84.2949, 98.597; 82.4863, 98.9683; 80.6734, 99.2997; 78.8009, 99.5994; 76.9018, 99.8591; 75.0002, 100.075; 73.0965, 100.246; 71.1913, 100.374; 69.2849, 100.457; 67.378, 100.496; 65.4711, 100.491; 63.5646, 100.442; 61.659, 100.348; 59.7549, 100.21; 57.8528, 100.027; 55.9532, 99.7999; 54.0566, 99.528; 52.1634, 99.2115; 50.2743, 98.8502; 48.3897, 98.4442; 46.51, 97.9934; 44.6359, 97.4977; 42.7679, 96.9571; 40.9063, 96.3714; 39.0519, 95.7408; 37.2049, 95.065; 35.3661, 94.3442; 33.5357, 93.5781; 31.7145, 92.7667; 29.9028, 91.9101; 28.1013, 91.008; 26.3103, 90.0606; 24.5304, 89.0677; 22.7621, 88.0292; 21.0059, 86.9452; 19.2624, 85.8155; 17.532, 84.6401; 15.8152, 83.419; 14.1125, 82.1521; 12.4245, 80.8393; 10.7517, 79.4806; 9.09451, 78.0759; 7.45349, 76.6252; 5.82916, 75.1285; 4.22201, 73.5856; 3.045, 72.415; 3.47815, 72.7734; 5.15007, 74.1259; 6.83699, 75.4415; 8.53847, 76.7203; 10.2541, 77.962; 11.9833, 79.1665; 13.7258, 80.3337; 15.4812, 81.4634; 17.2488, 82.5556; 19.0284, 83.6101; 20.8195, 84.6268; 22.6217, 85.6055; 24.4344, 86.546; 26.2573, 87.4484; 28.0899, 88.3124; 29.9318, 89.1379; 31.7826, 89.9247; 33.6418, 90.6728; 35.5089, 91.382; 37.3836, 92.0522; 39.2654, 92.6832; 41.1538, 93.275; 43.0484, 93.8273; 44.9488, 94.34; 46.8546, 94.8131; 48.7652, 95.2463; 50.6803, 95.6396; 52.5994, 95.9929; 54.5221, 96.3059; 56.448, 96.5785; 58.3765, 96.8107; 60.3073, 97.0023; 62.2399, 97.1531; 64.1739, 97.2631; 66.1088, 97.332; 68.0443, 97.3599; 69.9798, 97.3464; 71.9149, 97.2915; 73.8493, 97.1952; 75.7823, 97.0571; 77.7137, 96.8772; 79.6429, 96.6555; 81.5696, 96.3916; 83.4962, 96.0851; 85.4208, 95.7362; 87.3405, 95.3456; 89.2544, 94.9137; 91.1619, 94.4409; 93.0622, 93.9277; 94.9544, 93.3746; 96.8379, 92.7819; 98.7119, 92.1502; 100.576, 91.4797; 102.428, 90.771; 104.269, 90.0245; 106.097, 89.2407; 107.912, 88.4199; 109.713, 87.5626; 111.499, 86.6693; 113.269, 85.7403; 115.023, 84.7761; 116.76, 83.7772; 118.478, 82.744; 120.179, 81.6768; 121.859, 80.5762; 123.52, 79.4426; 125.159, 78.2763; 126.777, 77.078; 128.372, 75.8479; 129.944, 74.5865; 131.492, 73.2943; 133.015, 71.9716; 134.513, 70.619; 135.985, 69.2368; 137.429, 67.8255; 138.845, 66.3855; 140.233, 64.9173; 141.592, 63.4213; 142.92, 61.8979; 144.217, 60.3475; 145.483, 58.7707; 146.717, 57.1678; 147.917, 55.5392; 149.083, 53.8854; 150.215, 52.2069; ];
