boundaryCurve{1} = [4.026, 43.417; 5.00091, 41.655; 6.0241, 39.9219; 7.09445, 38.2182; 8.21083, 36.545; 9.37211, 34.9029; 10.5772, 33.2928; 11.8249, 31.7154; 13.1141, 30.1716; 14.4438, 28.6622; 15.8127, 27.1879; 17.2198, 25.7495; 18.664, 24.3479; 20.144, 22.9838; 21.6588, 21.658; 23.2073, 20.3714; 24.7883, 19.1247; 26.4007, 17.9188; 28.0433, 16.7543; 29.7152, 15.6322; 31.415, 14.5532; 33.1418, 13.5181; 34.8944, 12.5278; 36.6716, 11.5829; 38.4723, 10.6843; 40.2955, 9.83286; 42.1399, 9.02929; 44.0045, 8.27441; 45.8881, 7.56903; 47.7896, 6.91394; 49.7079, 6.30993; 51.6419, 5.7578; 53.5904, 5.25835; 55.5523, 4.81237; 57.5264, 4.42067; 59.5118, 4.08404; 61.5058, 3.80328; 63.5058, 3.5784; 65.5106, 3.40898; 67.5188, 3.2946; 69.5292, 3.23483; 71.5403, 3.22927; 73.5509, 3.27749; 75.5597, 3.37907; 77.5653, 3.53359; 79.5665, 3.74063; 81.5619, 3.99977; 83.5502, 4.3106; 85.5301, 4.67268; 87.5003, 5.08562; 89.4595, 5.54897; 91.4064, 6.06233; 93.3396, 6.62528; 95.2578, 7.23739; 97.1598, 7.89824; 99.0441, 8.60743; 100.91, 9.36452; 102.755, 10.1691; 104.579, 11.0207; 106.379, 11.919; 108.156, 12.8635; 109.907, 13.8539; 111.632, 14.8896; 113.328, 15.9703; 114.995, 17.0955; 116.632, 18.2649; 118.236, 19.478; 119.807, 20.7343; 121.343, 22.0336; 122.843, 23.3753; 124.306, 24.759; ];
boundaryCurve{2} = [1.391, 45.403; 2.25221, 43.5855; 3.16332, 41.794; 4.12323, 40.0295; 5.13085, 38.2926; 6.1851, 36.5841; 7.28489, 34.9049; 8.42912, 33.2557; 9.61672, 31.6373; 10.8466, 30.0505; 12.1176, 28.4961; 13.4288, 26.9748; 14.7789, 25.4875; 16.167, 24.035; 17.5919, 22.618; 19.0525, 21.2372; 20.5478, 19.8936; 22.0767, 18.5879; 23.638, 17.3208; 25.2307, 16.0932; 26.8537, 14.9058; 28.5059, 13.7595; 30.1863, 12.655; 31.8936, 11.5931; 33.6269, 10.5745; 35.3851, 9.60016; 37.167, 8.67076; 38.9716, 7.7871; 40.7978, 6.94998; 42.6445, 6.16018; 44.5106, 5.41848; 46.395, 4.72568; 48.2967, 4.08255; 50.2145, 3.48989; 52.1473, 2.94848; 54.0941, 2.4591; 56.0538, 2.02255; 58.0253, 1.63961; 60.0075, 1.31106; 61.9993, 1.03769; 63.9992, 0.82028; 66.0033, 0.659242; 68.0098, 0.554159; 70.0175, 0.504497; 72.0253, 0.509723; 74.0318, 0.569303; 76.0359, 0.682703; 78.0362, 0.849389; 80.0317, 1.06883; 82.0209, 1.34049; 84.0028, 1.66383; 85.9761, 2.03833; 87.9395, 2.46344; 89.8918, 2.93864; 91.8318, 3.46338; 93.7582, 4.03715; 95.6699, 4.6594; 97.5656, 5.3296; 99.444, 6.04721; 101.304, 6.81171; 103.144, 7.62255; 104.963, 8.47921; 106.76, 9.38115; 108.534, 10.3278; 110.283, 11.3187; 112.006, 12.3533; 113.703, 13.4311; 115.37, 14.5514; 117.008, 15.7138; 118.616, 16.9178; 120.191, 18.1628; 121.733, 19.4482; 123.241, 20.7736; 124.713, 22.1384; 126.148, 23.5421; 127.545, 24.9841; 128.902, 26.464; 130.219, 27.9811; 131.493, 29.5349; 132.725, 31.125; ];
boundaryCurve{3} = [0.248, 46.956; 2.01466, 47.9463; 3.79891, 48.904; 5.60013, 49.8291; 7.4177, 50.7214; 9.25099, 51.5808; 11.0994, 52.4071; 12.9623, 53.2003; 14.839, 53.9602; 16.729, 54.6867; 18.6316, 55.3797; 20.5463, 56.0389; 22.4723, 56.6644; 24.409, 57.2559; 26.3559, 57.8133; 28.3124, 58.3365; 30.2777, 58.8255; 32.2513, 59.2799; 34.2325, 59.6998; 36.2208, 60.085; 38.2155, 60.4354; 40.2161, 60.7507; 42.2217, 61.031; 44.232, 61.2761; 46.2461, 61.4858; 48.2636, 61.66; 50.2838, 61.7987; 52.306, 61.9016; 54.3297, 61.9686; 56.3542, 61.9996; 58.3789, 61.9945; 60.4032, 61.9532; 62.4265, 61.8754; 64.4481, 61.7612; 66.4675, 61.6103; 68.4839, 61.4227; 70.4968, 61.1981; 72.505, 60.9369; 74.508, 60.6391; 76.5051, 60.305; 78.4957, 59.935; 80.4794, 59.5293; 82.4555, 59.0881; 84.4234, 58.6117; 86.3825, 58.1004; 88.3324, 57.5544; 90.2723, 56.9741; 92.2018, 56.3595; 94.1202, 55.7111; 96.027, 55.0291; 97.9216, 54.3137; 99.8034, 53.5652; 101.672, 52.7839; 103.526, 51.9701; 105.366, 51.1239; 107.191, 50.2457; 109.001, 49.3356; 110.794, 48.3941; 112.57, 47.4213; 114.329, 46.4175; 116.069, 45.383; 117.792, 44.318; 119.495, 43.2228; 121.178, 42.0977; 122.841, 40.9429; 124.484, 39.7586; 126.105, 38.5452; 127.703, 37.3029; 129.28, 36.032; 130.833, 34.7327; 132.362, 33.4053; 133.867, 32.05; ];
boundaryCurve{4} = [134.57, 35.014; 133.158, 36.4452; 131.719, 37.8482; 130.252, 39.2225; 128.76, 40.568; 127.241, 41.8843; 125.698, 43.171; 124.13, 44.4278; 122.538, 45.6545; 120.923, 46.8506; 119.285, 48.016; 117.626, 49.1502; 115.946, 50.2529; 114.245, 51.3238; 112.524, 52.3626; 110.784, 53.369; 109.025, 54.3427; 107.248, 55.2832; 105.454, 56.1904; 103.644, 57.0639; 101.817, 57.9033; 99.9752, 58.7084; 98.1186, 59.4788; 96.2478, 60.2142; 94.3636, 60.9143; 92.4667, 61.5788; 90.5576, 62.2073; 88.6371, 62.7995; 86.7057, 63.3551; 84.7642, 63.8738; 82.8131, 64.3552; 80.8531, 64.7991; 78.8849, 65.2051; 76.9091, 65.573; 74.9264, 65.9022; 72.9374, 66.1927; 70.9443, 66.4437; 68.9553, 66.6545; 66.9629, 66.8261; 64.9678, 66.9584; 62.9708, 67.0513; 60.9725, 67.1049; 58.9739, 67.1191; 56.9755, 67.0938; 54.9781, 67.0289; 52.9825, 66.9245; 50.9894, 66.7803; 48.9995, 66.5965; 47.0136, 66.3728; 45.0324, 66.1094; 43.0566, 65.806; 41.087, 65.4627; 39.1243, 65.0793; 37.1693, 64.656; 35.2227, 64.1924; 33.2852, 63.6887; 31.3576, 63.1448; 29.4406, 62.5606; 27.5349, 61.936; 25.6413, 61.271; 23.7605, 60.5655; 21.8932, 59.8195; 20.0403, 59.033; 18.2024, 58.2058; 16.3802, 57.3378; 14.5746, 56.4292; 12.7862, 55.4797; 11.0158, 54.4893; 9.26404, 53.4581; 7.53178, 52.3858; 5.81971, 51.2725; 4.12856, 50.1181; 2.68, 49.084; 2.9096, 49.2214; 4.64525, 50.2358; 6.39904, 51.2179; 8.17035, 52.1677; 9.95856, 53.0851; 11.7631, 53.9698; 13.5832, 54.8219; 15.4184, 55.641; 17.268, 56.4272; 19.1314, 57.1802; 21.0079, 57.9; 22.897, 58.5864; 24.7981, 59.2392; 26.7104, 59.8583; 28.6334, 60.4437; 30.5665, 60.9951; 32.5091, 61.5124; 34.4604, 61.9956; 36.42, 62.4443; 38.3871, 62.8586; 40.3612, 63.2383; 42.3417, 63.5833; 44.3278, 63.8933; 46.3191, 64.1683; 48.3148, 64.4082; 50.3144, 64.6128; 52.3172, 64.782; 54.3226, 64.9156; 56.33, 65.0136; 58.3388, 65.0757; 60.3483, 65.1018; 62.3579, 65.0919; 64.3671, 65.0457; 66.3751, 64.9632; 68.3814, 64.8442; 70.3853, 64.6885; 72.3863, 64.4961; 74.4487, 64.2586; 76.5565, 63.9749; 78.6572, 63.6506; 80.7496, 63.2863; 82.8324, 62.8826; 84.9044, 62.44; 86.9643, 61.9589; 89.0108, 61.44; 91.0426, 60.8837; 93.0585, 60.2906; 95.0571, 59.6611; 97.0374, 58.9958; 98.9979, 58.2953; 100.937, 57.56; 102.855, 56.7904; 104.748, 55.9872; 106.617, 55.1507; 108.46, 54.2816; 110.276, 53.3803; 112.062, 52.4474; 113.819, 51.4834; 115.545, 50.4888; 117.239, 49.4641; 118.899, 48.4099; 120.523, 47.3266; 122.112, 46.2149; 123.663, 45.0751; 125.176, 43.9079; 126.648, 42.7138; 128.079, 41.4932; 129.467, 40.2467; 130.812, 38.9749; 132.112, 37.6782; 133.365, 36.3572; ];
boundaryCurve{5} = [74.465, 12.378; 76.3471, 11.6204; 78.2875, 11.0663; 80.2704, 10.7102; 82.2796, 10.5465; 84.2994, 10.5695; 86.3136, 10.7738; 88.3065, 11.1536; 90.2619, 11.7035; 92.164, 12.4178; 93.9969, 13.291; 95.7445, 14.3174; 97.3909, 15.4914; 98.9202, 16.8076; 100.316, 18.2602; 101.564, 19.8437; 102.646, 21.5525; 103.545, 23.3757; 104.242, 25.2738; 104.739, 27.2269; 105.043, 29.2187; 105.157, 31.2333; 105.088, 33.2545; 104.84, 35.2662; 104.419, 37.2523; 103.83, 39.1969; 103.078, 41.0837; 102.168, 42.8967; 101.105, 44.6198; 99.8951, 46.2369; 98.543, 47.732; 97.0538, 49.0889; 95.4329, 50.2916; 93.6854, 51.3239; 91.839, 52.1631; 89.9252, 52.802; 87.9601, 53.2455; 85.9599, 53.4984; 83.9409, 53.5654; 81.9193, 53.4514; 79.9113, 53.1612; 77.9331, 52.6996; 76.0008, 52.0714; 74.1308, 51.2813; 72.3392, 50.3343; 70.6422, 49.235; 69.056, 47.9883; 67.5969, 46.599; 66.281, 45.0719; 65.1246, 43.4119; 64.1764, 41.6919; 63.4239, 39.9268; 62.8396, 38.0874; 62.4239, 36.1895; 62.177, 34.2491; 62.0992, 32.2819; 62.1908, 30.304; 62.4522, 28.3311; 62.8836, 26.3793; 63.4854, 24.4642; 64.2577, 22.602; 65.201, 20.8083; 66.3156, 19.0992; 67.6016, 17.4905; 69.0595, 15.9981; 70.6895, 14.6379; 72.4919, 13.4257; ];
