radius = 4.033487062126929;
cppContour{1} = [133.365 36.3572; 134.57 35.014;133.867 32.05;132.725 31.125;130.252563073629 28.02203430439931;127.6138642504952 25.05920110855406;124.8195823267477 22.24265756937681;121.8803746069849 19.57772937937515;118.806972178149 17.06875895987019;115.6088290607816 14.72088406608827;112.2961743447948 12.53759576241591;108.8783649739367 10.52290077339841;105.3645611681445 8.680759293264451;101.764064988901 7.014448638913295;98.08558166233937 5.528249936494545;94.33808055870003 4.225898589031275;90.53050685767543 3.111400328091035;86.67191823466999 2.188986661780869;82.77162792614121 1.462968615287603;78.83929241479311 0.93770340871692;74.88499434697434 0.6175801513132519;70.91933389926821 0.506844337363072;66.95348535276273 0.6094795642041539;62.99922529806047 0.928987685358605;59.06868405439895 1.4666689087515;55.17343161015795 2.218664109601239;51.32422323482226 3.17903773563477;47.53110824728716 4.341463090351901;43.80352671005799 5.699513309656495;40.15038758796042 7.246750276183647;36.58018171667507 8.976831559864296;33.10106186000179 10.8835167480541;29.72101819966172 12.96082227355013;26.44782213366493 15.20274354805069;23.28941127710743 17.60370320295727;20.25360408215363 20.15794938488489;17.34855213613046 22.85999868278695;14.58233672987328 25.70403844282607;11.96359602553862 28.68444286223664;9.500941689976594 31.7950767067547;7.203278029923031 35.0295081707901;5.079676529691751 38.38081103251066;3.139214193968489 41.84139883384602;1.391 45.403;0.248 46.956;2.6802296 49.0841374;2.68144856 49.0850341;5.885262028320057 51.3151262203816;9.18113464786018 53.40678010050482;12.56362194883471 55.3551850305727;16.02522505197108 57.15917226529736;19.55933880843841 58.8165295186573;23.15935530916566 60.32533830163208;26.81851286184629 61.68441706438941;30.53020464024931 62.89265374587045;34.28784673086237 63.94936227526987;38.08491426536956 64.85425039311046;41.91505205199934 65.60702893453055;45.77197848235576 66.20772675764815;49.6495304104023 66.65654100177494;53.54165632882448 66.95375231545864;57.4424040951425 67.09971106565608;61.34590023582795 67.09488436038615;65.24634798718235 66.93992879619857;69.13798242493486 66.6351387857334;73.01510275484878 66.18135125677045;76.87199270950758 65.57916115399712;80.70304871867019 64.83005255574632;84.50336548959432 63.9381563801493;88.26789885361585 62.90570697780421;91.9917783780547 61.73515023801405;95.67020529175814 60.42881312771475;99.29852528626928 58.98918756838206;102.8720780385319 57.4185531442016;106.3861501438351 55.71902507776635;109.8364568552188 53.89351549748347;113.2180541620899 51.94366713330677;116.526394419686 49.87194706750727;116.5399047877383 49.86278117412438;118.2834698791514 48.80079870686659;121.5389404790427 46.61582527970307;124.6899777934867 44.28284059447608;127.7222392311517 41.79750621555294;130.6199301158736 39.15651671273749;133.365 36.3572;];
cppContourInner{1} = [101.8520950658515 33.06632520554319; 101.1928706173758 36.97469233378622;99.65290111350743 40.62526669159653;97.33453363910134 43.83977825461017;94.39778891462521 46.50282555844022;90.98993588204509 48.52867486870255;87.24625462077144 49.83091589132447;83.31358666129059 50.31151139623759;79.37620036326736 49.8859031856949;75.63712514481254 48.57589532915332;72.25829953709915 46.50357666624114;69.36226439733055 43.79608622142362;67.06269411906345 40.56680809846675;65.48514100266949 36.93098229083358;64.76089277245752 33.03563595898319;64.95239253740078 29.07668997932842;65.99341188571414 25.2501412080737;67.78669444311701 21.71166110871212;70.24569554303666 18.59801013141828;73.2898425922897 16.05348399016171;76.818 14.239;78.35727293397056 13.02648025949823;82.25408393876273 12.36055915248157;86.205 12.493;89.78161224951842 11.56843288637117;93.41887106161508 13.01562498281537;93.43300000000001 16.035;96.49165658393308 18.56184414503828;98.9214472381874 21.6983396573176;100.6581003057681 25.26562929305834;101.6535634595514 29.1056897288514;101.8520950658515 33.06632520554319;];
cppContourInner{2} = [132.725 31.125; 130.8755846492832 34.69573017432408;127.7908974700062 37.23206366859172;124.6185704276184 39.6578672690486;121.362281076694 41.96973380194451;118.0273677609037 44.16663489621742;114.6178081049676 46.24579196287991;111.1382571033138 48.20553394701373;107.5929382921286 50.04359832062641;103.9863793394195 51.75837554509955;100.3229357603142 53.34797143875979;96.60681203739477 54.81016326847238;92.8423640272766 56.14299576976327;89.0339839066453 57.3445287999246;85.18606294508827 58.41265474257381;81.30310987839238 59.34539189901993;77.38967923464095 60.14058006791061;73.45049131124031 60.79632720295189;69.49032925337069 61.31040231491527;65.51422445928729 61.68153367291946;61.52736796000345 61.90997345559815;57.53490630023134 61.99662592871478;53.54186267327344 61.94251653857258;49.55315979256861 61.74853675043524;45.57362086785056 61.41578417456346;41.60800750247986 60.94523114925464;37.66100320854587 60.33799403633352;33.7373082426124 59.5948479411836;29.84153427943546 58.71697456502515;25.97835819725037 57.70520929125654;22.15245240410243 56.56052426207999;18.36852290871587 55.28387721840645;14.63137429504615 53.87612967805487;10.94578161584776 52.33842753511126;7.316656761768355 50.67179482304721;3.749042483284081 48.87723350384821;0.248 46.956;1.391 45.403;4.026 43.417;5.966401257230007 40.01963130219674;8.08643595187897 36.73143841820536;10.3772652687268 33.55992935201767;12.82992700378322 30.51189341573027;15.4358100169469 27.59380905253502;18.18623280018681 24.81157435760849;21.07280400218361 22.17088189457682;24.08741971015309 19.67738023867941;27.22203657930744 17.33652406757365;30.46877694517761 15.15384400291408;33.81983986747599 13.13497613787431;37.26735599261367 11.28560098574852;40.80336468109819 9.611593017897377;44.41968759914108 8.118928460032841;48.10784949670182 6.813733630556813;51.85895409941889 5.702163525812284;55.66358965527464 4.790287958578047;59.51177071053297 4.084044966109241;63.39304138209344 3.591078578997414;67.29512518896722 3.307339729551802;71.20670038822848 3.230192288221098;75.11695241083727 3.356681359962589;79.01553482104389 3.68362828570304;82.89250854526716 4.207783405484782;86.73826524595124 4.925902899534618;90.54344530341416 5.834785481514557;94.29882917401669 6.931376220262409;97.99526944171254 8.212683864229749;101.6236266164477 9.675723091090244;105.174513882638 11.31789451154098;108.6384442032392 13.13637991941069;112.0059159972003 15.12786121354619;115.2667344277875 17.28961499074815;118.4108800675918 19.6178483952359;121.4274993332966 22.10918183698937;124.306 24.759;127.6138642504952 25.05920110855406;130.252563073629 28.02203430439931;132.725 31.125;];
