radius = 10.46119823360294;
cppContour{1} = [1012.08 90.2627; 1012.773706938056 94.16995028306232;1013.428164154171 98.08396425602284;1014.053339634119 102.002749860172;1014.648517572574 105.9262159789888;1015.175362869275 109.5149022995204;1012.460386333914 111.8802796457726;1009.424642431058 114.4477902735437;1006.352989101845 116.9721421636332;1003.255894708493 119.46523522198;1000.131392057417 121.9239560994341;996.9845812012828 124.3540827662909;993.8156736633105 126.7553309762797;990.6221512715199 129.1237382991085;987.4084709692053 131.4647339107004;984.1776674842703 133.782042181302;980.9291493788738 136.0744443928799;977.6590844638717 138.3359969463784;974.3736570530558 140.5751846551623;971.0736818597543 142.7928666098159;967.7550861235399 144.9825831959148;964.4207510213676 147.1482658293493;961.0732940357381 149.2935865837194;957.709134973264 151.4126126180561;954.3293815218684 153.5067136002568;950.937081133159 155.5804213091931;947.5277160162681 157.6259400693041;944.104836102674 159.6487859616595;940.6685089298494 161.6486970769944;937.2155021243486 163.6196466125254;933.7494974041828 165.5676708879823;930.2693339934243 167.4902631152272;926.7722424913893 169.3818844862113;923.2628701585347 171.2506461895935;919.73834706245 173.0906513464443;916.1977656643004 174.899579328564;912.6443918454002 176.6832334491837;909.0745322976637 178.4336351431192;905.4891561835092 180.1520729711389;901.8897091828966 181.8408020355674;898.2725482565831 183.4912617229769;894.640397895129 185.1084991263671;890.993123986427 186.6912874173083;887.3273191805972 188.2306523542207;883.6460091447024 189.7325964113716;879.9488932929206 191.1951209446698;876.2317311196559 192.6058285648593;872.4983228335299 193.9730960842794;868.7494536038289 195.2973459689261;864.9784326611535 196.5570595386828;861.1900650703502 197.7637240775422;857.3857120240216 198.9189141956717;853.561493315039 200.0064320750568;849.7153189491963 201.0137291858547;845.8523078172092 201.9543738340452;841.9720365496933 202.8209740508283;838.0725854037235 203.5963932935962;834.153708568086 204.2668623725747;830.2194973084919 204.8400602745091;826.2712318040557 205.3058900685544;825.9503875529458 205.3338344339489;826.1801643159991 204.0105543979347;826.9291893705812 200.1612198623949;827.7518665261288 196.326930298695;828.6559999999999 192.511;827.7518665261288 196.326930298695;826.9291893705812 200.1612198623949;826.1801643159991 204.0105543979347;825.9503875529458 205.3338344339489;822.3107234322199 205.6508359190959;818.3406829806098 205.8587744191432;814.3655223933416 205.9065462553205;810.391107976493 205.804752982451;806.4203107901445 205.6038853975471;802.4540394595957 205.3272819574401;798.4936679300184 204.9760126770215;794.5402073407701 204.5539135881138;790.5953465408049 204.0578257921648;786.6595559177564 203.4943509890169;782.7340653580093 202.8631756405427;778.8194411505989 202.1679029513785;774.9165240331727 201.4097184037866;771.0259948713184 200.5903793770737;767.1481691536152 199.7130134819078;763.2833165373261 198.7801014424207;759.4317636862257 197.7936322748007;755.5934615007999 196.7567175134259;751.7684834840915 195.6716510824264;747.9565128919977 194.541706318807;744.15716113237 193.3700130092888;740.3704646929208 192.1580405461213;736.5962711293641 190.9076834867829;732.8337710785211 189.6225628152678;729.082805634539 188.3041550923805;725.3435745899393 186.9528268696591;721.6141639204839 185.5746259500582;717.8945235491875 184.1702637895939;714.1836701078024 182.7428439498204;710.4813437145119 181.2934510561435;706.7879556301592 179.8214277779113;703.1029794295979 178.3284651605368;699.4252634104002 176.8176923333096;695.7536827060641 175.2920665489894;692.0882744643779 173.7516714405152;688.4297565330296 172.1949833920208;684.7770139938207 170.6247886397282;681.1288468732794 169.0439901005859;677.4855578641458 167.4519839361162;673.8474096812355 165.8482641057865;670.2127846853936 164.2365700349046;666.5818383764108 162.6166072336142;662.9549471320095 160.9875840868082;659.3307743450039 159.3525219775196;658.004141374277 158.7512881940034;659.2821178060512 157.6726844040993;662.3704622958833 155.158165963359;665.5166766396579 152.7164496806968;668.736833309605 150.3732876158303;672.0597925352826 148.1790193802371;675.5132283176222 146.197451868921;679.0604636973906 144.3875037841138;682.6597848134816 142.6831180695227;686.2961623046749 141.0589551563384;689.6465438545868 139.6327565382161;689.6878929437876 139.6685494862621;692.6772359719041 142.2939373996811;695.6458112638676 144.9427816196897;698.587 147.622;695.6458112638676 144.9427816196897;692.6772359719041 142.2939373996811;689.6878929437876 139.6685494862621;689.6465438545868 139.6327565382161;689.9606336674327 139.4990540179587;693.6483539268811 137.9948567599995;697.3583888040805 136.5465234448814;701.0890000000001 135.152;697.3583888040805 136.5465234448814;689.2140000000001 133.282;686.1638572640089 130.7348462404631;683.0871412854762 128.2198521013095;679.9888634063414 125.7314695802111;676.871922157495 123.2665041269745;673.7374529353854 120.8238695162354;670.5872149765266 118.40161071511;667.421943736937 115.9990267056567;664.2421129696476 113.6157521269688;661.0476238189898 111.2521624264465;657.8389012144091 108.9079462395749;654.6154351991757 106.5840337717477;651.3788678482165 104.2784019328332;648.1273640529348 101.9938780491068;644.8617592278663 99.72955215356261;641.5828615405698 97.48451843611505;638.2894037869569 95.26090301428624;634.9807675454155 93.05994020056022;631.6577387468171 90.88077081565775;628.320731246893 88.72306745438955;624.9692213882835 86.58796046261818;621.6030781632887 84.47600227190823;618.2214285120699 82.38896594457539;614.8241618751427 80.3274500073767;611.4116456694466 78.29128328735658;607.9830479171746 76.28230588954206;604.5384566636325 74.30087120510527;601.0779631895041 72.34734552416751;597.6008874043066 70.4234878680528;594.1072611773658 68.52986129964356;590.5965085003031 66.66818676841766;587.0682960816894 64.8398388781691;583.5224541119658 63.04593285039623;579.9585770640771 61.28811969496579;576.3765435584457 59.56759947130276;572.7753286774798 57.88758923686421;569.1549053891562 56.24937489032094;565.5153879350274 54.65402773236032;561.8560848340809 53.1046005281639;558.1742759551177 51.60944794941713;554.4672930696363 50.17784135851295;550.7367733053572 48.80876532908938;546.9843852347898 47.5007998782834;543.2148273769481 46.24319737647619;539.429805026518 45.03296113301808;535.6302107105957 43.86935633414386;531.8174457350509 42.74957540556389;530.9152972585396 42.49448768763067;527.5114984179094 41.43734428953797;523.7008584511657 40.29377999502259;519.8794671987891 39.18669149913856;516.0481697315992 38.11432176081486;512.2082863062071 37.07309019831082;508.3605260621583 36.06134100610326;504.5054903981045 35.07766670872517;500.6436423667918 34.12108268084364;496.775486790203 33.19033464544684;492.9008148838313 32.28711076788293;489.0206138444604 31.40793382609148;485.1354320147739 30.55103265495824;481.2454850156856 29.71603156941819;477.3511149238046 28.90190760896364;473.4525984797839 28.10787911664463;469.5501088935017 27.33361910491834;465.6437596596572 26.57907202451392;461.7336612210194 25.84418069759095;457.820316797549 25.12677019379613;453.9038743276726 24.42646566398253;449.9844891207392 23.74282356349965;446.0623203968868 23.07533651501445;442.1372992234332 22.42484688352664;438.2096188496571 21.79060712318787;434.2795530410215 21.17131269325629;430.3472328968724 20.5664937952648;426.4126481099888 19.97658745875853;422.4758427415873 19.40168199561381;418.5370771772169 18.84036019155253;414.9 9.5273;419.1472447129622 2.066598436209548;422.559 0;419.1472447129622 2.066598436209548;415.7572863737833 4.168756032572685;412.3855348674804 6.299987967313001;409.0303656447797 8.457225555953583;405.6912375658562 10.63919443328751;402.3684608485564 12.84599722584349;399.0622909348145 15.07760392735426;397.5805865307458 16.09401277390455;