boundaryCurve{1} = [164.144, 402.828; 165.981, 402.001; 167.817, 401.171; 169.642, 400.317; 171.463, 399.455; 173.274, 398.572; 175.079, 397.676; 176.874, 396.762; 178.66, 395.829; 180.438, 394.881; 182.201, 393.907; 183.959, 392.922; 185.698, 391.904; 187.433, 390.88; 189.144, 389.816; 190.851, 388.746; 192.534, 387.638; 194.209, 386.519; 195.861, 385.366; 197.5, 384.195; 199.119, 382.995; 200.716, 381.767; 202.295, 380.515; 203.846, 379.229; 205.383, 377.927; 206.882, 376.582; 208.373, 375.227; 209.817, 373.821; 211.253, 372.408; 212.638, 370.945; 214.011, 369.47; 215.336, 367.952; 216.637, 366.415; 217.895, 364.841; 219.118, 363.241; 220.307, 361.614; 221.449, 359.954; 222.564, 358.277; 223.62, 356.561; 224.658, 354.834; 225.623, 353.065; 226.575, 351.29; 227.444, 349.472; 228.297, 347.647; 229.081, 345.791; 229.837, 343.924; 230.536, 342.034; 231.193, 340.13; 231.804, 338.21; 232.359, 336.274; 232.879, 334.327; 233.337, 332.366; 233.775, 330.399; 234.136, 328.417; 234.485, 326.433; 234.754, 324.436; 235.011, 322.438; 235.203, 320.432; 235.371, 318.425; 235.486, 316.413; 235.568, 314.401; 235.611, 312.386; 235.615, 310.372; 235.59, 308.357; 235.515, 306.344; 235.421, 304.331; 235.278, 302.322; 235.126, 300.312; 234.915, 298.309; 234.695, 296.306; 234.426, 294.309; 234.143, 292.315; 233.825, 290.325; 233.486, 288.339; 233.12, 286.358; 232.728, 284.382; 232.315, 282.41; 231.87, 280.445; 231.411, 278.483; 230.918, 276.529; 230.419, 274.577; 229.883, 272.635; 229.342, 270.695; 228.768, 268.763; 228.186, 266.834; 227.579, 264.913; 226.959, 262.996; 226.319, 261.085; 225.664, 259.18; 224.993, 257.28; 224.304, 255.387; 223.604, 253.498; 222.883, 251.617; 222.156, 249.737; 221.405, 247.868; 220.651, 246; 219.874, 244.141; 219.092, 242.284; 218.292, 240.435; 217.484, 238.589; 216.664, 236.749; 215.836, 234.912; ];
boundaryCurve{2} = [166.23, 393.262; 167.965, 394.291; 169.7, 395.319; 171.442, 396.336; 173.186, 397.35; 174.933, 398.356; 176.684, 399.358; 178.438, 400.353; 180.197, 401.342; 181.958, 402.324; 183.725, 403.297; 185.494, 404.266; 187.27, 405.222; 189.048, 406.175; 190.835, 407.108; 192.625, 408.039; 194.426, 408.947; 196.231, 409.846; 198.05, 410.719; 199.879, 411.568; 201.723, 412.385; 203.58, 413.172; 205.447, 413.934; 207.33, 414.657; 209.219, 415.363; 211.126, 416.022; 213.035, 416.672; 214.962, 417.269; 216.89, 417.858; 218.833, 418.401; 220.78, 418.927; 222.739, 419.408; 224.703, 419.864; 226.677, 420.28; ];
boundaryCurve{3} = [232.93, 431.084; 233.986, 432.803; 235.042, 434.521; 236.107, 436.235; 237.173, 437.948; 238.244, 439.657; 239.318, 441.365; 240.396, 443.071; 241.476, 444.774; 242.559, 446.476; 243.646, 448.176; 244.734, 449.874; 245.828, 451.57; 246.922, 453.265; 248.021, 454.956; 249.122, 456.647; 250.227, 458.335; 251.334, 460.021; 252.445, 461.705; 253.558, 463.388; 254.675, 465.068; 255.794, 466.746; 256.917, 468.422; 258.044, 470.096; 259.172, 471.768; 260.306, 473.436; 261.442, 475.104; 262.584, 476.767; 263.727, 478.429; 264.876, 480.088; 266.026, 481.745; 267.182, 483.398; 268.341, 485.049; 269.505, 486.697; 270.673, 488.342; 271.845, 489.984; 273.022, 491.622; 274.203, 493.258; 275.39, 494.889; 276.58, 496.518; 277.779, 498.14; 278.98, 499.761; 280.19, 501.375; 281.404, 502.987; 282.625, 504.593; 283.852, 506.195; 285.086, 507.791; 286.326, 509.381; 287.574, 510.967; 288.83, 512.545; 290.092, 514.119; 291.367, 515.683; 292.645, 517.244; 293.95, 518.782; 295.26, 520.316; 296.599, 521.825; 297.946, 523.327; 299.317, 524.807; 300.699, 526.276; 302.1, 527.728; 303.515, 529.165; 304.945, 530.589; 306.393, 531.993; 307.85, 533.388; 309.329, 534.761; 310.812, 536.128; 312.32, 537.468; 313.831, 538.805; 315.364, 540.116; 316.902, 541.421; 318.46, 542.704; 320.025, 543.976; 321.606, 545.229; 323.197, 546.469; 324.8, 547.695; 326.415, 548.903; 328.037, 550.102; 329.675, 551.28; 331.318, 552.452; 332.979, 553.596; 334.643, 554.737; 336.325, 555.85; 338.012, 556.957; 339.712, 558.042; 341.42, 559.116; 343.141, 560.169; 344.872, 561.205; 346.612, 562.226; 348.365, 563.225; 350.125, 564.21; 351.903, 565.162; 353.687, 566.104; 355.493, 567.004; ];
boundaryCurve{4} = [308.8, 415.298; 310.481, 416.381; 312.16, 417.469; 313.816, 418.591; 315.467, 419.72; 317.103, 420.872; 318.729, 422.037; 320.338, 423.225; 321.934, 424.431; 323.518, 425.653; 325.082, 426.9; 326.636, 428.16; 328.161, 429.454; 329.678, 430.758; 331.156, 432.107; 332.627, 433.462; 334.037, 434.881; 335.435, 436.311; 336.758, 437.812; 338.05, 439.337; 339.255, 440.934; 340.372, 442.588; 341.35, 444.334; 342.034, 446.189; 342.443, 448.147; 342.699, 450.128; 342.87, 452.121; 342.954, 454.119; 343.012, 456.118; 343.01, 458.119; 343, 460.119; 342.941, 462.119; 342.876, 464.118; 342.784, 466.116; 342.685, 468.114; 342.566, 470.111; 342.437, 472.107; 342.294, 474.103; 342.142, 476.097; 341.981, 478.091; 341.811, 480.085; 341.635, 482.077; 341.448, 484.069; 341.259, 486.06; 341.059, 488.051; 340.857, 490.041; 340.646, 492.03; 340.433, 494.019; 340.212, 496.008; 339.988, 497.995; 339.758, 499.983; 339.525, 501.969; 339.288, 503.956; 339.046, 505.942; 338.801, 507.927; 338.552, 509.912; 338.301, 511.896; 338.045, 513.88; 337.788, 515.864; 337.525, 517.847; 337.262, 519.83; 336.994, 521.813; 336.725, 523.795; 336.451, 525.777; 336.177, 527.758; 335.899, 529.739; 335.619, 531.72; 335.336, 533.7; 335.051, 535.68; 334.765, 537.66; 334.475, 539.64; 334.184, 541.619; 333.889, 543.597; 333.594, 545.576; 333.295, 547.554; 332.996, 549.532; 332.693, 551.509; 332.389, 553.486; 332.082, 555.463; 331.774, 557.44; 331.463, 559.416; 331.151, 561.392; 330.836, 563.367; 330.519, 565.342; 330.2, 567.317; 329.877, 569.291; 329.553, 571.265; 329.225, 573.239; ];
