segmentsStart = [164.144, 402.828; 164.144, 402.828; 215.836, 234.912; 215.836, 234.912; 166.23, 393.262; 166.23, 393.262; 226.677, 420.28; 226.677, 420.28; 232.93, 431.084; 232.93, 431.084; 355.493, 567.004; 308.8, 415.298; 308.8, 415.298; 641.873, 414.221; 641.873, 414.221; 521.831, 463.304; 521.831, 463.304; 813.648, 349.42; 813.648, 349.42; 683.58, 390.773; 683.58, 390.773; 403.006, 89.7818; 403.006, 89.7818; 167.747, 140.21; 167.747, 140.21; 585.506, 127.736; 585.506, 127.736; 591.368, 131.896; 591.368, 131.896; 551.183, 109.042; 551.183, 109.042; 1024.19, 101.145; 1024.19, 101.145; 302.651, 116.139; 302.651, 116.139; 414.9, 9.5273; 414.9, 9.5273; 644.395, 170.894; 644.395, 170.894; 645.33, 164.66; 645.33, 164.66; 687.327, 136.708; 687.327, 136.708; 371.232, 16.6938; 371.232, 16.6938; 689.214, 133.282; 689.214, 133.282; 14.1708, 325.309; 14.1708, 325.309; 219.173, 228.252; 219.173, 228.252; 164.974, 397.836; 164.974, 397.836; 246.682, 431.09; 246.682, 431.09; 226.677, 411.971; 226.677, 411.971; 348.405, 560.769; 348.405, 560.769; 5.72636, 331.334; 5.72636, 331.334; 21.0494, 286.968; 21.0494, 286.968; 13.8606, 333.104; 13.8606, 333.104; 118.91, 242.388; 118.91, 242.388; 100.116, 253.846; 100.116, 253.846; 121.102, 272.938; 121.102, 272.938; 139.021, 262.299; 139.021, 262.299; 328.395, 562.43; 328.395, 562.43; 945.387, 268.16; 983.736, 444.392; 983.736, 444.392; 951.95, 274.085; 951.95, 274.085; 978.418, 446.267; 978.418, 446.267; 947.888, 284.784; 947.888, 284.784; 1015.63, 105.54; 1015.63, 105.54; 951.324, 285.727; 951.324, 285.727; 795.31, 453.533; 795.31, 453.533; 632.724, 410.928; 632.724, 410.928; 801.767, 460.601; 747.784, 345.465; 751.115, 353.365; 751.115, 353.365; 772.376, 473.694; 772.376, 473.694; 779.46, 255.688; 779.46, 255.688; 302.756, 203.11; 302.756, 203.11; 813.648, 308.89; 813.648, 308.89; 953.721, 360.426; 953.721, 360.426; 816.775, 311.383; 816.775, 311.383; 955.602, 359.285; 955.602, 359.285; 835.329, 274.808; 835.329, 274.808; 918.703, 277.301; 918.703, 277.301; 840.952, 278.035; 840.952, 278.035; 924.321, 275.315; 924.321, 275.315; ];
segmentsEnd = [173.295, 405.436; 157.976, 409.19; 219.173, 228.252; 222.29, 239.717; 169.546, 400.357; 164.974, 397.836; 232.173, 422.532; 230.316, 419.025; 231.694, 427.449; 227.968, 426.453; 348.405, 560.769; 312.976, 421.86; 299.979, 412.968; 647.843, 413.944; 644.232, 412.406; 514.248, 457.629; 525.978, 455.442; 821.304, 350.23; 820.842, 346.336; 690.693, 392.191; 680.145, 397.911; 395.796, 89.1916; 411.735, 89.1814; 175.589, 141.839; 164.704, 146.752; 591.368, 131.896; 594.402, 129.253; 585.506, 127.736; 601.603, 132.626; 556.095, 115.456; 541.049, 110.195; 1032.5, 98.777; 1014.05, 102.003; 296.554, 119.894; 305.962, 107.008; 418.537, 18.8404; 419.147, 2.0666; 645.33, 164.66; 648.131, 161.915; 655.033, 161.288; 644.395, 170.894; 697.358, 136.547; 689.214, 133.282; 363.211, 12.4518; 379.05, 13.9879; 693.648, 137.995; 697.358, 136.547; 21.4018, 328.821; 5.72636, 331.334; 217.468, 238.553; 215.836, 234.912; 166.23, 393.262; 174.366, 398.027; 241.75, 439.91; 237.862, 432.99; 226.677, 420.28; 219.062, 418.463; 355.493, 567.004; 341.713, 559.295; 14.1708, 325.309; 13.8606, 333.104; 16.404, 280.436; 31.1248, 286.381; 5.72636, 331.334; 18.2903, 329.353; 115.975, 241.224; 112.341, 242.453; 106.114, 246.875; 102.893, 261.157; 129.969, 274.268; 111.078, 275.793; 137.637, 265.64; 138.665, 257.978; 331.812, 552.792; 329.869, 569.337; 951.95, 274.085; 978.418, 446.267; 982.188, 435.145; 954.499, 279.916; 945.387, 268.16; 984.394, 440.447; 983.736, 444.392; 952.795, 277.598; 951.324, 285.727; 1024.19, 101.145; 1013.43, 98.084; 947.888, 284.784; 959.763, 287.366; 801.767, 460.601; 786.385, 457.468; 626.283, 404.467; 640.628, 410.851; 795.31, 453.533; 751.115, 353.365; 747.784, 345.465; 751.553, 361.934; 776.112, 465.95; 774.006, 481.518; 771.416, 252.097; 787.296, 253.913; 295.739, 201.222; 311.51, 198.684; 820.71, 312.048; 816.775, 311.383; 945.946, 354.764; 955.602, 359.285; 813.648, 308.89; 825.822, 316.328; 953.721, 360.426; 947.312, 355.705; 844.919, 277.806; 840.952, 278.035; 908.469, 276.444; 924.321, 275.315; 835.329, 274.808; 845.282, 286.988; 918.703, 277.301; 914.732, 277.433; ];
