boundaryCurve{1} = [29.1, 126.2; 30.8418, 126.774; 32.5871, 127.348; 34.3361, 127.921; 36.0886, 128.494; 37.8447, 129.066; 39.6044, 129.638; 41.3677, 130.209; 43.1346, 130.78; 44.905, 131.35; 46.679, 131.92; 48.4565, 132.489; 50.2376, 133.058; 52.0223, 133.626; 53.8106, 134.193; 55.6023, 134.76; 57.3977, 135.326; 59.1966, 135.892; 60.999, 136.457; 62.805, 137.021; 64.6145, 137.585; 66.4275, 138.148; 68.2441, 138.711; 70.0642, 139.273; 71.8879, 139.834; 73.715, 140.394; 75.5457, 140.954; 77.3799, 141.513; 79.2177, 142.072; 81.0589, 142.63; 82.9037, 143.187; 84.7519, 143.743; 86.6037, 144.299; 88.459, 144.854; 90.3177, 145.408; 92.18, 145.961; 94.0458, 146.514; 95.915, 147.066; 97.7878, 147.617; 99.664, 148.167; 101.544, 148.717; 103.427, 149.266; 105.314, 149.813; 107.204, 150.361; 109.097, 150.907; 110.994, 151.452; 112.895, 151.997; 114.799, 152.54; 116.706, 153.083; 118.617, 153.625; 120.532, 154.166; 122.45, 154.707; 124.371, 155.246; 126.296, 155.784; 128.224, 156.322; 130.155, 156.858; 132.09, 157.394; 134.029, 157.929; 135.971, 158.462; 137.916, 158.995; 139.865, 159.527; 141.817, 160.058; 143.773, 160.588; 145.732, 161.117; 147.694, 161.644; 149.66, 162.171; 151.629, 162.697; 153.602, 163.222; 155.578, 163.746; 157.557, 164.268; 159.54, 164.79; 161.527, 165.311; 163.516, 165.83; 165.509, 166.349; 167.506, 166.866; 169.505, 167.383; 171.509, 167.898; 173.515, 168.412; 175.525, 168.925; 177.538, 169.437; 179.555, 169.947; 181.575, 170.457; 183.599, 170.965; 185.625, 171.472; 187.656, 171.978; 189.689, 172.483; 191.726, 172.987; 193.766, 173.49; 195.81, 173.991; 197.856, 174.491; 199.907, 174.99; 201.96, 175.487; 204.017, 175.984; 206.077, 176.479; 208.141, 176.973; 210.208, 177.465; 212.278, 177.957; 214.351, 178.447; 216.428, 178.936; 218.508, 179.423; 220.592, 179.909; 222.679, 180.394; 224.769, 180.877; 226.862, 181.36; 228.959, 181.84; 231.059, 182.32; 233.162, 182.798; 235.269, 183.275; 237.378, 183.75; 239.495, 184.225; 241.609, 184.697; 243.722, 185.166; 245.831, 185.633; 247.939, 186.097; 250.044, 186.558; 252.147, 187.017; 254.247, 187.474; 256.345, 187.927; 258.44, 188.379; 260.534, 188.827; 262.624, 189.273; 264.712, 189.717; 266.798, 190.158; 268.882, 190.596; 270.963, 191.032; 273.041, 191.465; 275.117, 191.896; 277.191, 192.324; 279.262, 192.75; 281.33, 193.173; 283.396, 193.594; 285.46, 194.012; 287.521, 194.428; 289.58, 194.841; 291.636, 195.252; 293.689, 195.66; 295.74, 196.066; 297.789, 196.469; 299.835, 196.87; 301.878, 197.268; 303.919, 197.664; 305.958, 198.058; 307.993, 198.449; 310.027, 198.838; 312.057, 199.224; 314.085, 199.608; 316.111, 199.989; 318.134, 200.368; 320.154, 200.745; 322.172, 201.119; 324.187, 201.491; 326.199, 201.861; 328.209, 202.228; 330.217, 202.592; 332.221, 202.955; 334.223, 203.315; 336.222, 203.673; 338.219, 204.028; 340.213, 204.381; 342.204, 204.732; 344.193, 205.08; 346.179, 205.427; 348.162, 205.77; 350.143, 206.112; 352.121, 206.451; 354.096, 206.788; 356.069, 207.123; 358.038, 207.455; 360.005, 207.785; 361.97, 208.113; 363.931, 208.439; 365.89, 208.762; 367.846, 209.083; 369.8, 209.402; 371.75, 209.719; 373.698, 210.033; 375.643, 210.345; 377.585, 210.655; 379.525, 210.963; 381.462, 211.269; 383.396, 211.572; 385.327, 211.873; 387.255, 212.172; 389.18, 212.469; 391.103, 212.764; 393.023, 213.056; 394.94, 213.347; 396.854, 213.635; 398.765, 213.921; 400.674, 214.205; 402.579, 214.487; 404.482, 214.766; 406.382, 215.044; 408.279, 215.319; 410.173, 215.593; 412.064, 215.864; 413.952, 216.133; 415.838, 216.4; 417.72, 216.665; 419.6, 216.928; 421.477, 217.189; 423.35, 217.448; 425.221, 217.704; 427.089, 217.959; 428.954, 218.212; 430.816, 218.462; 432.675, 218.711; 434.531, 218.957; 436.384, 219.202; 438.234, 219.444; 440.081, 219.685; 441.925, 219.923; 443.766, 220.16; 445.604, 220.394; 447.439, 220.627; 449.271, 220.858; 451.1, 221.086; 452.926, 221.313; 454.749, 221.538; 456.569, 221.76; 458.386, 221.981; 460.2, 222.2; ];
boundaryCurve{2} = [48.9, 163; 50.7029, 163.341; 52.5092, 163.681; 54.3191, 164.02; 56.1324, 164.358; 57.9492, 164.696; 59.7695, 165.032; 61.5933, 165.368; 63.4205, 165.702; 65.2511, 166.036; 67.0852, 166.368; 68.9228, 166.7; 70.7638, 167.031; 72.6082, 167.361; 74.4561, 167.689; 76.3074, 168.017; 78.1622, 168.344; 80.0203, 168.67; 81.8819, 168.994; 83.7469, 169.318; 85.6153, 169.64; 87.4872, 169.962; 89.3624, 170.283; 91.241, 170.602; 93.123, 170.92; 95.0084, 171.238; 96.8972, 171.554; 98.7893, 171.869; 100.685, 172.183; 102.584, 172.496; 104.486, 172.807; 106.392, 173.118; 108.301, 173.427; 110.213, 173.735; 112.129, 174.042; 114.048, 174.348; 115.97, 174.653; 117.896, 174.956; 119.825, 175.259; 121.757, 175.56; 123.693, 175.86; 125.632, 176.158; 127.574, 176.456; 129.52, 176.752; 131.469, 177.047; 133.421, 177.34; 135.377, 177.632; 137.336, 177.923; 139.298, 178.213; 141.263, 178.502; 143.232, 178.789; 145.204, 179.074; 147.18, 179.359; 149.158, 179.642; 151.14, 179.924; 153.125, 180.204; 155.113, 180.483; 157.105, 180.761; 159.1, 181.037; 161.098, 181.312; 163.099, 181.585; 165.104, 181.857; 167.111, 182.128; 169.122, 182.397; 171.137, 182.665; 173.154, 182.931; 175.175, 183.196; 177.199, 183.459; 179.226, 183.721; 181.256, 183.981; 183.289, 184.24; 185.326, 184.498; 187.366, 184.754; 189.409, 185.008; 191.455, 185.261; 193.505, 185.512; 195.557, 185.762; 197.613, 186.01; 199.672, 186.257; 201.734, 186.502; 203.799, 186.745; 205.867, 186.987; 207.939, 187.227; 210.014, 187.466; 212.091, 187.703; 214.172, 187.938; 216.256, 188.172; 218.344, 188.404; 220.434, 188.634; 222.527, 188.863; 224.624, 189.09; 226.723, 189.316; 228.826, 189.539; 230.932, 189.761; 233.041, 189.982; 235.153, 190.2; 237.268, 190.417; 239.386, 190.632; 241.507, 190.845; 243.632, 191.057; 245.759, 191.267; 247.889, 191.475; 250.023, 191.681; 252.16, 191.886; 254.299, 192.088; 256.442, 192.289; 258.587, 192.488; 260.736, 192.685; 262.888, 192.881; 265.049, 193.076; 267.208, 193.27; 269.364, 193.46; 271.518, 193.649; 273.669, 193.835; 275.817, 194.019; 277.962, 194.2; 280.105, 194.379; 282.245, 194.556; 284.382, 194.731; 286.516, 194.903; 288.648, 195.073; 290.777, 195.24; 292.902, 195.405; 295.026, 195.568; 297.146, 195.729; 299.264, 195.888; 301.378, 196.044; 303.49, 196.198; 305.599, 196.349; 307.706, 196.499; 309.809, 196.646; 311.91, 196.791; 314.008, 196.934; 316.102, 197.075; 318.195, 197.213; 320.284, 197.349; 322.37, 197.484; 324.454, 197.616; 326.535, 197.745; 328.612, 197.873; 330.687, 197.999; 332.759, 198.122; 334.829, 198.243; 336.895, 198.363; 338.958, 198.48; 341.019, 198.595; 343.076, 198.708; 345.131, 198.819; 347.183, 198.928; 349.232, 199.034; 351.278, 199.139; 353.321, 199.242; 355.361, 199.342; 357.398, 199.441; 359.433, 199.538; 361.464, 199.632; 363.492, 199.725; 365.518, 199.816; 367.54, 199.905; 369.56, 199.991; 371.576, 200.076; 373.59, 200.159; 375.6, 200.24; 377.608, 200.319; 379.613, 200.396; 381.614, 200.471; 383.613, 200.544; 385.609, 200.616; 387.601, 200.685; 389.591, 200.753; 391.578, 200.819; 393.561, 200.882; 395.542, 200.944; 397.52, 201.005; 399.494, 201.063; 401.466, 201.12; 403.434, 201.174; 405.4, 201.227; 407.362, 201.278; 409.322, 201.328; 411.278, 201.375; 413.231, 201.421; 415.181, 201.465; 417.129, 201.507; 419.073, 201.548; 421.014, 201.586; 422.951, 201.624; 424.886, 201.659; 426.818, 201.692; 428.747, 201.724; 430.672, 201.755; 432.595, 201.783; 434.514, 201.81; 436.43, 201.835; 438.343, 201.859; 440.253, 201.881; 442.16, 201.901; 444.064, 201.92; 445.964, 201.937; 447.862, 201.952; 449.756, 201.966; 451.647, 201.978; 453.535, 201.989; 455.42, 201.998; 457.301, 202.005; 459.18, 202.011; 461.055, 202.015; 462.927, 202.018; 464.796, 202.019; 466.662, 202.019; 468.524, 202.017; 470.384, 202.014; 472.24, 202.009; 474.093, 202.003; 475.942, 201.995; 477.789, 201.986; 479.632, 201.975; 481.472, 201.963; 483.309, 201.949; 485.143, 201.934; 486.973, 201.918; 488.8, 201.9; ];
openCurve = [true true ];
