boundaryCurve{1} = [446.546, 214.538; 446.756, 216.265; 446.43, 218.089; 445.649, 219.95; 444.496, 221.784; 443.051, 223.531; 441.421, 225.106; 439.837, 226.373; 438.167, 227.505; 436.422, 228.51; 434.614, 229.398; 432.756, 230.176; 430.858, 230.855; 428.933, 231.443; 426.992, 231.948; 425.037, 232.373; 423.072, 232.719; 421.098, 232.986; 419.117, 233.175; 417.131, 233.288; 415.144, 233.325; 413.156, 233.288; 411.169, 233.177; 409.187, 232.993; 407.212, 232.737; 405.244, 232.41; 403.288, 232.014; 401.343, 231.549; 399.414, 231.016; 397.502, 230.416; 395.609, 229.751; 393.737, 229.02; 391.889, 228.226; 390.066, 227.369; 388.271, 226.45; 386.506, 225.47; 384.773, 224.43; 383.074, 223.331; 381.411, 222.174; 379.787, 220.96; 378.204, 219.69; 376.664, 218.365; 375.168, 216.987; 373.72, 215.555; 372.321, 214.071; 370.973, 212.536; 369.679, 210.95; 368.441, 209.316; 367.261, 207.634; 366.14, 205.904; 365.082, 204.128; 364.432, 202.253; 365.168, 200.188; 365.993, 198.182; 366.903, 196.237; 367.897, 194.354; 368.969, 192.536; 370.116, 190.783; 371.335, 189.097; 372.623, 187.481; 373.976, 185.935; 375.391, 184.462; 376.864, 183.063; 378.392, 181.739; 379.971, 180.494; 381.598, 179.328; 383.27, 178.242; 384.982, 177.24; 386.732, 176.321; 388.516, 175.489; 390.332, 174.744; 392.174, 174.089; 394.04, 173.525; 395.926, 173.054; 397.83, 172.677; 399.747, 172.397; 401.674, 172.214; 403.608, 172.131; 405.545, 172.149; 407.481, 172.27; 409.414, 172.496; 411.358, 172.831; 413.279, 173.27; 415.173, 173.811; 417.038, 174.449; 418.87, 175.182; 420.667, 176.007; 422.425, 176.92; 424.143, 177.918; 425.816, 178.998; 427.443, 180.157; 429.02, 181.392; 430.545, 182.699; 432.015, 184.076; 433.426, 185.519; 434.777, 187.025; 436.064, 188.591; 437.285, 190.214; 438.437, 191.89; 439.516, 193.617; 440.52, 195.392; 441.447, 197.21; 442.293, 199.07; 443.055, 200.967; 443.731, 202.899; 444.319, 204.863; 444.814, 206.855; 445.214, 208.872; 445.517, 210.912; 445.72, 212.97; ];
boundaryCurve{2} = [390.31, 169.2; 389.091, 167.633; 387.898, 166.044; 386.732, 164.435; 385.592, 162.804; 384.479, 161.153; 383.392, 159.483; 382.333, 157.793; 381.302, 156.085; 380.298, 154.359; 379.322, 152.615; 378.374, 150.855; 377.454, 149.077; 376.563, 147.284; 375.701, 145.476; 374.867, 143.652; 374.063, 141.814; 373.287, 139.963; 372.542, 138.098; 371.826, 136.22; 371.14, 134.33; 370.484, 132.428; 369.859, 130.515; 369.264, 128.591; 368.7, 126.658; 368.167, 124.714; 367.666, 122.762; 367.196, 120.801; 366.757, 118.832; 366.35, 116.855; 365.976, 114.872; 365.634, 112.882; 365.324, 110.886; 365.047, 108.884; 364.803, 106.878; 364.592, 104.868; 364.421, 102.851; 364.314, 100.815; 364.298, 98.7747; 364.397, 96.7493; 364.64, 94.757; 365.051, 92.8161; 365.657, 90.9449; 366.484, 89.1618; 367.562, 87.4759; 368.835, 85.936; 370.239, 84.5109; 371.718, 83.1517; 373.214, 81.8096; 374.676, 80.4333; 376.099, 78.9982; 377.494, 77.5257; 378.877, 76.0386; 380.264, 74.5596; 381.671, 73.1117; 383.113, 71.7176; 384.606, 70.4003; 386.164, 69.1824; 387.804, 68.087; 389.549, 67.1322; 391.393, 66.3429; 393.296, 65.728; 395.245, 65.2748; 397.227, 64.9705; 399.228, 64.8022; 401.235, 64.7573; 403.216, 64.8196; 405.171, 64.9794; 407.107, 65.2353; 409.024, 65.5846; 410.92, 66.0247; 412.793, 66.5529; 414.643, 67.1667; 416.466, 67.8634; 418.263, 68.6403; 420.032, 69.4949; 421.77, 70.4245; 423.477, 71.4264; 425.15, 72.4981; 426.789, 73.6369; 428.392, 74.8402; 429.958, 76.1053; 431.484, 77.4296; 432.97, 78.8105; 434.413, 80.2453; 435.813, 81.7314; 437.168, 83.2662; 438.477, 84.8471; 439.737, 86.4714; 440.947, 88.1364; 442.106, 89.8396; 443.213, 91.5783; 444.265, 93.35; 445.262, 95.1518; 446.202, 96.9813; 447.073, 98.8127; 447.879, 100.65; 448.616, 102.52; 449.268, 104.421; 449.819, 106.35; 450.25, 108.306; 450.547, 110.285; 450.691, 112.285; 450.671, 114.292; 450.497, 116.284; 450.191, 118.259; 449.774, 120.219; 449.267, 122.163; 448.692, 124.091; 448.07, 126.003; 447.42, 127.904; 446.756, 129.805; 446.077, 131.701; 445.385, 133.591; 444.68, 135.475; 443.96, 137.354; 443.227, 139.226; 442.48, 141.093; 441.72, 142.954; 440.947, 144.808; 440.16, 146.656; 439.359, 148.498; 438.546, 150.333; 437.719, 152.162; 436.878, 153.984; 436.025, 155.799; 435.159, 157.608; 434.279, 159.409; 433.386, 161.203; 432.48, 162.99; 431.562, 164.77; 430.63, 166.543; 429.686, 168.307; 428.728, 170.065; 427.758, 171.814; 426.775, 173.556; 425.78, 175.29; ];
boundaryCurve{3} = [442.03, 193.39; 443.57, 192.078; 445.119, 190.779; 446.678, 189.493; 448.247, 188.219; 449.825, 186.959; 451.413, 185.712; 453.01, 184.479; 454.616, 183.258; 456.231, 182.052; 457.856, 180.858; 459.489, 179.678; 461.131, 178.512; 462.782, 177.359; 464.441, 176.22; 466.109, 175.094; 467.785, 173.983; 469.469, 172.886; 471.162, 171.802; 472.863, 170.732; 474.571, 169.677; 476.288, 168.636; 478.012, 167.609; 479.744, 166.596; 481.483, 165.598; 483.23, 164.614; 484.984, 163.645; 486.745, 162.69; 488.514, 161.75; 490.289, 160.824; 492.071, 159.914; 493.861, 159.018; 495.656, 158.137; 497.466, 157.268; 499.294, 156.419; 501.139, 155.606; 503.003, 154.845; 504.888, 154.154; 506.799, 153.547; 508.74, 153.041; 510.708, 152.645; 512.691, 152.35; 514.685, 152.145; 516.688, 152.018; 518.698, 151.957; 520.711, 151.951; 522.726, 151.989; 524.74, 152.058; 526.75, 152.147; 528.756, 152.255; 530.774, 152.385; 532.798, 152.543; 534.825, 152.735; 536.849, 152.965; 538.867, 153.24; 540.873, 153.565; 542.864, 153.945; 544.833, 154.386; 546.778, 154.893; 548.693, 155.472; 550.573, 156.129; 552.415, 156.868; 554.212, 157.696; 555.962, 158.618; 557.659, 159.639; 559.299, 160.764; 560.876, 162; 562.388, 163.352; 563.566, 164.953; 563.23, 166.874; 562.416, 168.682; 561.846, 170.513; 561.504, 172.372; 561.365, 174.257; 561.407, 176.166; 561.606, 178.095; 561.939, 180.043; 562.384, 182.008; 562.916, 183.986; 563.514, 185.976; 564.153, 187.976; 564.811, 189.981; 565.464, 191.991; 566.09, 194.003; 566.666, 196.015; 567.167, 198.023; 567.572, 200.027; 567.856, 202.022; 567.998, 204.007; 567.973, 205.98; 567.759, 207.938; 567.332, 209.878; 566.678, 211.782; 565.832, 213.598; 564.835, 215.338; 563.724, 217.017; 562.541, 218.648; 561.326, 220.245; 560.073, 221.863; 558.787, 223.486; 557.468, 225.097; 556.112, 226.683; 554.718, 228.227; 553.282, 229.716; 551.803, 231.134; 550.278, 232.468; 548.704, 233.701; 547.078, 234.82; 545.399, 235.81; 543.663, 236.657; 541.869, 237.344; 540.013, 237.858; 538.093, 238.185; 536.1, 238.312; 534.099, 238.249; 532.1, 238.04; 530.108, 237.732; 528.124, 237.371; 526.147, 237.002; 524.171, 236.632; 522.194, 236.262; 520.217, 235.892; 518.24, 235.522; 516.263, 235.151; 514.285, 234.781; 512.308, 234.41; 510.331, 234.04; 508.354, 233.67; 506.377, 233.299; 504.4, 232.929; 502.423, 232.559; 500.446, 232.19; 498.47, 231.82; ];
