boundaryCurve{1} = [393.48, 290.29; 393.448, 288.271; 393.445, 286.255; 393.471, 284.242; 393.525, 282.232; 393.607, 280.225; 393.716, 278.221; 393.853, 276.22; 394.017, 274.223; 394.208, 272.229; 394.426, 270.24; 394.67, 268.254; 394.94, 266.272; 395.236, 264.295; 395.557, 262.322; 395.904, 260.354; 396.276, 258.39; 396.673, 256.432; 397.094, 254.478; 397.539, 252.529; 398.008, 250.586; 398.501, 248.648; 399.017, 246.716; 399.557, 244.79; 400.119, 242.87; 400.704, 240.955; 401.311, 239.047; 401.941, 237.145; 402.592, 235.25; 403.264, 233.361; 403.958, 231.479; 404.673, 229.605; 405.409, 227.737; 406.165, 225.876; 406.941, 224.023; 407.738, 222.178; 408.553, 220.34; 409.389, 218.51; 410.243, 216.688; 411.116, 214.874; 412.008, 213.069; 412.918, 211.272; 413.846, 209.484; 414.792, 207.704; 415.756, 205.933; 416.736, 204.172; 417.734, 202.419; 418.749, 200.676; 419.779, 198.943; 420.826, 197.219; 421.889, 195.505; 422.968, 193.801; 424.061, 192.107; 425.17, 190.423; 426.294, 188.75; 427.433, 187.087; 428.585, 185.435; 429.752, 183.794; 430.932, 182.163; 432.126, 180.544; 433.333, 178.937; 434.553, 177.34; 435.786, 175.756; 437.031, 174.183; 438.288, 172.622; 439.557, 171.073; 440.838, 169.536; 442.13, 168.012; 443.433, 166.5; 444.747, 165.001; 446.082, 163.503; 447.444, 162.002; 448.824, 160.512; 450.223, 159.036; 451.641, 157.577; 453.079, 156.137; 454.537, 154.719; 456.017, 153.327; 457.518, 151.962; 459.04, 150.628; 460.586, 149.327; 462.155, 148.063; 463.747, 146.838; 465.364, 145.654; 467.005, 144.516; 468.672, 143.425; 470.365, 142.385; 472.085, 141.398; 473.831, 140.466; 475.605, 139.594; 477.407, 138.784; 479.238, 138.038; 481.098, 137.359; 482.988, 136.75; 484.925, 136.218; 486.894, 135.78; 488.888, 135.437; 490.9, 135.19; 492.925, 135.038; 494.955, 134.982; 496.985, 135.023; 499.009, 135.162; 501.02, 135.397; 503.012, 135.731; 504.978, 136.163; 506.914, 136.694; 508.811, 137.324; 510.665, 138.054; 512.469, 138.883; 514.216, 139.814; 515.901, 140.845; 517.517, 141.977; 519.057, 143.211; 520.517, 144.547; 521.889, 145.986; 523.167, 147.528; 524.346, 149.174; 525.4, 150.89; 526.322, 152.641; 527.129, 154.44; 527.827, 156.283; 528.422, 158.165; 528.919, 160.082; 529.324, 162.029; 529.641, 164.003; 529.877, 165.998; 530.038, 168.01; 530.127, 170.036; 530.152, 172.069; 530.117, 174.107; 530.028, 176.144; 529.89, 178.176; 529.709, 180.2; 529.491, 182.209; 529.241, 184.208; 528.963, 186.202; 528.66, 188.191; 528.331, 190.176; 527.976, 192.155; 527.597, 194.129; 527.192, 196.097; 526.763, 198.06; 526.31, 200.017; 525.833, 201.968; 525.332, 203.912; 524.808, 205.851; 524.261, 207.783; 523.692, 209.709; 523.101, 211.628; 522.487, 213.54; 521.852, 215.445; 521.196, 217.343; 520.519, 219.233; 519.821, 221.116; 519.102, 222.992; 518.364, 224.86; 517.606, 226.719; 516.829, 228.571; 516.033, 230.415; 515.217, 232.25; 514.384, 234.077; 513.532, 235.895; 512.663, 237.704; 511.776, 239.505; 510.872, 241.296; 509.952, 243.078; 509.015, 244.851; 508.061, 246.614; 507.092, 248.367; 506.108, 250.111; 505.108, 251.844; 504.093, 253.567; 503.062, 255.284; 502.009, 257.002; 500.942, 258.71; 499.861, 260.409; 498.767, 262.098; 497.659, 263.777; 496.538, 265.447; 495.404, 267.108; 494.258, 268.759; 493.1, 270.401; 491.929, 272.034; 490.747, 273.658; 489.553, 275.273; 488.348, 276.879; 487.131, 278.477; 485.904, 280.066; 484.667, 281.647; 483.419, 283.22; 482.161, 284.784; 480.893, 286.341; 479.616, 287.889; 478.33, 289.43; 477.034, 290.963; 475.73, 292.488; 474.417, 294.006; 473.097, 295.517; 471.768, 297.02; 470.431, 298.516; 469.087, 300.005; 467.736, 301.487; 466.377, 302.962; 465.012, 304.43; 463.641, 305.892; 462.263, 307.347; 460.879, 308.796; 459.49, 310.239; 458.095, 311.675; 456.695, 313.106; 455.29, 314.53; ];
boundaryCurve{2} = [363.04, 324.51; 361.639, 325.913; 360.275, 327.353; 358.95, 328.83; 357.663, 330.342; 356.414, 331.889; 355.205, 333.469; 354.035, 335.08; 352.906, 336.722; 351.817, 338.393; 350.769, 340.092; 349.762, 341.818; 348.797, 343.57; 347.874, 345.346; 346.994, 347.145; 346.157, 348.966; 345.364, 350.809; 344.614, 352.67; 343.909, 354.55; 343.249, 356.448; 342.634, 358.361; 342.064, 360.289; 341.541, 362.23; 341.064, 364.184; 340.633, 366.149; 340.251, 368.124; 339.916, 370.107; 339.629, 372.098; 339.391, 374.095; 339.202, 376.096; 339.062, 378.102; 338.973, 380.111; 338.934, 382.12; 338.945, 384.13; 339.008, 386.139; 339.122, 388.145; 339.289, 390.148; 339.507, 392.146; 339.779, 394.139; 340.104, 396.124; 340.483, 398.101; 340.92, 400.079; 341.414, 402.052; 341.962, 404.008; 342.564, 405.947; 343.218, 407.867; 343.924, 409.768; 344.68, 411.648; 345.486, 413.506; 346.341, 415.34; 347.243, 417.151; 348.192, 418.936; 349.187, 420.695; 350.227, 422.426; 351.311, 424.129; 352.438, 425.802; 353.606, 427.444; 354.816, 429.054; 356.066, 430.631; 357.355, 432.174; 358.683, 433.681; 360.047, 435.152; 361.448, 436.585; 362.885, 437.98; 364.355, 439.335; 365.86, 440.649; 367.397, 441.921; 368.965, 443.15; 370.564, 444.335; 372.193, 445.474; 373.85, 446.567; 375.536, 447.612; 377.248, 448.609; 378.986, 449.556; 380.749, 450.452; 382.536, 451.296; 384.346, 452.086; 386.178, 452.823; 388.032, 453.504; 389.905, 454.129; 391.798, 454.696; 393.721, 455.206; 395.668, 455.657; 397.625, 456.045; 399.593, 456.371; 401.568, 456.635; 403.55, 456.839; 405.537, 456.982; 407.527, 457.064; 409.519, 457.087; 411.511, 457.051; 413.502, 456.957; 415.49, 456.803; 417.474, 456.593; 419.451, 456.324; 421.421, 455.999; 423.381, 455.618; 425.331, 455.18; 427.268, 454.688; 429.191, 454.14; 431.099, 453.538; 432.989, 452.881; 434.861, 452.171; 436.713, 451.408; 438.543, 450.593; 440.349, 449.725; 442.13, 448.805; 443.885, 447.835; 445.611, 446.813; 447.308, 445.741; 448.973, 444.62; 450.606, 443.449; 452.204, 442.229; 453.765, 440.96; 455.29, 439.644; 456.775, 438.28; 458.219, 436.869; 459.621, 435.412; 460.979, 433.909; 462.291, 432.36; 463.556, 430.766; 464.743, 429.167; 465.879, 427.532; 466.964, 425.861; 467.997, 424.156; 468.977, 422.42; 469.906, 420.653; 470.783, 418.858; 471.607, 417.037; 472.379, 415.191; 473.098, 413.321; 473.764, 411.431; 474.377, 409.52; 474.936, 407.591; 475.443, 405.647; 475.895, 403.688; 476.294, 401.715; 476.639, 399.732; 476.929, 397.74; 477.165, 395.74; 477.347, 393.734; 477.474, 391.724; 477.546, 389.712; 477.563, 387.699; 477.525, 385.687; 477.431, 383.678; 477.282, 381.673; 477.077, 379.674; 476.816, 377.684; 476.499, 375.703; 476.126, 373.734; 475.696, 371.778; 475.209, 369.836; 474.666, 367.912; 474.066, 366.006; 473.408, 364.119; 472.693, 362.255; 471.921, 360.414; 471.09, 358.598; 470.202, 356.81; 469.256, 355.05; 468.239, 353.3; 467.155, 351.573; 466.015, 349.887; 464.821, 348.243; 463.576, 346.642; 462.28, 345.085; 460.935, 343.573; 459.544, 342.107; 458.108, 340.686; 456.628, 339.313; 455.108, 337.988; 453.547, 336.713; 451.949, 335.487; 450.315, 334.311; 448.646, 333.187; 446.946, 332.116; 445.214, 331.098; 443.454, 330.134; 441.666, 329.225; 439.853, 328.372; 438.016, 327.575; 436.158, 326.836; 434.28, 326.156; 432.384, 325.534; 430.471, 324.973; 428.543, 324.473; 426.603, 324.034; 424.651, 323.659; 422.691, 323.346; 420.722, 323.098; 418.749, 322.916; 416.771, 322.799; 414.791, 322.75; 412.81, 322.768; 410.831, 322.855; 408.856, 323.012; 406.885, 323.239; 404.921, 323.537; 402.965, 323.907; 401.02, 324.35; ];
