boundaryCurve{1} = [163.37, 172.8; 161.455, 173.079; 160.153, 174.62; 158.911, 176.21; 157.716, 177.836; 156.617, 179.528; 155.584, 181.26; 154.606, 183.025; 153.739, 184.846; 152.945, 186.7; 152.217, 188.582; 151.625, 190.511; 151.126, 192.464; 150.712, 194.438; 150.452, 196.439; 150.316, 198.451; 150.285, 200.467; 150.416, 202.48; 150.71, 204.474; 151.124, 206.447; 151.695, 208.382; 152.439, 210.255; 153.311, 212.07; 154.356, 213.796; 155.638, 215.349; 157.052, 216.778; 158.63, 218.036; 160.384, 219.027; 162.215, 219.858; 164.125, 220.51; 166.104, 220.894; 168.103, 221.131; 170.12, 221.205; 172.13, 221.04; 174.124, 220.757; 176.102, 220.354; 178.031, 219.765; 179.931, 219.09; 181.799, 218.327; 183.602, 217.422; 185.374, 216.459; 187.114, 215.437; 188.782, 214.301; 190.411, 213.112; 192.003, 211.872; 193.518, 210.539; 194.985, 209.155; 196.407, 207.724; 197.747, 206.215; 199.032, 204.661; 200.269, 203.067; 201.417, 201.408; 202.507, 199.711; 203.545, 197.981; 204.488, 196.197; 205.359, 194.378; 206.172, 192.531; 206.886, 190.644; 207.525, 188.731; 208.105, 186.799; 208.59, 184.84; ];
boundaryCurve{2} = [209.87, 186.9; 209.303, 188.82; 208.663, 190.715; 207.948, 192.585; 207.084, 194.392; 206.154, 196.163; 205.157, 197.899; 204.034, 199.556; 202.85, 201.169; 201.606, 202.737; 200.255, 204.214; 198.85, 205.639; 197.392, 207.011; 195.847, 208.283; 194.254, 209.494; 192.617, 210.646; 190.902, 211.68; 189.151, 212.648; 187.366, 213.553; 185.52, 214.329; 183.646, 215.028; 181.745, 215.656; 179.802, 216.137; 177.841, 216.531; 175.864, 216.844; 173.865, 216.969; 171.866, 216.987; 169.866, 216.903; 167.886, 216.61; 165.927, 216.213; 163.996, 215.685; 162.145, 214.927; 160.362, 214.028; 158.661, 212.972; 157.166, 211.643; 155.826, 210.167; 154.645, 208.554; 153.793, 206.742; 153.126, 204.863; 152.619, 202.927; 152.314, 200.948; 152.056, 198.963; 151.841, 196.973; 151.703, 194.976; 151.612, 192.976; 151.561, 190.975; 151.654, 188.975; 151.851, 186.985; 152.157, 185.007; 152.745, 183.094; 153.519, 181.256; 154.46, 179.49; ];
boundaryCurve{3} = [155.47, 181.7; 154.631, 183.531; 153.841, 185.384; 153.101, 187.258; 152.478, 189.173; 151.928, 191.11; 151.453, 193.068; 151.148, 195.059; 150.951, 197.061; 150.857, 199.073; 150.964, 201.085; 151.218, 203.079; 151.601, 205.056; 152.23, 206.97; 153.014, 208.82; 153.933, 210.61; 155.094, 212.257; 156.413, 213.771; 157.864, 215.163; 159.518, 216.312; 161.297, 217.239; 163.163, 217.986; 165.118, 218.474; 167.11, 218.742; 169.118, 218.863; 171.132, 218.803; 173.132, 218.582; 175.121, 218.271; 177.088, 217.836; 179.028, 217.296; 180.951, 216.696; 182.848, 216.018; 184.716, 215.265; 186.561, 214.459; 188.37, 213.571; 190.136, 212.604; 191.87, 211.579; 193.544, 210.459; 195.153, 209.248; 196.711, 207.974; 198.186, 206.601; 199.552, 205.123; 200.838, 203.575; 202.011, 201.937; 203.021, 200.196; 203.95, 198.41; ];
boundaryCurve{4} = [206.57, 176.2; 207.103, 178.134; 207.711, 180.043; 208.394, 181.929; 209.218, 183.758; 210.113, 185.551; 211.079, 187.309; 212.164, 188.997; 213.31, 190.641; 214.517, 192.243; 215.832, 193.758; 217.2, 195.223; 218.618, 196.641; 220.13, 197.959; 221.688, 199.22; 223.291, 200.426; 224.97, 201.523; 226.689, 202.554; 228.444, 203.524; 230.264, 204.367; 232.116, 205.136; 233.995, 205.837; 235.918, 206.406; 237.863, 206.888; 239.828, 207.291; 241.817, 207.551; 243.814, 207.714; 245.818, 207.794; 247.821, 207.702; 249.815, 207.505; 251.8, 207.217; 253.745, 206.728; 255.654, 206.124; 257.526, 205.405; 259.288, 204.446; 260.958, 203.345; 262.533, 202.108; 263.903, 200.643; 265.095, 199.038; 266.136, 197.328; 266.913, 195.479; 267.488, 193.563; 267.907, 191.605; 268.111, 189.609; 268.124, 187.607; 268.021, 185.606; 267.763, 183.617; 267.364, 181.653; 266.884, 179.706; 266.283, 177.793; 265.583, 175.914; 264.819, 174.06; 263.965, 172.245; 263.046, 170.463; 262.08, 168.706; 261.041, 166.99; 259.943, 165.312; 258.801, 163.664; 257.59, 162.065; 256.326, 160.507; 255.025, 158.982; 253.661, 157.511; 252.249, 156.088; 250.803, 154.698; 249.307, 153.362; 247.766, 152.078; 246.195, 150.832; 244.579, 149.643; 242.923, 148.512; 241.24, 147.422; 239.518, 146.393; 237.76, 145.428; 235.979, 144.507; 234.166, 143.65; 232.323, 142.858; 230.462, 142.112; 228.573, 141.436; 226.662, 140.831; 224.735, 140.275; 222.788, 139.793; 220.824, 139.388; 218.85, 139.034; 216.864, 138.753; 214.87, 138.54; ];
boundaryCurve{5} = [207.87, 175.6; 208.299, 177.574; 208.842, 179.516; 209.497, 181.426; 210.321, 183.27; 211.236, 185.069; 212.228, 186.827; 213.343, 188.511; 214.524, 190.149; 215.757, 191.748; 217.069, 193.283; 218.432, 194.773; 219.836, 196.224; 221.314, 197.601; 222.843, 198.919; 224.415, 200.187; 226.055, 201.365; 227.745, 202.47; 229.475, 203.511; 231.27, 204.436; 233.11, 205.265; 234.985, 206.013; 236.91, 206.625; 238.87, 207.106; 240.852, 207.485; 242.859, 207.708; 244.876, 207.755; 246.891, 207.68; 248.894, 207.42; 250.862, 206.978; 252.801, 206.422; 254.687, 205.698; 256.498, 204.811; 258.254, 203.818; 259.917, 202.671; 261.458, 201.371; 262.907, 199.969; 264.218, 198.432; 265.335, 196.753; 266.307, 194.989; 267.104, 193.133; 267.612, 191.181; 267.955, 189.197; 268.125, 187.184; 268.005, 185.169; 267.754, 183.168; 267.378, 181.184; 266.804, 179.247; 266.154, 177.337; 265.427, 175.452; 264.584, 173.617; 263.679, 171.813; 262.712, 170.039; 261.645, 168.325; 260.516, 166.651; 259.333, 165.015; 258.075, 163.434; 256.758, 161.904; 255.398, 160.411; 253.984, 158.969; 252.521, 157.577; 251.026, 156.22; 249.49, 154.908; 247.911, 153.649; 246.308, 152.421; 244.676, 151.231; 243.009, 150.091; 241.324, 148.977; 239.619, 147.895; 237.886, 146.858; 236.139, 145.844; 234.376, 144.859; 232.593, 143.91; 230.801, 142.979; 228.996, 142.073; 227.176, 141.198; 225.347, 140.34; 223.507, 139.506; 221.66, 138.69; ];
boundaryCurve{6} = [209.17, 179.8; 210.289, 181.458; 211.446, 183.088; 212.643, 184.691; 213.921, 186.229; 215.238, 187.734; 216.595, 189.203; 218.028, 190.598; 219.498, 191.953; 221.006, 193.268; 222.588, 194.491; 224.206, 195.665; 225.86, 196.79; 227.582, 197.808; 229.337, 198.765; 231.125, 199.66; 232.97, 200.433; 234.843, 201.13; 236.743, 201.753; 238.687, 202.224; 240.646, 202.619; 242.621, 202.937; 244.614, 203.104; 246.611, 203.193; 248.611, 203.2; 250.605, 203.052; 252.59, 202.821; 254.564, 202.501; 256.505, 202.018; 258.421, 201.449; 260.309, 200.791; 262.128, 199.959; 263.9, 199.036; 265.624, 198.023; 267.231, 196.832; 268.71, 195.499; 270.052, 194.019; 270.802, 192.165; 271.192, 190.232; 271.265, 188.235; 271, 186.252; 270.644, 184.286; 270.206, 182.335; 269.665, 180.409; 269.069, 178.501; 268.423, 176.608; 267.682, 174.75; 266.888, 172.915; 266.048, 171.1; 265.127, 169.325; 264.155, 167.577; 263.138, 165.855; 262.044, 164.181; 260.906, 162.537; 259.728, 160.921; 258.476, 159.361; 257.183, 157.836; 255.854, 156.341; 254.463, 154.904; 253.036, 153.504; 251.576, 152.137; 250.053, 150.84; 248.498, 149.583; 246.913, 148.363; 245.274, 147.217; 243.606, 146.114; 241.912, 145.052; 240.169, 144.07; 238.401, 143.136; 236.61, 142.245; 234.778, 141.443; 232.925, 140.692; 231.053, 139.989; 229.148, 139.381; 227.225, 138.832; 225.287, 138.337; 223.328, 137.937; 221.36, 137.58; ];
