radius = 14.44072616245186;
cppContour{1} = [500.5704431976999 597.8680114140088; 500.6037439870855 593.8686363198814;500.5615652443292 589.869336947376;500.4450079176837 585.8715200416458;500.2539591116515 581.8765666014108;499.9895595375091 577.8858069034258;499.6525438743399 573.9005178044747;499.2411673028645 569.9222155263353;498.7582656902637 565.9519604320749;498.2029621766192 561.9911892509164;497.575916083504 558.0411406298708;496.8773812174382 554.103106417743;496.1079302002605 550.1783092536825;495.2671789036356 546.2681673723375;494.3563033452655 542.3737639386061;493.3755810202201 538.4963613523802;492.3250890496155 534.6372787264079;491.2043555168482 530.79800801457;490.0153179635996 526.9793377141871;488.7562728637269 523.183179672315;487.4294009072558 519.4101856433629;486.0343577469646 515.6618650840209;484.570454387364 511.93990086534;483.038695598704 508.2453409757914;481.4398228844155 504.5793285093428;479.7734513477346 500.9435028937124;478.0393406141907 497.3394958682989;476.2397315031762 493.7677405486099;474.3726195819752 490.2307999850517;472.4392752112475 486.7296251974801;470.4397282365009 483.2658319505557;468.3752606334442 479.8403342615394;466.245000177872 476.4553598296943;464.049756335956 473.1121535359483;461.7895272905034 469.8125407056601;459.4650976579736 466.5578314386227;457.076393618458 463.3499948744811;454.6248904976957 460.1898996539258;452.11 457.08;448.1856426915052 451.0195020984681;451.5670423486735 448.9251262665555;454.8552370065432 446.6874290465586;458.0304571159747 444.292361336956;461.0699099379923 441.7274293729121;463.9450672619664 438.9798944664906;466.6234613695156 436.0405700619842;473.68 440.73;473.4792580419571 449.8792007800349;470.7 455.97;473.281534352268 458.9427800135932;475.9075225668533 461.8763516406509;478.5765458341125 464.7708199807928;481.2884953785831 467.6251068157388;484.04232337903 470.4390064417495;486.8379874661996 473.2113438083226;489.6747677806167 475.9415869563005;492.5515821398683 478.6296184786589;495.4676267250675 481.2750395885387;498.4228724931428 483.8765856953682;501.416591976444 486.4337710779437;504.4478639059732 488.946326954107;507.5161314080455 491.4135597327821;510.6207927082822 493.8348453816212;513.7608184715272 496.2100891998776;516.9362320027002 498.5378122065043;520.1455962947102 500.8184960761303;523.3892128299992 503.050206487886;524.1637848008115 503.5663880719349;527.1293384505834 506.0533453287815;530.223722427117 508.5763237945528;533.3543654356034 511.0541533016857;536.5223527564262 513.4840409157287;539.7288138846276 515.8629322101797;542.973913722212 518.1888297809966;546.2587257929318 520.4582800671833;549.5834768724717 522.6687884446104;552.9485250570103 524.8174516220088;556.3555524766431 526.8988679516955;559.8061892360828 528.9071513871063;563.2994687183157 530.8402927186036;566.8343911956213 532.6961901231726;570.4098538185918 534.4727477209799;574.0245243153977 536.1680821435597;577.6775151877288 537.7792010378372;581.3678408966183 539.3028473341498;585.0935742307926 540.7377671767379;588.8540380030311 542.079042491392;592.6469598291053 543.3255784056631;596.4712312463271 544.4723370523164;600.3248666003221 545.5161733508733;604.2056489467552 546.4540796053963;608.1114570915503 547.2815694483975;612.0395479634767 547.9958623590172;615.9872561422411 548.5922005060419;619.951537737871 549.066012428538;623.9286853552946 549.4156762203752;627.9151205097686 549.6354253165592;631.9066601750045 549.7219239231184;635.8988031445224 549.6718623611332;639.886800934098 549.4832801722914;643.8654353181415 549.1515185037828;647.8292776954818 548.6744808667123;651.7727842785545 548.051364724386;655.6900000000001 547.28;664.3269847796018 536.9600735080247;666.9316344436432 533.9626397165342;668.7464716424677 530.4288425911518;669.7538755116307 526.5825697288179;670.0472966335321 522.6143980893495;669.7426835832092 518.645032873738;668.9360332059126 514.7454072795509;667.6920611645888 510.9617637442071;666.1302155803422 507.2958914754089;664.3458269815172 503.7328984455921;662.3583322366942 500.2789508156758;660.1886406969264 496.9363385344165;657.856535455796 493.7048137753001;655.3809275875882 490.5817242539152;652.7789302846033 487.5630455247056;650.0665773962205 484.6430026443706;647.2580517309453 481.8152795548141;644.3652522062558 479.0737583813221;641.3999790571371 476.4107358978586;638.3722345152489 473.8189019837926;635.2904027466693 471.2915646565895;632.1627930020888 468.8210684602485;628.9951123372571 466.4021341537768;625.7914229024258 464.0311068441759;622.5522847867747 461.7087334349009;612.91 451.29;609.6629259815899 449.1178714397494;606.3845479531891 446.9932900440226;603.0752358192257 444.9172400392984;599.7360422624971 442.8896092964423;596.3674806374933 440.9111564997958;592.9702475628749 438.9823553943394;589.5454694861276 437.1029018409635;586.0935647365754 435.273745956237;582.6154670850545 433.494909421645;579.1118095279501 431.7669460862172;575.5833672857829 430.0901715699748;572.0308212147498 428.4650767902717;568.4551144533854 426.891596087316;564.8569448146152 425.370176162475;561.2370070749813 423.9012721577692;557.596028764779 422.4853190027546;553.9345179822752 421.1233440942294;550.2535518907019 419.81488948071;546.5539507298314 418.560097935033;542.8366502393782 417.3587530540971;539.1019488180361 416.2126588791066;535.3509049789666 415.1212556905394;531.5842981991792 414.0848550379635;527.8029531721762 413.1035835514336;524.0074659351342 412.1785398545578;520.1988172808458 411.3092708110544;516.3777090021639 410.4965202594747;512.5449372909397 409.7406673781414;508.7014168649213 409.0415129878168;504.8479795820696 408.3992467929412;500.9852972351297 407.815154851732;497.1143338563009 407.2886741137772;493.2359219483272 406.8202124091831;489.3508433342039 406.4106512270965;485.46 406.06;477.7994580304141 402.816063339679;477.9093647623916 398.8399669543551;477.9435908761307 394.8624009481726;477.9131303915012 390.8848417659166;477.7855858716251 386.9093399578611;477.5243455857172 382.9405424273132;489.92 382.93;495.13 391.35;499.0969687542142 391.3679379064616;503.0638906663138 391.3425903338369;507.0303174462662 391.2748555065813;510.9957970308741 391.1647919825409;514.9598376640223 391.0114456826257;518.9219645607825 390.8147864334258;522.8818188883762 390.5767167017868;526.8388359528096 390.2954193976851;530.792617343719 389.9718428973733;534.7427121727209 389.6060338004209;538.6886479895561 389.1977692198213;542.6300875413172 388.7481739754944;546.5663716168131 388.2554946374664;550.4972633409474 387.7214876600493;554.4221635238572 387.1450855762844;558.3406919096459 386.5268727032472;562.2524222475196 385.8670055878213;566.1568230403625 385.1650640545675;570.0536061007117 384.421997894874;573.9421558837914 383.6370060546247;577.8221508920868 382.8107585480424;581.6931143911125 381.9431859903499;585.5546745405725 381.0346729917884;589.4061036314732 380.0841278703448;593.2474113759017 379.0934760961746;597.0779346481143 378.0619108187636;600.8968734642735 376.9882543342268;604.7043973281662 375.874792467965;608.4997350194469 374.7204780148556;612.2825120400539 373.5256381590183;616.0518798818899 372.2891723863012;619.8047820560618 371.0036529209613;623.5369794748876 369.6592540212897;627.2434059626362 368.2454422355304;630.9188597379189 366.7530326104769;634.5571337041476 365.1722216769173;638.1504577058964 363.4918262469015;641.6915920524389 361.7041967332784;645.1706276873872 359.7985970077239;648.5775467495748 357.7669812622568;651.9008020859178 355.6012930905273;655.1284898532891 353.2957299102825;658.2467014706824 350.8441708308658;661.2432334449937 348.245364651975;664.0958675099846 345.4896106439929;666.7841244342133 342.5732901551067;669.2995251718736 339.5066293204237;671.6312012473271 336.2980133369653;673.7687173034311 332.9569061125666;675.6990648791955 329.4919682003177;677.4062551717356 325.9118255374939;678.8732794547917 322.2267830192626;680.0833862095799 318.4495971548401;681.014777017658 