segmentsStart = [393.48, 290.29; 393.48, 290.29; 455.29, 314.53; 455.29, 314.53; 363.04, 324.51; 363.04, 324.51; 401.02, 324.35; 401.02, 324.35; 336.58, 329.74; 336.58, 329.74; 258.87, 147.71; 258.87, 147.71; 385.48, 312.17; 385.48, 312.17; 239.44, 164.06; 239.44, 164.06; 335.94, 348.76; 335.94, 348.76; 138.74, 402.84; 138.74, 402.84; 144.1, 416.27; 144.1, 416.27; 314.85, 407.97; 314.85, 407.97; 317.75, 422.11; 317.75, 422.11; 372.55, 477.17; 372.55, 477.17; 397.56, 470.58; 397.56, 470.58; 452.11, 457.08; 452.11, 457.08; 473.68, 440.73; 473.68, 440.73; 497.86, 411.62; 497.86, 411.62; 477.56, 331.93; 477.56, 331.93; 489.92, 382.93; 489.92, 382.93; 236.99, 168.75; 236.99, 168.75; 341.05, 336.46; 341.05, 336.46; 273.11, 143.64; 273.11, 143.64; 363.36, 260.67; 363.36, 260.67; 324.95, 419.27; 324.95, 419.27; 367.42, 480.89; 367.42, 480.89; 392.15, 474.85; 392.15, 474.85; 446.63, 459.99; 446.63, 459.99; 473.42, 452.58; 473.42, 452.58; 655.69, 547.28; 655.69, 547.28; 495.13, 391.35; 495.13, 391.35; 681.59, 298.81; 681.59, 298.81; 670.59, 280.32; 670.59, 280.32; 480.47, 336.98; 480.47, 336.98; 142.69, 409.26; 142.69, 409.26; 326.71, 402.65; 326.71, 402.65; 132.06, 412.12; 132.06, 412.12; 336.02, 348.36; 336.02, 348.36; 226.87, 532.58; 226.87, 532.58; 342.02, 403.41; 342.02, 403.41; 470.7, 455.97; 470.7, 455.97; 568.31, 527.41; 568.31, 527.41; 398.12, 312.93; 398.12, 312.93; 422.72, 204.85; 422.72, 204.85; 266.8, 245.81; 266.8, 245.81; 350, 331.21; 350, 331.21; 229.44, 418.7; 229.44, 418.7; 339.45, 393.22; 339.45, 393.22; 469.79, 352.19; 469.79, 352.19; 550.51, 300.75; 550.51, 300.75; 434.21, 323.66; 434.21, 323.66; 496.11, 255.14; 496.11, 255.14; 475.86, 413.57; 475.86, 413.57; 564.55, 437.76; 564.55, 437.76; 406.13, 457.6; 406.13, 457.6; 402.1, 551.64; 402.1, 551.64; 375.74, 452.58; 375.74, 452.58; 325.56, 533.98; 325.56, 533.98; 329.09, 339.98; 329.09, 339.98; 209.32, 332.84; 209.32, 332.84; 485.46, 406.06; 485.46, 406.06; 612.91, 451.29; 612.91, 451.29; 386.23, 322.66; 386.23, 322.66; 406.18, 328.24; 406.18, 328.24; 376.22, 333.32; 376.22, 333.32; 348.54, 406.83; 348.54, 406.83; 385.48, 334.51; 385.48, 334.51; 359.8, 431.01; 359.8, 431.01; 398.04, 335.4; 398.04, 335.4; 373.13, 444.76; 373.13, 444.76; 417.44, 336.02; 417.44, 336.02; 389.36, 454.41; 389.36, 454.41; 434.36, 345.49; 434.36, 345.49; 408.44, 453.07; 408.44, 453.07; 447.46, 351.07; 447.46, 351.07; 422.5, 449.03; 422.5, 449.03; 461.92, 358.48; 461.92, 358.48; 440.24, 439.78; 440.24, 439.78; 468.6, 369.76; 468.6, 369.76; 454.59, 422.52; 454.59, 422.52; 389.33, 298.76; 389.33, 298.76; 450.08, 328.91; 450.08, 328.91; ];
segmentsEnd = [389.33, 298.76; 396.732, 301.267; 443.922, 317.153; 453.049, 326.239; 375.193, 327.146; 362.196, 336.255; 398.12, 312.93; 398.04, 335.4; 341.05, 336.46; 350, 331.21; 246.268, 149.982; 266.825, 139.077; 386.23, 322.66; 398.12, 312.93; 235.55, 176.501; 241.081, 177.391; 343.981, 354.358; 345.427, 350.663; 132.06, 412.12; 142.69, 409.26; 142.69, 409.26; 132.06, 412.12; 323.006, 404.043; 319.293, 405.414; 324.95, 419.27; 325.378, 413.685; 363.176, 487.619; 370.357, 463.274; 398.641, 460.734; 394.77, 459.818; 448.186, 451.02; 444.721, 452.973; 469.066, 432.903; 466.623, 436.041; 485.46, 406.06; 487.454, 414.136; 489.772, 329.702; 477.256, 343.263; 477.087, 378.987; 477.524, 382.941; 240.371, 160.21; 240.534, 181.303; 348.836, 343.5; 350.795, 340.05; 262.933, 139.808; 259.162, 141.017; 363.899, 248.41; 372.649, 270.521; 314.813, 424.814; 331.941, 409.424; 372.55, 477.17; 368.505, 466.809; 397.56, 470.58; 397.121, 486.572; 444.721, 452.973; 441.175, 454.774; 473.68, 440.73; 470.7, 455.97; 645.688, 542.658; 664.327, 536.96; 489.92, 382.93; 505.878, 383.453; 673.506, 308.75; 669.364, 293.493; 669.364, 293.493; 658.019, 282.563; 477.56, 331.93; 474.647, 346.136; 132.748, 400.326; 132.216, 404.236; 338.63, 405.363; 335.841, 394.735; 138.74, 402.84; 144.1, 416.27; 343.981, 354.358; 345.427, 350.663; 238.219, 526.235; 229.593, 544.229; 348.631, 403.012; 348.853, 399.199; 476.273, 443.757; 481.47, 461.449; 577.678, 537.779; 579.792, 529.221; 385.48, 312.17; 401.02, 324.35; 411.712, 213.668; 423.519, 192.947; 270.031, 256.947; 256.982, 237.163; 352.921, 336.7; 355.211, 333.461; 238.865, 425.474; 219.114, 426.555; 339.679, 393.408; 339.232, 389.466; 466.768, 351; 468.861, 354.37; 538.582, 296.556; 556.101, 287.592; 428.529, 324.47; 432.353, 325.525; 506.711, 249.043; 493.951, 269.194; 473.584, 411.943; 472.185, 415.655; 555.595, 426.798; 577.691, 435.927; 409.813, 457.082; 405.847, 456.995; 401.992, 562.245; 398.476, 538.517; 376.53, 452.051; 373.175, 449.917; 335.663, 526.607; 320.536, 545.065; 336.02, 348.36; 341.05, 336.46; 219.234, 337.646; 199.865, 341.385; 477.799, 402.816; 477.572, 406.787; 622.552, 461.709; 602.437, 448.79; 385.48, 334.51; 385.48, 312.17; 401.02, 324.35; 398.04, 335.4; 385.48, 334.51; 382.453, 323.906; 346.694, 416.049; 348.544, 419.559; 398.04, 335.4; 386.23, 322.66; 357.658, 432.518; 360.335, 435.446; 404.904, 323.54; 401.02, 324.35; 372.455, 445.647; 375.806, 447.769; 422.01, 328.441; 418.072, 327.882; 387.221, 457.324; 390.96, 458.678; 440.707, 335.012; 437.124, 333.286; 405.847, 456.995; 409.813, 457.082; 454.247, 343.34; 450.978, 341.074; 417.727, 456.559; 421.648, 455.955; 466.128, 353.87; 463.4, 350.977; 436.806, 451.366; 440.405, 449.696; 470.853, 360.257; 468.628, 356.962; 442.388, 428.496; 459.438, 435.602; 385.48, 312.17; 397.552, 309.055; 443.336, 330.074; 446.79, 332.025; ];
