boundaryCurve{1} = [168.4, 171.8; 166.494, 172.137; 165.17, 173.659; 163.919, 175.241; 162.726, 176.866; 161.622, 178.555; 160.595, 180.29; 159.626, 182.059; 158.777, 183.889; 157.99, 185.745; 157.261, 187.626; 156.663, 189.552; 156.171, 191.506; 155.775, 193.484; 155.499, 195.482; 155.355, 197.492; 155.328, 199.507; 155.467, 201.52; 155.761, 203.514; 156.168, 205.487; 156.722, 207.427; 157.504, 209.284; 158.398, 211.089; 159.406, 212.837; 160.7, 214.38; 162.129, 215.792; 163.717, 217.035; 165.484, 218.007; 167.32, 218.828; 169.22, 219.503; 171.21, 219.835; 173.213, 220.034; 175.229, 220.097; 177.237, 219.896; 179.227, 219.587; 181.2, 219.169; 183.127, 218.571; 185.027, 217.897; 186.901, 217.151; 188.719, 216.276; 190.496, 215.325; 192.237, 214.307; 193.905, 213.172; 195.542, 211.994; 197.144, 210.769; 198.636, 209.412; 200.088, 208.012; 201.504, 206.576; 202.861, 205.083; 204.147, 203.53; 205.38, 201.935; 206.515, 200.267; 207.598, 198.565; 208.637, 196.837; 209.565, 195.046; 210.424, 193.221; 211.229, 191.372; 211.967, 189.494; 212.609, 187.583; 213.191, 185.652; 213.7, 183.7; ];
boundaryCurve{2} = [214.9, 185.9; 214.367, 187.831; 213.735, 189.728; 213.003, 191.593; 212.134, 193.398; 211.2, 195.167; 210.199, 196.902; 209.072, 198.558; 207.888, 200.172; 206.645, 201.743; 205.302, 203.228; 203.906, 204.663; 202.457, 206.046; 200.916, 207.326; 199.33, 208.546; 197.695, 209.703; 195.989, 210.753; 194.249, 211.741; 192.471, 212.663; 190.632, 213.458; 188.762, 214.169; 186.855, 214.782; 184.91, 215.256; 182.949, 215.659; 180.973, 215.988; 178.975, 216.128; 176.975, 216.17; 174.973, 216.106; 172.996, 215.799; 171.038, 215.39; 169.107, 214.857; 167.266, 214.074; 165.482, 213.169; 163.765, 212.139; 162.241, 210.84; 160.869, 209.394; 159.654, 207.805; 158.785, 206; 158.104, 204.125; 157.582, 202.192; 157.253, 200.216; 156.993, 198.232; 156.796, 196.238; 156.663, 194.24; 156.566, 192.24; 156.501, 190.238; 156.565, 188.236; 156.764, 186.248; 157.108, 184.275; 157.721, 182.368; 158.517, 180.539; 159.5, 178.8; ];
boundaryCurve{3} = [160.5, 180.7; 159.651, 182.528; 158.855, 184.378; 158.118, 186.254; 157.517, 188.177; 156.978, 190.118; 156.506, 192.077; 156.162, 194.063; 155.929, 196.062; 155.805, 198.072; 155.939, 200.083; 156.18, 202.081; 156.521, 204.067; 157.118, 205.992; 157.862, 207.859; 158.748, 209.668; 159.913, 211.312; 161.229, 212.829; 162.68, 214.222; 164.346, 215.356; 166.119, 216.297; 167.977, 217.069; 169.932, 217.558; 171.922, 217.847; 173.929, 217.982; 175.943, 217.915; 177.945, 217.694; 179.933, 217.376; 181.895, 216.918; 183.83, 216.356; 185.748, 215.74; 187.646, 215.062; 189.509, 214.296; 191.352, 213.482; 193.168, 212.608; 194.93, 211.633; 196.654, 210.591; 198.321, 209.458; 199.92, 208.234; 201.478, 206.957; 202.969, 205.601; 204.355, 204.14; 205.653, 202.602; 206.817, 200.958; 207.806, 199.204; 208.7, 197.4; ];
boundaryCurve{4} = [211.6, 175.2; 212.132, 177.129; 212.734, 179.037; 213.409, 180.921; 214.222, 182.75; 215.108, 184.543; 216.064, 186.3; 217.143, 187.986; 218.292, 189.623; 219.502, 191.217; 220.815, 192.727; 222.185, 194.185; 223.607, 195.593; 225.117, 196.906; 226.677, 198.158; 228.282, 199.353; 229.968, 200.432; 231.681, 201.466; 233.419, 202.457; 235.222, 203.326; 237.06, 204.116; 238.927, 204.835; 240.856, 205.367; 242.803, 205.828; 244.765, 206.222; 246.748, 206.486; 248.742, 206.638; 250.742, 206.695; 252.742, 206.631; 254.734, 206.462; 256.718, 206.196; 258.663, 205.726; 260.566, 205.121; 262.427, 204.385; 264.189, 203.437; 265.851, 202.334; 267.408, 201.081; 268.755, 199.6; 269.942, 197.997; 270.985, 196.292; 271.74, 194.439; 272.318, 192.528; 272.744, 190.576; 272.95, 188.585; 272.95, 186.587; 272.832, 184.591; 272.568, 182.607; 272.161, 180.649; 271.678, 178.708; 271.085, 176.796; 270.396, 174.918; 269.639, 173.066; 268.771, 171.263; 267.847, 169.488; 266.877, 167.738; 265.828, 166.034; 264.793, 164.321; 263.724, 162.631; 262.523, 161.03; 261.268, 159.472; 259.976, 157.944; 258.63, 156.463; 257.231, 155.031; 255.798, 153.635; 254.318, 152.289; 252.788, 150.999; 251.228, 149.746; 249.627, 148.545; 247.983, 147.404; 246.305, 146.314; 244.572, 145.314; 242.815, 144.354; 241.041, 143.431; 239.237, 142.562; 237.404, 141.759; 235.552, 141.004; 233.667, 140.331; 231.761, 139.722; 229.839, 139.165; 227.894, 138.695; 225.937, 138.277; 223.969, 137.916; 221.986, 137.651; 220, 137.4; ];
boundaryCurve{5} = [212.9, 174.6; 213.31, 176.583; 213.833, 178.537; 214.47, 180.458; 215.293, 182.309; 216.234, 184.099; 217.265, 185.842; 218.403, 187.517; 219.592, 189.156; 220.82, 190.766; 222.11, 192.327; 223.475, 193.822; 224.886, 195.273; 226.351, 196.672; 227.883, 197.995; 229.463, 199.261; 231.106, 200.445; 232.807, 201.543; 234.546, 202.579; 236.344, 203.511; 238.202, 204.311; 240.095, 205.027; 242.023, 205.647; 243.993, 206.109; 245.986, 206.459; 248.001, 206.66; 250.024, 206.7; 252.044, 206.614; 254.051, 206.347; 256.017, 205.869; 257.952, 205.283; 259.837, 204.542; 261.652, 203.647; 263.412, 202.652; 265.087, 201.513; 266.618, 200.192; 268.057, 198.771; 269.38, 197.238; 270.493, 195.548; 271.465, 193.778; 272.288, 191.927; 272.768, 189.961; 273.069, 187.965; 273.196, 185.944; 273.062, 183.924; 272.784, 181.922; 272.381, 179.938; 271.78, 178.003; 271.105, 176.095; 270.361, 174.212; 269.538, 172.361; 268.635, 170.55; 267.658, 168.777; 266.566, 167.072; 265.422, 165.401; 264.235, 163.761; 262.986, 162.166; 261.65, 160.645; 260.267, 159.167; 258.835, 157.735; 257.347, 156.361; 255.825, 155.025; 254.264, 153.736; 252.679, 152.475; 251.079, 151.234; 249.459, 150.019; 247.789, 148.873; 246.094, 147.765; 244.369, 146.704; 242.644, 145.643; 240.902, 144.612; 239.131, 143.628; 237.337, 142.689; 235.539, 141.757; 233.741, 140.825; 231.909, 139.961; 230.072, 139.109; 228.236, 138.256; 226.4, 137.4; ];
boundaryCurve{6} = [214.2, 178.8; 215.326, 180.455; 216.488, 182.084; 217.689, 183.685; 218.963, 185.229; 220.274, 186.741; 221.621, 188.221; 223.037, 189.637; 224.502, 190.998; 226.014, 192.31; 227.615, 193.511; 229.244, 194.674; 230.899, 195.799; 232.633, 196.8; 234.401, 197.734; 236.205, 198.602; 238.044, 199.39; 239.919, 200.085; 241.83, 200.678; 243.775, 201.153; 245.734, 201.556; 247.709, 201.885; 249.705, 202.027; 251.704, 202.1; 253.706, 202.1; 255.703, 201.973; 257.69, 201.752; 259.664, 201.423; 261.612, 200.963; 263.531, 200.403; 265.416, 199.73; 267.247, 198.923; 269.031, 198.021; 270.765, 197.02; 272.369, 195.824; 273.847, 194.488; 275.194, 193.007; 275.952, 191.155; 276.336, 189.222; 276.39, 187.222; 276.125, 185.238; 275.752, 183.274; 275.28, 181.329; 274.748, 179.4; 274.141, 177.494; 273.465, 175.61; 272.733, 173.747; 271.957, 171.902; 271.136, 170.077; 270.215, 168.3; 269.25, 166.547; 268.246, 164.815; 267.167, 163.129; 266.019, 161.492; 264.813, 159.894; 263.538, 158.351; 262.241, 156.827; 260.924, 155.32; 259.541, 153.872; 258.124, 152.459; 256.675, 151.079; 255.132, 149.804; 253.558, 148.568; 251.955, 147.369; 250.3, 146.244; 248.629, 145.142; 246.941, 144.066; 245.208, 143.066; 243.437, 142.136; 241.632, 141.27; 239.803, 140.457; 237.955, 139.689; 236.089, 138.966; 234.177, 138.372; 232.256, 137.812; 230.325, 137.285; 228.365, 136.879; 226.4, 136.5; ];
