boundaryCurve{1} = [443.964, 229.782; 442.151, 231.146; 440.324, 232.421; 438.482, 233.609; 436.629, 234.711; 434.765, 235.728; 432.891, 236.662; 431.008, 237.512; 429.119, 238.281; 427.224, 238.969; 425.325, 239.578; 423.422, 240.108; 421.518, 240.56; 419.614, 240.936; 417.71, 241.236; 415.809, 241.463; 413.911, 241.616; 412.018, 241.696; 410.132, 241.706; 408.253, 241.645; 406.382, 241.516; 404.522, 241.318; 402.674, 241.054; 400.838, 240.723; 398.946, 240.314; 397.028, 239.83; 395.128, 239.281; 393.246, 238.668; 391.384, 237.994; 389.542, 237.259; 387.721, 236.467; 385.922, 235.617; 384.146, 234.712; 382.393, 233.753; 380.665, 232.742; 378.963, 231.68; 377.286, 230.569; 375.637, 229.411; 374.015, 228.207; 372.421, 226.959; 370.858, 225.669; 369.324, 224.337; 367.822, 222.966; 366.351, 221.557; 364.914, 220.111; 363.509, 218.632; 362.14, 217.119; 361.913, 215.177; 362.393, 213.037; 362.953, 210.941; 363.59, 208.892; 364.303, 206.891; 365.09, 204.94; 365.947, 203.042; 366.874, 201.198; 367.868, 199.41; 368.926, 197.68; 370.048, 196.011; 371.229, 194.403; 372.47, 192.86; 373.766, 191.383; 375.117, 189.974; 376.52, 188.635; 377.973, 187.367; 379.474, 186.174; 381.02, 185.057; 382.61, 184.018; 384.241, 183.058; 385.912, 182.181; 387.62, 181.387; 389.41, 180.661; 391.306, 180.004; 393.23, 179.448; 395.176, 178.993; 397.141, 178.637; 399.12, 178.381; 401.108, 178.223; 403.102, 178.163; 405.097, 178.199; 407.09, 178.332; 409.075, 178.561; 411.048, 178.884; 413.006, 179.301; 414.943, 179.812; 416.857, 180.416; 418.741, 181.111; 420.593, 181.898; 422.407, 182.776; 424.18, 183.743; 425.907, 184.8; 427.585, 185.945; 429.208, 187.178; 430.73, 188.461; 432.169, 189.8; 433.546, 191.209; 434.859, 192.685; 436.107, 194.223; 437.288, 195.819; 438.401, 197.471; 439.445, 199.174; 440.418, 200.924; 441.318, 202.718; 442.144, 204.552; 442.895, 206.423; 443.569, 208.326; 444.164, 210.258; 444.68, 212.215; 445.115, 214.193; 445.467, 216.19; 445.735, 218.2; 445.917, 220.22; 446.012, 222.247; 446.018, 224.277; 445.935, 226.306; 445.76, 228.33; ];
boundaryCurve{2} = [387.38, 179.89; 386.803, 177.98; 386.249, 176.062; 385.717, 174.138; 385.208, 172.206; 384.721, 170.268; 384.257, 168.323; 383.816, 166.373; 383.398, 164.417; 383.002, 162.455; 382.629, 160.489; 382.279, 158.517; 381.952, 156.542; 381.648, 154.562; 381.367, 152.578; 381.109, 150.591; 380.873, 148.6; 380.661, 146.607; 380.472, 144.611; 380.306, 142.613; 380.164, 140.612; 380.044, 138.61; 379.948, 136.607; 379.875, 134.602; 379.825, 132.597; 379.798, 130.591; 379.795, 128.585; 379.815, 126.58; 379.859, 124.574; 379.926, 122.57; 380.016, 120.566; 380.131, 118.558; 380.283, 116.52; 380.478, 114.469; 380.721, 112.413; 381.017, 110.358; 381.369, 108.314; 381.783, 106.287; 382.263, 104.285; 382.813, 102.316; 383.437, 100.387; 384.14, 98.5062; 384.927, 96.6814; 385.802, 94.9199; 386.769, 93.2295; 387.833, 91.6179; 388.998, 90.0927; 390.268, 88.6615; 391.648, 87.332; 393.143, 86.112; 394.781, 84.9877; 396.498, 83.9575; 398.237, 82.9648; 399.953, 81.9415; 401.602, 80.8196; 403.138, 79.531; 404.523, 78.0608; 405.822, 76.4774; 407.109, 74.8878; 408.453, 73.3993; 409.927, 72.1193; 411.601, 71.155; 413.512, 70.5987; 415.504, 70.4099; 417.508, 70.4183; 419.504, 70.4899; 421.497, 70.6108; 423.488, 70.7811; 425.474, 71.0006; 427.456, 71.2691; 429.431, 71.5865; 431.399, 71.9526; 433.358, 72.3674; 435.308, 72.8306; 437.248, 73.3423; 439.176, 73.9021; 441.092, 74.51; 442.985, 75.1629; 444.834, 75.8659; 446.677, 76.6422; 448.506, 77.4913; 450.311, 78.4128; 452.085, 79.4063; 453.819, 80.4712; 455.505, 81.6072; 457.135, 82.8137; 458.701, 84.0904; 460.193, 85.4367; 461.604, 86.8523; 462.925, 88.3366; 464.149, 89.8893; 465.266, 91.5097; 466.268, 93.1976; 467.148, 94.9525; 467.896, 96.7738; 468.505, 98.6612; 468.966, 100.614; 469.27, 102.632; 469.408, 104.632; 469.402, 106.628; 469.275, 108.622; 469.05, 110.613; 468.75, 112.598; 468.399, 114.575; 468.019, 116.541; 467.622, 118.53; 467.214, 120.526; 466.793, 122.527; 466.359, 124.532; 465.912, 126.538; 465.45, 128.545; 464.972, 130.551; 464.477, 132.554; 463.965, 134.554; 463.434, 136.55; 462.885, 138.539; 462.315, 140.52; 461.724, 142.493; 461.111, 144.456; 460.475, 146.407; 459.815, 148.345; 459.131, 150.269; 458.421, 152.177; 457.685, 154.069; 456.921, 155.942; 456.129, 157.796; 455.308, 159.629; 454.457, 161.44; 453.575, 163.228; 452.661, 164.99; 451.714, 166.726; 450.734, 168.435; 449.719, 170.115; 448.668, 171.765; 447.582, 173.383; 446.457, 174.968; 445.295, 176.519; 444.094, 178.035; 442.853, 179.514; 441.571, 180.954; 440.247, 182.355; 438.88, 183.715; 437.47, 185.033; 436.016, 186.307; 434.516, 187.537; 432.97, 188.72; ];
