segmentsStart = [496.36, 403.53; 496.36, 403.53; 741.04, 280.82; 741.04, 280.82; 488.52, 384.75; 488.52, 384.75; 743.07, 275.57; 493.51, 384.57; 493.51, 384.57; 515.18, 389.58; 515.18, 389.58; 506.38, 387.77; 506.38, 387.77; 541.49, 390.05; 541.49, 390.05; 534.59, 391.72; 534.59, 391.72; 571.02, 387.1; 571.02, 387.1; 566.84, 388.34; 566.84, 388.34; 596.77, 376.83; 596.77, 376.83; 595.19, 383.26; 595.19, 383.26; 635, 350.02; 635, 350.02; 635.99, 355.95; 635.99, 355.95; 662.97, 315.63; 657.63, 332.11; 657.63, 332.11; 676.2, 307.75; 676.2, 307.75; 680.42, 306.32; 680.42, 306.32; 711.73, 285.19; 711.73, 285.19; 702.71, 288.68; 702.71, 288.68; 736.17, 278.51; 736.17, 278.51; 740.36, 279.32; 740.36, 279.32; 718.66, 404.81; 718.66, 404.81; 715.86, 411.54; 715.86, 411.54; 662.28, 445.07; 662.28, 445.07; 498.46, 403.06; 498.46, 403.06; 615.97, 447.34; 615.97, 447.34; 626.05, 447.98; 626.05, 447.98; 661.27, 445.69; 661.27, 445.69; 498.34, 405.26; 498.34, 405.26; 604.87, 441.8; 604.87, 441.8; 616.59, 446.86; 616.59, 446.86; 673.83, 440.87; 673.83, 440.87; 725.19, 395.79; 725.19, 395.79; 695, 428.7; 695, 428.7; 641.53, 349.43; 641.53, 349.43; 679.419, 326.07; 679.419, 326.07; 679.42, 326.071; 679.42, 326.071; 661.53, 366.309; 661.53, 366.309; 661.531, 366.309; 661.531, 366.309; 692.1, 337.17; 692.1, 337.17; 692.101, 337.171; 692.101, 337.171; 694.22, 389.658; 694.22, 389.658; 694.22, 389.66; 694.22, 389.66; 718.76, 341.931; 718.76, 341.931; 718.761, 341.931; 718.761, 341.931; 724.44, 390.42; 724.44, 390.42; 638.16, 355.52; 638.16, 355.52; 680.059, 327.08; 680.059, 327.08; 680.06, 327.081; 680.06, 327.081; 660.88, 366.87; 660.88, 366.87; 692.99, 389.94; 692.99, 389.94; 720.32, 344.341; 720.32, 344.341; 720.32, 344.34; 720.32, 344.34; 724.36, 395.7; 724.36, 395.7; 663.55, 367.65; 663.55, 367.65; 691.809, 334.701; 691.809, 334.701; 691.81, 334.701; 691.81, 334.701; 695.38, 388.36; 695.38, 388.36; 416.99, 422.04; 416.99, 422.04; 431.33, 564.73; 431.33, 564.73; 431.51, 564.13; 431.51, 564.13; 446.59, 587.92; 446.59, 587.92; 488.16, 529.68; 488.16, 529.68; 445.7, 587.82; 445.7, 587.82; 172.68, 364.86; 172.68, 364.86; 274.6, 430.84; 274.6, 430.84; 229.18, 402.96; 229.18, 402.96; 232.62, 474.94; 232.62, 474.94; 263.91, 425.83; 263.91, 425.83; 267.54, 470.22; 267.54, 470.22; 231.38, 473.66; 231.38, 473.66; 268.43, 471.72; 268.43, 471.72; 366.22, 460.53; 366.22, 460.53; 388.73, 505.14; 388.73, 505.14; 417.66, 470.14; 417.66, 470.14; 362.54, 549.48; 362.54, 549.48; 385.34, 499.94; 385.34, 499.94; 362.37, 549.94; 362.37, 549.94; 493.49, 384.24; 493.49, 384.24; 262.69, 292.6; 262.69, 292.6; 488.63, 528.63; 488.63, 528.63; 495.05, 402.932; 495.05, 402.932; 495.05, 402.93; 495.05, 402.93; 496.324, 407.258; 496.324, 407.258; 151.86, 353.32; 151.86, 353.32; 275.11, 428.05; 275.11, 428.05; 72.57, 255.39; 72.57, 255.39; 151.99, 351.38; 151.99, 351.38; 79.38, 255.69; 79.38, 255.69; 184.67, 242.14; 184.67, 242.14; 184.87, 241.52; 184.87, 241.52; 248.009, 221.42; 248.009, 221.42; 248.01, 221.421; 248.01, 221.421; 206.62, 263.78; 206.62, 263.78; 206.621, 263.782; 206.621, 263.782; 234.539, 306.739; 234.539, 306.739; 234.54, 306.74; 234.54, 306.74; 153.59, 316.35; 174.24, 237.02; 174.24, 237.02; 207.94, 206.4; 207.94, 206.4; 207.94, 206.402; 207.94, 206.402; 209.9, 223.95; 209.9, 223.95; 248.1, 222.5; 248.1, 222.5; 103.72, 257.1; 103.72, 257.1; 99.06, 258.17; 99.06, 258.17; 128.082, 253.927; 128.082, 253.927; 126.16, 254.73; 126.16, 254.73; 131.18, 266.03; 131.18, 266.03; 138.05, 253.13; 138.05, 253.13; 136.43, 261.86; 136.43, 261.86; 224.61, 255.66; 224.61, 255.66; 265.39, 292.43; 265.39, 292.43; 121.9, 257.78; 121.9, 257.78; 123.36, 266.21; 123.36, 266.21; 123.02, 257.02; 123.02, 257.02; 124.72, 265.71; 124.72, 265.71; 124.09, 255.86; 124.09, 255.86; 125.94, 265.68; 125.94, 265.68; 125.18, 255.45; 125.18, 255.45; 127.29, 265.48; 127.29, 265.48; 126.41, 254.82; 126.41, 254.82; 128.28, 264.46; 128.28, 264.46; 127.6, 254.01; 127.6, 254.01; 129.61, 264.02; 129.61, 264.02; 128.85, 253.96; 128.85, 253.96; 130.55, 262.84; 130.55, 262.84; 130.29, 253.88; 130.29, 253.88; 131.81, 261.07; 131.81, 261.07; 78.75, 255.61; 78.75, 255.61; 182.9, 241.85; 182.9, 241.85; 71.9655, 244.192; 71.9655, 244.192; 71.71, 244.81; 71.71, 244.81; 70.66, 245.46; 70.66, 245.46; 69.84, 253.17; 69.84, 253.17; 72.15, 244.4; 72.15, 244.4; 71.61, 254.42; 71.61, 254.42; 73.6, 243.59; 73.6, 243.59; 72.98, 255.12; 72.98, 255.12; 75.46, 243.29; 75.46, 243.29; 74.69, 255.1; 74.69, 255.1; 76.87, 243.43; 76.87, 243.43; 75.87, 255.52; 75.87, 255.52; 78.45, 244.03; 78.45, 244.03; 77.56, 254.65; 77.56, 254.65; 79.93, 245.4; 79.93, 245.4; 79.23, 253.42; 79.23, 253.42; 72.28, 255.06; 72.28, 255.06; 90.63, 292.19; 90.63, 292.19; 76.13, 281.02; 76.13, 281.02; 105.99, 297.86; 105.99, 297.86; 108.75, 298.26; 108.75, 298.26; 139.5, 321.54; 139.5, 321.54; 128.91, 308.67; 128.91, 308.67; 150.92, 343.03; 150.92, 343.03; 137.09, 315.76; 137.09, 315.76; 151.68, 351.95; 151.68, 351.95; 71.02, 265.96; 71.02, 265.96; 115.89, 301.12; 115.89, 301.12; 153.84, 355.8; 153.84, 355.8; 181.08, 371.08; 181.08, 371.08; 183.95, 373.1; 183.95, 373.1; 216.98, 392.86; 216.98, 392.86; 219.93, 396.42; 219.93, 396.42; 262.34, 424.04; 262.34, 424.04; 257.54, 421.38; 257.54, 421.38; 274.66, 429.81; 274.66, 429.81; 141.09, 326.09; 141.09, 326.09; 183.96, 370.65; 183.96, 370.65; 211.81, 392.47; 211.81, 392.47; 245.64, 416.14; 245.64, 416.14; 259.78, 424.21; 259.78, 424.21; 274.32, 431.95; 274.32, 431.95; 228.63, 404.49; 228.63, 404.49; 262.12, 426.01; 262.12, 426.01; 224.08, 404.96; 224.08, 404.96; 223.68, 464.39; 223.68, 464.39; 235.13, 474.87; 235.13, 474.87; 267.3, 473.91; 267.3, 473.91; 242.64, 435.89; 242.64, 435.89; 266.31, 426.98; 266.31, 426.98; 368.34, 461.64; 368.34, 461.64; 380.98, 493.3; 380.98, 493.3; 376.64, 481.73; 376.64, 481.73; 387.89, 500.97; 387.89, 500.97; 386.1, 498.34; 386.1, 498.34; 376.84, 510.81; 376.84, 510.81; 372.22, 514.01; 372.22, 514.01; 353.09, 522.66; 353.09, 522.66; 347.89, 524.36; 347.89, 524.36; 330.5, 530.69; 330.5, 530.69; 329.69, 533.9; 329.69, 533.9; 366.22, 548.08; 366.22, 548.08; 368.4, 545.97; 368.4, 545.97; 401.35, 528.91; 401.35, 528.91; 404.6, 527.46; 404.6, 527.46; 418.42, 521.95; 418.42, 521.95; 418.92, 471.02; 418.92, 471.02; 422.4, 498.61; 422.4, 498.61; 421.59, 488.62; 421.59, 488.62; 425.23, 502.69; 425.23, 502.69; 413.03, 523.7; 413.03, 523.7; 428.78, 509.73; 428.78, 509.73; 366.77, 549.13; 366.77, 549.13; 412.77, 525.82; 412.77, 525.82; 415.7, 419.16; 415.7, 419.16; 411.41, 452.39; 411.41, 452.39; 416.3, 422.29; 416.3, 422.29; 425.96, 482.04; 425.96, 482.04; 421.49, 474.87; 421.49, 474.87; 444.85, 514.71; 444.85, 514.71; 385.39, 452.23; 385.39, 452.23; 408.59, 451.5; 408.59, 451.5; 385.12, 450.8; 385.12, 450.8; 408.74, 449.96; 408.74, 449.96; 390.12, 452.46; 390.12, 452.46; 497.07, 406.36; 497.07, 406.36; 494.66, 448.54; 494.66, 448.54; 501.93, 415.79; 501.93, 415.79; 485.79, 467.13; 485.79, 467.13; 499.41, 428.17; 499.41, 428.17; 480.7, 478.69; 480.7, 478.69; 484.48, 470.89; 484.48, 470.89; 478.17, 498.38; 478.17, 498.38; 477.44, 487.16; 477.44, 487.16; 482.59, 519; 482.59, 519; 478.8, 504.42; 478.8, 504.42; 488.2, 526.85; 488.2, 526.85; 488.07, 529.77; 488.07, 529.77; 462.31, 561.04; 462.31, 561.04; 483.19, 536.96; 483.19, 536.96; 457.71, 572.81; 457.71, 572.81; 462.75, 561.83; 462.75, 561.83; 447.59, 585.4; 447.59, 585.4; 418.06, 472.25; 418.06, 472.25; 446.23, 531.93; 446.23, 531.93; 445.97, 533.36; 445.97, 533.36; 404.45, 573.39; 404.45, 573.39; 415.87, 566.09; 415.87, 566.09; 444.94, 592.34; 444.94, 592.34; 430.29, 563.3; 430.29, 563.3; 403.35, 576.08; 403.35, 576.08; 489.52, 530.71; 489.52, 530.71; 468.03, 555.11; 468.03, 555.11; 498.93, 429.96; 498.93, 429.96; 497.69, 407.53; 497.69, 407.53; 227.1, 255.22; 227.1, 255.22; 248.39, 272.75; 248.39, 272.75; 240.96, 265.78; 240.96, 265.78; 264.4, 294.33; 264.4, 294.33; 261.08, 289.05; 261.08, 289.05; 297.31, 301.76; 297.31, 301.76; 276.79, 293.72; 276.79, 