radius = 5.184855881839512;
cppContour{1} = [737.9799043576099 351.4825135152713; 737.9932155697275 347.5205173403676;737.9033611247071 343.5594471048849;737.7340621007125 339.6009166883867;737.5072067074415 335.6452278162014;737.2444919235016 331.6917418773648;736.9689545674405 327.739120772872;736.7014098892913 323.7859543782397;736.4629461410133 319.8309349649397;736.2789991966489 315.873028033579;736.1706053994203 311.9123631404394;736.1631007523629 307.9502751077631;736.2808921209391 303.9900062362228;736.5312169261888 300.3293812707551;736.5679500647782 299.8898192599405;736.9985390761648 296.100778055578;737.6505194269726 292.1930216058429;738.529546459213 288.3300516025795;739.6556438293545 284.5318295643951;741.04 280.82;740.36 279.32;743.0700000000001 275.57;739.0995360598771 275.8500062134816;735.1532348898331 276.3694882946086;731.2440816706072 277.1190515105177;727.3831337920474 278.0868583702489;723.579791241042 279.2608518048204;719.8405694529282 280.625462929321;719.1790153759864 280.9031695046345;716.7809924170351 281.6315210666834;713.0911872062308 283.029452063113;709.5043344119238 284.6738584343513;706.0379315733363 286.5592526350029;702.71 288.68;701.1487887478942 289.6165056187546;697.807968061044 291.4837588242836;694.5768434498797 293.5349553484943;691.4658653545248 295.7641616527555;688.4843570815124 298.1638274729018;685.6430978221683 300.7280994181811;682.9513017300762 303.4489981003585;680.42 306.32;676.2 307.75;673.5422534702107 310.5208868062079;670.9763476863861 313.3769580002503;668.5032938297524 316.3137241941732;666.1271670478435 319.329436781717;662.97 315.63;661.2830051505312 318.9709467062609;659.5278978939308 322.2765834768098;657.7057958049968 325.5457555651402;655.8182167406468 328.7775609664576;653.8653075460691 331.9703264430478;651.8483472080062 335.1230392408422;649.7669674443003 338.2336223931572;647.6215290970727 341.3003592519514;645.4147464493527 344.3232262422688;643.6071028171052 346.6965779317841;642.420221753141 347.9060600820688;639.5878092406645 350.7031413722137;635 350.02;632.7227869012472 352.9737651476159;630.3333820816673 355.8374125971128;627.8354879427283 358.6068757841538;625.2336000532318 361.2788488985616;622.5311156210525 363.8490295683009;619.7318224969556 366.3135295472534;616.7092037875944 368.484905481963;613.5535909973661 370.4731336788585;610.4542978754242 372.5480298840207;607.3983486365157 374.6864039757013;606.4831948839515 375.3425897046947;604.3871164484308 376.4635282116792;600.825656842815 378.2415238322878;596.77 376.83;593.7591277327338 378.7976438692249;590.6492408619309 380.6042156941044;587.4482408723453 382.2438499974966;584.165985213398 383.7144758465021;580.809124433417 385.0061338312138;577.3875593348087 386.1146671907443;573.9126293995707 387.0418542764858;571.02 387.1;567.4350650915923 387.9307897888499;563.8322831432204 388.680136596152;560.2137054687602 389.349034710928;556.5808749085612 389.9356598625677;552.9358686645743 390.4414986094479;549.2799065383632 390.8607960524529;545.6155904694577 391.1990647035499;541.49 390.05;537.5760170685821 390.3658078630603;533.6532200334912 390.5393510480219;529.726765318882 390.569998306774;525.8018056158274 390.4582082491592;521.883511370278 390.2037002791643;517.9769502972508 389.8080762606878;514.5164606466285 389.3292165562065;511.6976992630896 388.2638710218319;508.1499229889363 387.1367033328114;504.5469714197729 386.2012249293508;500.8991404815116 385.4598604516311;497.2166895411481 384.9151874138652;493.49 384.24;490.3832451678378 381.7297010585581;487.2628797748525 379.2363442778825;484.1219894241887 376.7689047800844;480.9542976727454 374.3359811211579;477.7538341617488 371.9463531851462;474.5139872631628 369.6104238401832;471.2305595601847 367.3361995549758;467.8969210311785 365.1362782751462;464.5101675929659 363.0191068495957;461.0662002194935 360.9963902637227;457.5621811072642 359.0796624485243;453.9962780704427 357.2807550544103;450.3633098182002 355.6219065713263;446.6556420059094 354.1377789595865;442.8814093358721 352.832164457351;439.0514932650917 351.700088955386;435.176096981627 350.7348843610255;431.2647488700214 349.9273639793595;427.3258727824096 349.2666827135608;426.4317163108867 349.1477010061311;426.3851334540807 349.13400943093;422.6498991821131 348.1964811446394;418.8809490013513 347.4055961379506;415.0836824682611 346.7646015488353;411.2642873410508 346.2723682023276;407.4285031688249 345.9305128180723;403.582204163914 345.7403744405348;399.7313786703457 345.7006198835119;395.8819551308677 345.8138375961253;392.04 346.08;387.4614075405247 347.4355137870513;383.470074325274 347.2868119973094;379.4827930003026 347.0544202020114;375.5032861738596 346.7147888660399;371.5368719788388 346.2472762466017;367.5915362757711 345.6272147120684;366.5015422637061 345.4064742147121;364.0568399628165 344.5982218398522;360.551333791005 343.3158675163295;357.0875700876104 341.9247432479351;353.6685510801443 340.4269578134145;350.2977568100509 338.8235190179766;346.9785252626712 337.1157409790098;343.7156239819043 335.3026630377855;340.5110559320996 333.3884952069059;337.367525549004 331.3757324438261;334.2883066608724 329.2659323931113;331.2767082066749 327.0606420601648;328.3361684351073 324.7613976963933;325.47 322.37;323.5568520484051 322.7139761172734;320.7257814440352 319.9343306253294;317.8002648754133 317.2543208727539;314.7851968775184 314.6755080565097;311.6844626583339 312.2003995216918;308.500984128169 309.8326672299885;305.2393048430743 307.5739125591722;301.9034915004741 305.4261355000072;298.4970244632022 303.3922996228973;297.31 301.76;293.875551892564 300.0125258748047;290.3907829925175 298.3677763179451;286.8587793842398 296.8271604462256;283.2828835140352 295.3914322667863;279.6659585582728 294.0624854715784;276.0115001197178 292.8405052111472;272.3224062455457 291.7274194883686;268.6019958646289 290.7238993768639;264.8534390925838 289.8311436871538;263.4404689645506 289.5386432204524;263.1721803057756 289.1407433058988;260.8300805802372 285.9388692342548;258.3697361923431 282.8269774087679;255.79335150988 279.8105033721594;253.1065308200517 276.8919833822844;250.3128764757356 274.075575521168;247.416285210148 271.3651590442304;246.9160772248646 270.9306152993927;245.8873926813484 269.660824946874;243.1832652911983 266.7468150007463;240.2900492121655 264.0207291835777;237.2213195729369 261.4939081507295;233.9914666094015 259.1765026812499;230.6131216186996 257.0811786770553;227.1 255.22;226.8776396657974 253.0059938423563;229.7708648879489 250.4642420428284;232.5041659396123 247.7512510610112;235.0724018552943 244.88150318191;237.4712449528431 241.8687091101779;239.6951595568131 238.7245058840925;241.7400804587216 235.4609449016676;243.600320053671 232.0885660567098;245.2704314100345 228.6179376341185;246.7381059080084 225.0569973779041;248.1 222.5;248.009485 221.419921;244.2260610292988 220.9381596147579;240.4232181260464 220.6495542552395;236.6104622457405 220.5601667072226;232.7981105009575 220.6666762022282;228.9961798927074 220.9691428837805;225.2143257013823 221.4637992749169;221.4628388649777 222.1522594107666;217.7512919508524 223.0306728383787;214.0888519485191 224.095120694127;213.6065678448642 224.2619742899041;209.8618512387089 225.3798499868841;209.9 223.95;210.0101677984875 220.4018573905769;209.8696671467227 216.855258768688;209.4789023606347 213.3275325803932;208.8377445183594 209.8362137083493;207.940445 206.401569;207.939637 206.400136;204.334527437207 207.8726083216852;200.8250508228022 209.5598069066717;197.4260036342821 211.4595603306837;196.2424210404216 212.2207014348692;194.5457517744887 213.1182814623428;191.504888081394 215.1238407030754;188.6662811518669 217.4070410546994;186.0499035412781 219.9426318304121;183.6897679858479 222.7035671471022;182.5704691861143 223.9208215498562;180.1365800016718 226.9603626575376;178.021640902345 230.0232458755287;177.99 229.99;178.021640902345 230.0232458755287;177.9239982104027 230.1646533338356;175.9520295354146 