segmentsStart = [224.13, 404.67; 224.13, 404.67; 178.65, 368.33; 178.65, 368.33; 212.36, 401.32; 212.36, 401.32; 319, 450.03; 319, 450.03; 462.1, 463.94; 462.1, 463.94; 427.81, 422.95; 587.49, 557.72; 587.49, 557.72; 502.53, 394.19; 502.53, 394.19; 613.53, 540.71; 613.53, 540.71; 587.5, 559.26; 587.5, 559.26; 613.49, 537.69; 613.49, 537.69; 379.92, 464.46; 379.92, 464.46; 458.91, 522.74; 458.91, 522.74; 440.85, 469.53; 440.85, 469.53; 457.68, 524.96; 457.68, 524.96; 243, 285.7; 243, 285.7; 498.13, 374.84; 498.13, 374.84; 503.83, 393.25; 503.83, 393.25; 764.57, 309.92; 764.57, 309.92; 499, 373.49; 499, 373.49; 767.38, 305.07; 767.38, 305.07; 503.96, 374.07; 503.96, 374.07; 524.59, 382.38; 524.59, 382.38; 516.18, 379.23; 516.18, 379.23; 550.51, 386.92; 550.51, 386.92; 543.43, 387.5; 543.43, 387.5; 580.14, 388.58; 580.14, 388.58; 575.82, 389.16; 575.82, 389.16; 607.17, 382.43; 607.17, 382.43; 604.61, 388.53; 604.61, 388.53; 649.09, 361.86; 649.09, 361.86; 649.15, 367.87; 649.15, 367.87; 682.05, 332.22; 682.05, 332.22; 674.22, 347.67; 674.22, 347.67; 696.34, 326.48; 696.34, 326.48; 700.73, 325.72; 700.73, 325.72; 734.94, 309.7; 734.94, 309.7; 725.49, 311.74; 725.49, 311.74; 760.12, 306.88; 760.12, 306.88; 764.13, 308.34; 764.13, 308.34; 723.26, 428.95; 723.26, 428.95; 719.44, 435.16; 719.44, 435.16; 661.31, 459.99; 661.31, 459.99; 505.99, 393.11; 505.99, 393.11; 615.22, 455.06; 615.22, 455.06; 625.07, 457.25; 625.07, 457.25; 660.22, 460.45; 660.22, 460.45; 505.52, 395.27; 505.52, 395.27; 605.1, 447.87; 605.1, 447.87; 615.9, 454.68; 615.9, 454.68; 673.38, 457.63; 673.38, 457.63; 731.1, 421.05; 731.1, 421.05; 696.18, 448.89; 696.18, 448.89; 504.45, 393.85; 504.45, 393.85; 534.1, 435.84; 534.1, 435.84; 509.08, 400.9; 509.08, 400.9; 545.21, 452.29; 545.21, 452.29; 533.95, 431.7; 533.95, 431.7; 538.08, 439.94; 538.08, 439.94; 557.7, 476.85; 557.7, 476.85; 564.94, 483.71; 564.94, 483.71; 526.95, 422.57; 526.95, 422.57; 547.14, 453.19; 547.14, 453.19; 243.11, 285.53; 243.11, 285.53; 342.38, 349.97; 342.38, 349.97; 244.12, 288.57; 244.12, 288.57; 344.71, 352.99; 344.71, 352.99; 277.66, 298.91; 277.66, 298.91; 243.54, 287.21; 243.54, 287.21; 243.57, 286.33; 243.57, 286.33; 300.07, 314.43; 300.07, 314.43; 323.83, 335.03; 323.83, 335.03; 395.71, 360.7; 395.71, 360.7; 334.28, 344.69; 334.28, 344.69; 391.13, 358.9; 391.13, 358.9; 343.18, 350.27; 343.18, 350.27; 422.71, 361.61; 422.71, 361.61; 386.25, 359.16; 386.25, 359.16; 443.65, 361.67; 443.65, 361.67; 407.34, 360.88; 407.34, 360.88; 454.37, 363.57; 454.37, 363.57; 425.92, 361.57; 425.92, 361.57; 502.57, 373.32; 502.57, 373.32; 447.48, 362.25; 447.48, 362.25; 503.5, 376.17; 503.5, 376.17; 124.53, 338.48; 124.53, 338.48; 204.36, 392.93; 204.36, 392.93; 203.26, 392.53; 203.26, 392.53; 219.87, 402.79; 219.87, 402.79; 113.84, 335.07; 113.84, 335.07; 128.32, 338.53; 128.32, 338.53; 131.07, 338.72; 131.07, 338.72; 183.48, 371.03; 183.48, 371.03; 179.72, 370.83; 179.72, 370.83; 146.38, 409.87; 146.38, 409.87; 143.4, 413.14; 143.4, 413.14; 109.32, 464.21; 109.32, 464.21; 113.59, 463.78; 113.59, 463.78; 102.8, 474.22; 102.8, 474.22; 106.66, 464.91; 106.66, 464.91; 141.84, 468.45; 141.84, 468.45; 212.63, 399.15; 212.63, 399.15; 188.83, 428.25; 188.83, 428.25; 184.32, 428.95; 184.32, 428.95; 147.73, 455.85; 147.73, 455.85; 147.18, 459.32; 147.18, 459.32; 142.34, 469.47; 142.34, 469.47; 211.48, 400.09; 211.48, 400.09; 179.62, 431.37; 179.62, 431.37; 318.67, 452.65; 318.67, 452.65; 463.95, 466.26; 463.95, 466.26; 319.07, 452.13; 319.07, 452.13; 462.13, 462.75; 462.13, 462.75; 427.74, 428.26; 427.74, 428.26; 551.87, 513.95; 551.87, 513.95; 433.14, 432.39; 433.14, 432.39; 589.76, 559.07; 589.76, 559.07; 554.79, 514.26; 554.79, 514.26; 588.71, 558.49; 588.71, 558.49; 381.18, 465.89; 381.18, 465.89; 439.15, 468.71; 439.15, 468.71; 404.64, 505.79; 404.64, 505.79; 381.17, 548.95; 381.17, 548.95; 440.26, 474.34; 440.26, 474.34; 445.74, 498.88; 445.74, 498.88; 456.44, 522.01; 456.44, 522.01; 420.37, 554.7; 420.37, 554.7; 590.54, 559.24; 590.54, 559.24; 605.87, 585.66; 605.87, 585.66; 586.5, 558.99; 586.5, 558.99; 578.42, 585.78; 578.42, 585.78; 591.47, 497.94; 591.47, 497.94; 609.32, 584.93; 609.32, 584.93; 563.81, 485.18; 563.81, 485.18; 615.29, 568.61; 615.29, 568.61; 37.83, 259.7; 37.83, 259.7; 119.09, 338.76; 119.09, 338.76; 42.67, 252.56; 42.67, 252.56; 204.01, 199.21; 204.01, 199.21; 133.83, 307.51; 133.83, 307.51; 190.46, 294.52; 190.46, 294.52; 189.9, 238.59; 189.9, 238.59; 216.66, 256.75; 216.66, 256.75; 206, 250.47; 206, 250.47; 230.47, 271.96; 230.47, 271.96; 218.58, 256.42; 218.58, 256.42; 239.12, 279.99; 239.12, 279.99; 230.37, 271.5; 230.37, 271.5; 243.95, 286.75; 243.95, 286.75; 169.94, 252.73; 169.94, 252.73; 202.33, 203.36; 202.33, 203.36; 170.71, 255.8; 170.71, 255.8; 198.58, 219.31; 198.58, 219.31; 203.1, 204.11; 203.1, 204.11; 196.94, 224.3; 196.94, 224.3; 193.99, 230.87; 193.99, 230.87; 184.82, 245.05; 184.82, 245.05; 170.27, 258.31; 170.27, 258.31; 181.63, 277.71; 181.63, 277.71; 175.42, 271.27; 175.42, 271.27; 190.71, 289.47; 190.71, 289.47; 152.97, 223.15; 152.97, 223.15; 200.22, 201.01; 200.22, 201.01; 159.24, 219.77; 159.24, 219.77; 168.9, 213.65; 168.9, 213.65; 154.67, 224.28; 154.67, 224.28; 192.04, 204.7; 192.04, 204.7; 185.98, 204.89; 185.98, 204.89; 205.71, 199.46; 205.71, 199.46; 171.52, 252.62; 171.52, 252.62; 203.91, 199.75; 203.91, 199.75; 163.77, 245.1; 163.77, 245.1; 202.59, 203.19; 202.59, 203.19; 164.66, 237.76; 164.66, 237.76; 201.76, 202.45; 201.76, 202.45; 143.33, 220.18; 143.33, 220.18; 172.42, 198.68; 172.42, 198.68; 176.2, 208.5; 176.2, 208.5; 174.05, 198.84; 174.05, 198.84; 190.85, 240.03; 190.85, 240.03; 243.69, 290.42; 243.69, 290.42; 203.51, 245.78; 203.51, 245.78; 242.74, 285.66; 242.74, 285.66; 194.06, 240.34; 194.06, 240.34; 204.59, 244.97; 204.59, 244.97; 171.44, 253.69; 171.44, 253.69; 185.54, 284.38; 185.54, 284.38; 176.22, 267.72; 188.77, 287.58; 188.77, 287.58; 131.64, 307.99; 131.64, 307.99; 182.1, 300.81; 182.1, 300.81; 175.84, 302.8; 175.84, 302.8; 194.93, 294; 194.93, 294; 179.43, 279.27; 179.43, 279.27; 193.87, 293.48; 193.87, 293.48; 134.84, 308.59; 134.84, 308.59; 184.03, 298.35; 184.03, 298.35; 195.76, 383.55; 195.76, 383.55; 117.95, 333.18; 117.95, 333.18; 38.59, 259.27; 38.59, 259.27; 117.61, 332.93; 117.61, 332.93; 96.91, 300.12; 96.91, 300.12; 38.35, 264.7; 38.35, 264.7; 155.23, 224.64; 155.23, 224.64; 76.79, 244.18; 76.79, 244.18; 42.33, 252.16; 42.33, 252.16; 77.15, 242.36; 77.15, 242.36; 113.37, 222.27; 113.37, 222.27; 69.87, 250.08; 69.87, 250.08; 88.01, 249.05; 88.01, 249.05; 88.89, 256.48; 88.89, 256.48; 89.16, 247.39; 89.16, 247.39; 90.4, 256.28; 90.4, 256.28; 90.45, 246.45; 90.45, 246.45; 91.66, 255.6; 91.66, 255.6; 91.67, 245.56; 91.67, 245.56; 92.8, 255.05; 92.8, 255.05; 93.05, 244.7; 93.05, 244.7; 94.1, 254.54; 94.1, 254.54; 94.46, 244.59; 94.46, 244.59; 95.25, 253.85; 95.25, 253.85; 96.07, 244.6; 96.07, 244.6; 96.64, 251.97; 96.64, 251.97; 30.5, 248.82; 30.5, 248.82; 29.5, 257.73; 29.5, 257.73; 32.05, 247.99; 32.05, 247.99; 31.18, 259.29; 31.18, 259.29; 34.05, 246.6; 34.05, 246.6; 32.72, 259.12; 32.72, 259.12; 35.46, 246.98; 35.46, 246.98; 34.36, 260.4; 34.36, 260.4; 37.07, 247.87; 37.07, 247.87; 35.96, 259.7; 35.96, 259.7; 38.58, 247.95; 38.58, 247.95; 37.29, 258.84; 37.29, 258.84; 39.56, 249.5; 39.56, 249.5; 38.64, 257.38; 38.64, 257.38; 41.34, 249.69; 41.34, 249.69; 40.43, 256.44; 40.43, 256.44; 117.8, 261.83; 117.8, 261.83; 93.64, 237.63; 101.1, 252.14; 101.1, 252.14; 102.94, 248.75; 102.94, 248.75; 101.42, 238.39; 101.42, 238.39; 142.11, 219.91; 142.11, 219.91; 164.47, 202.72; 164.47, 202.72; 153.94, 209.35; 153.94, 209.35; 172.93, 198.07; 172.93, 198.07; 176.91, 207.44; 176.91, 207.44; 173.67, 197.18; 173.67, 197.18; 41.1576, 253.363; 41.1576, 253.363; 41.32, 250.83; 41.32, 250.83; 96.1331, 244.432; 96.1331, 244.432; 93.8, 244.4; 93.8, 244.4; 655.64, 362.29; 655.64, 362.29; 696.689, 345.08; 696.689, 345.08; 696.689, 345.081; 696.689, 345.081; 