radius = 6;
cppContour{1} = [549.76 456.55; 549.8993840003493 456.8465355452048;548.5256290627289 454.4199061075424;546.5793740995438 451.0891723970177;544.5869438781307 447.7858595081648;542.5491358958635 444.5103460644001;540.4664716003323 441.263170489318;538.3380401611651 438.0458021304848;536.1664492094638 434.8573961647565;533.95 431.7;530.2911184090829 427.6376897269645;528.9465546915536 425.0549279075266;526.9880547975763 421.5834205347953;524.9124164601789 418.1806891141663;522.7244719767466 414.8490745867442;520.4249839881173 411.5934459005161;518.0170310804579 408.417202337479;515.5045014832494 405.3230054824631;512.8882654435947 402.3159535082311;510.1722376900342 399.3986955731311;507.3584215682172 396.5755875154683;506.222078495485 395.5106791383013;508.8302254063631 396.4047765292771;510.5261761610813 397.4879219169904;513.8508244415224 399.6435376129821;517.1629408428228 401.8183632693565;520.4644863756433 404.009208559331;523.7576851468491 406.2125821056993;527.0451120346569 408.4245604565677;530.3291792249491 410.6415250393696;533.6120274979783 412.8602944895974;536.8965627607794 415.0765654979367;540.1844563461906 417.2878492377322;543.4787484260083 419.4895875832605;546.7810944970856 421.6792221605538;550.0946039246556 423.851925234829;553.4208593263542 426.0050574274757;556.7624486577822 428.1343031432107;560.1210801158168 430.2365614836393;561.278378906625 430.9456243710538;561.4586367736674 431.0696044310658;564.7483398830576 433.2675370067047;568.0708066778104 435.4155915790222;571.4292616916081 437.506906591071;574.826886553583 439.5339205256176;578.2667395425431 441.4884020561944;581.7509860544566 443.3625534300876;585.2814704702442 445.1480423543998;588.8597833201723 446.8356017044439;592.4869639791449 448.4153387264819;596.1633940906922 449.8767620762832;599.8877814835015 451.2111610356717;603.6592905129288 452.4058957198494;605.1215826840896 452.8069958105358;606.1284320367372 453.1773484180066;609.8772519280927 454.460084703653;613.6558644794487 455.6521673680855;617.4629971936416 456.7497320237635;621.2976170349366 457.7470276749101;625.1583420409904 458.6378713074772;629.0427037919392 459.4191899227713;632.94880455432 460.0833123056686;636.8736294399367 460.6258700110048;640.8139317077262 461.0411992272247;644.7659315944802 461.324230131527;648.7253579618936 461.4699914402848;652.6874455120837 461.4747329172471;656.6470341511138 461.3337082367494;660.5985063867248 461.0438851423167;664.5357290517767 460.6004830385792;668.4529029740642 460.0054178783658;672.3444217708126 459.260698259207;676.2045809464603 458.3676045088475;680.0280540285722 457.3286308014676;683.809130966466 456.1446157809575;687.5423313361682 454.8174082207066;691.2223952374669 453.349332487203;694.8433597215524 451.7410230726513;698.4003309643159 449.9957604362949;701.8868022973681 448.1136605858552;705.2974266531138 446.0973972230009;708.6262535355735 443.9488264280006;711.8673828121284 441.6701222675812;715.0146103557253 439.2634193122778;718.0615006661817 436.7308944947139;721.0032972552477 434.0770540932333;723.8347982442934 431.305824201651;726.552859256558 428.4232707933982;729.1534139443772 425.4342578923738;731.6325143724256 422.3437824095252;733.9872444653033 419.1575122866525;736.2132508273857 415.8800361765312;738.3074384023088 412.516805634305;740.2656752026869 409.0726593289474;742.0842987541073 405.5527912190308;743.7597810081435 401.9626007096282;745.2880017781772 398.3072887981363;746.6646477980854 394.5922488760619;747.8862399571768 390.8233860905946;748.9487152263456 387.0066216245224;749.8500319619686 383.1485986892385;750.6030596132829 379.2587958920352;751.2310415408888 375.3467523283018;751.755871139225 371.4194597846255;752.202036136259 367.4823988875985;752.5910675152647 363.5392430864171;752.9446518486562 359.5927317195722;753.2845055575633 355.645007119625;753.6324334074859 351.6979913566498;754.0093538060432 347.7536488559679;754.4403058692776 343.8148574876928;754.9469982540068 339.8851392845444;755.5524854133502 335.9694677417299;756.2828114551214 332.0752315692315;757.1363814090323 328.3203688945796;757.176497390428 328.1557416523082;758.2130005729323 324.3919925422224;759.4618749861879 320.6320917062613;760.9275263609966 316.9513385763877;762.6279736870824 313.3730679235294;764.5700000000001 309.92;767.38 305.07;763.4141720834305 304.7327759172186;759.435210909414 304.6350536092272;755.4573418628739 304.7704117422899;751.4934518772347 305.1302804145657;747.5542408581784 305.7001522376611;743.6490581808671 306.4695392435868;743.2570376755405 306.5663105121639;740.4821529009506 306.9551022079951;736.6205227397261 307.7650293202071;732.8222357335217 308.8335968706724;729.1057073746634 310.1593009366031;725.49 311.74;723.799570913716 312.4318706804066;720.209171861226 313.7580459206125;716.6991022982954 315.2841219930168;713.2797059941823 317.0037525618458;709.9621712983957 318.9125851276326;706.7573205435421 321.0051894022939;703.6759751694909 323.2759429255903;700.73 325.72;696.34 326.48;693.2861126756505 328.8072048001899;690.3082229268224 331.2308149573926;687.4104028727395 333.7495357424431;682.05 332.22;679.8650066092147 335.2584147131468;677.6189555909358 338.2519484031013;675.3127324465502 341.1993510452317;672.9472590126346 344.0994141465285;670.5241489297458 346.951509065475;668.0433533016053 349.7535984692735;665.5048286965596 352.5035241299341;662.910677303552 355.201011471764;660.2627186439109 357.8456693335497;658.045412790761 359.9719038804456;656.7431344682584 360.9400241998256;653.511411184696 363.2639641500372;649.09 361.86;646.382099877611 364.4246538445988;643.5776935689709 366.8832877522563;640.6801296444532 369.2313093049977;637.6950901379487 371.4670567025735;634.626975372979 373.5874044901591;631.4798111962939 375.5886297312187;628.1575237277823 377.2659238003172;624.7316385135691 378.7403689487506;621.3483098274728 380.3099743992808;617.997966688656 381.949016655672;616.8741182274337 382.5149634608849;614.7455319006638 383.256987849859;610.9518564105226 384.4618814950672;607.17 382.43;603.8906892232958 383.9065303070972;600.5382363343251 385.2077504524368;597.1219427223136 386.330644361442;593.6515951309401 387.2738540646158;590.1354552261525 388.0293080572932;586.5836914066007 388.5931802254382;583.0075417657582 388.97141174246;580.14 388.58;576.4691848502093 388.8453358230878;572.7933719300338 389.0281128251283;569.1144203081261 389.1289644942573;565.4341118156634 389.1468319550753;561.754271575227 389.0830752270234;558.0770258176755 388.9309273045788;554.4041050251303 388.6971842833593;550.51 386.92;546.5947484530346 386.6256356717466;542.6928687820998 386.1890393974792;538.8094969199082 385.6108083691317;534.9497595066694 384.8917717009202;531.1185184575999 384.0337171285132;527.3210392141472 383.0368210865752;523.968044157155 382.026329519794;521.3540490570688 380.5399010008905;518.0239907318878 378.8765945260374;514.609753897212 377.3939900201721;511.1210389947585 376.0963386446567;507.5678607207433 374.9869336242018;502.57 373.32;498.8753670585223 372.075356649254;495.1586043593503 370.8984772706556;491.42094338188 369.7898102067301;487.6636891116794 368.7495018200875;483.8881195604785 367.7777816580705;480.0955367150531 366.8747582235628;476.2871901329052 366.0406696293786;472.4643036070025 365.2759564040921;468.6283322974046 364.5797870460067;464.7802545659511 363.9538894701238;460.9212820843007 363.3990726120929;457.0530036755914 362.9135288975313;453.1764604495237 362.4991860586204;449.2931600218177 362.1539806469208;445.4680418748751 361.8845099354669;442.7331020722613 361.4667288674659;438.8210714489863 360.9756368139011;434.8971122901179 360.5913286649077;434.6171269372655 360.5714795016607;432.222946853454 360.3179946723511;428.4037343976652 359.9619739857346;424.5805297146131 359.6517302375154;420.7537446919665 359.389269172419;416.924025955689 359.173688500607;413.0918763433318 359.0066145818298;409.2579613775231 358.8870578752501;405.4228655978707 358.8147071057607;