segmentsStart = [45.0347, 530.958; 45.0347, 530.958; 13.3347, 601.458; 13.3347, 601.458; 41.2347, 532.558; 41.2347, 532.558; 14.0347, 601.558; 14.0347, 601.558; 41.2347, 533.258; 41.2347, 533.258; 11.7347, 603.058; 11.7347, 603.058; 348.135, 586.058; 348.135, 586.058; 246.635, 680.658; 246.635, 680.658; 348.135, 568.958; 348.135, 568.958; 245.135, 681.258; 245.135, 681.258; 322.635, 602.258; 322.635, 602.258; 254.435, 589.858; 254.435, 589.858; 321.835, 600.758; 321.835, 600.758; 249.735, 591.458; 249.735, 591.458; 321.035, 598.458; 253.635, 589.158; 253.635, 589.158; 297.035, 243.358; 297.035, 243.358; 229.535, 381.358; 229.535, 381.358; 293.135, 251.058; 293.135, 251.058; 294.635, 244.958; 294.635, 244.958; 229.535, 380.658; 229.535, 380.658; 288.435, 227.058; 288.435, 227.058; 289.935, 152.558; 289.935, 152.558; 285.335, 147.258; 285.335, 147.258; 295.435, 158.158; 295.435, 158.158; 359.835, 262.058; 359.835, 262.058; 292.235, 192.258; 292.235, 192.258; 294.635, 190.658; 294.635, 190.658; 300.835, 213.158; 300.835, 213.158; 324.935, 237.958; 324.935, 237.958; 293.135, 234.058; 293.135, 234.058; 292.335, 265.058; 292.335, 265.058; 296.235, 235.658; 296.235, 235.658; 286.135, 290.658; 286.135, 290.658; 221.835, 255.058; 221.835, 255.058; 203.235, 256.658; 203.235, 256.658; 215.635, 252.658; 215.635, 252.658; 213.785, 251.894; 213.785, 251.894; 215.771, 251.36; 215.771, 251.36; 214.035, 250.358; 214.035, 250.358; 109.435, 247.958; 109.435, 247.958; 124.935, 244.158; 124.935, 244.158; 107.135, 251.958; 107.135, 251.958; 106.335, 251.958; 106.335, 251.958; 124.135, 244.958; 124.135, 244.958; 78.4347, 273.658; 78.4347, 273.658; 131.935, 243.358; 131.935, 243.358; 64.5347, 319.358; 64.5347, 319.358; 93.9347, 261.958; 93.9347, 261.958; 69.1347, 351.158; 69.1347, 351.158; 91.5347, 265.858; 91.5347, 265.858; 182.935, 356.658; 182.935, 356.658; 185.335, 355.058; 185.335, 355.058; 67.4347, 331.758; 67.4347, 331.758; 68.4347, 358.158; 68.4347, 358.158; 68.3347, 356.558; 68.3347, 356.558; 69.8347, 361.958; 69.8347, 361.958; 226.435, 317.758; 226.435, 317.758; 231.135, 147.258; 231.135, 147.258; 238.935, 159.558; 238.935, 159.558; 231.935, 145.658; 231.935, 145.658; 241.235, 159.558; 241.235, 159.558; 239.635, 158.158; 239.635, 158.158; 313.235, 50.3581; 313.235, 50.3581; 188.435, 128.658; 188.435, 128.658; 227.586, 133.271; 227.586, 133.271; 188.435, 127.858; 188.435, 127.858; 231.035, 134.058; 231.035, 134.058; 230.335, 131.758; 230.335, 131.758; 185.335, 125.558; 185.335, 125.558; 133.435, 118.558; 133.435, 118.558; 47.4347, 134.058; 131.935, 118.558; 131.935, 118.558; 48.2347, 123.958; 48.2347, 123.958; 129.535, 113.958; 129.535, 113.958; 74.4347, 96.8581; 74.4347, 96.8581; 69.8347, 99.1581; 69.8347, 99.1581; 119.435, 162.658; 119.435, 162.658; 75.3347, 96.8581; 75.3347, 96.8581; 118.735, 154.958; 118.735, 154.958; 92.3347, 97.6581; 92.3347, 97.6581; 119.435, 157.358; 119.435, 157.358; 120.235, 159.658; 120.235, 159.658; 84.5347, 116.258; 84.5347, 116.258; 118.735, 160.458; 118.735, 160.458; 79.9347, 113.158; 114.035, 156.558; 114.035, 156.558; 70.6347, 156.558; 70.6347, 156.558; 104.735, 154.258; 104.735, 154.258; 72.9347, 156.558; 72.9347, 156.558; 115.635, 165.058; 115.635, 165.058; 46.6347, 152.658; 46.6347, 152.658; 113.235, 164.358; 113.235, 164.358; 46.5347, 139.558; 56.7347, 166.658; 56.7347, 166.658; 109.435, 180.658; 109.435, 180.658; 54.3347, 163.558; 54.3347, 163.558; 111.635, 179.758; 111.635, 179.758; 117.135, 182.958; 117.135, 182.958; 85.3347, 268.958; 85.3347, 268.958; 115.635, 185.258; 115.635, 185.258; 87.0347, 268.958; 87.0347, 268.958; 134.935, 4.65809; 134.935, 4.65809; 128.035, 5.35809; 130.335, 106.258; 130.335, 106.258; 124.135, 10.0581; 124.135, 10.0581; 142.735, 146.458; 142.735, 146.458; 119.435, 70.5581; 119.435, 70.5581; 154.335, 157.358; 154.335, 157.358; 83.1347, 398.558; 83.1347, 398.558; 48.2343, 579.016; 81.5347, 399.358; 81.5347, 399.358; 49.0347, 573.758; 49.0347, 573.758; 70.7347, 410.158; 70.7347, 410.158; 49.0347, 571.358; 49.0347, 571.358; 49.0347, 567.558; 49.0347, 567.558; 99.3347, 697.758; 99.3347, 697.758; 49.8347, 566.758; 49.8347, 566.758; 97.0347, 696.958; 97.0347, 696.958; 43.6347, 572.158; 43.6347, 572.158; 37.4347, 711.658; 37.4347, 711.658; 121.835, 426.458; 121.835, 426.458; 129.431, 626.511; 129.431, 626.511; 130.542, 624.232; 130.542, 624.232; 130.541, 624.23; 130.541, 624.23; 129.635, 618.758; 129.635, 618.758; 121.835, 448.158; 121.835, 448.158; 126.535, 628.858; 126.535, 628.858; 228.035, 442.758; 228.035, 442.758; 165.243, 598.971; 165.243, 598.971; 224.935, 444.258; 224.935, 444.258; 164.924, 597.339; 164.924, 597.339; 223.435, 443.458; 223.435, 443.458; 308.735, 482.258; 164.335, 594.658; 164.335, 594.658; 167.635, 595.458; 167.635, 595.458; 306.435, 487.658; 306.435, 487.658; 302.535, 487.658; 302.535, 487.658; 239.035, 654.358; 239.035, 654.358; 124.235, 631.858; 124.235, 631.858; 150.635, 751.958; 150.635, 751.958; 269.935, 369.058; 269.935, 369.058; 352.135, 614.858; 352.135, 614.858; 269.935, 370.658; 269.935, 370.658; 352.935, 583.758; 352.935, 583.758; 282.335, 378.358; 282.335, 378.358; 355.235, 606.258; 355.235, 606.258; 262.235, 362.158; 262.235, 362.158; 283.935, 379.958; 283.935, 379.958; 213.781, 251.893; 213.781, 251.893; 201.992, 277.715; 201.992, 277.715; 201.994, 277.718; 201.994, 277.718; 201.635, 277.458; 201.635, 277.458; ];
