radius = 6.391971479483101;
cppContour{1} = [176.935 537.258; 176.9656735714619 537.183265914618;175.921478843353 540.4504089693918;174.7646601057023 544.2552201709088;173.6646336310116 548.0768696090878;172.6247482362472 551.9153050193687;171.6422865952446 555.7688103203016;170.7205761703988 559.6373344388436;169.8636183283392 563.520697268246;169.0676939093399 567.4170018223942;168.338820510085 571.3264448250775;167.6797157789454 575.2482151037717;167.0864602314198 579.1804743810227;166.5673255673838 583.1232535547198;166.1228830601028 587.075080271404;165.7503592799848 591.0343509911902;164.335 594.658;161.5446427766239 597.5182516253089;158.6887034716617 600.3130485543834;155.7714360120844 603.0438603427534;152.8085270195265 605.7250658545572;149.8166592556759 608.3739606823746;146.8047337145557 611.0000407785394;143.7878678586886 613.6204464319457;140.7772022096355 616.2479702341161;137.7884476276832 618.9003806711227;134.8311039377044 621.5876923824763;131.9172238772959 624.322109544702;130.542075 624.23169;131.4462488824498 620.355320474176;132.2550967422108 616.45800908162;132.9577161898849 612.5400925557745;133.5613200378684 608.6057487887488;134.0749773321526 604.658608075835;134.4960293239207 600.7004996991479;134.8338927081457 596.7344674417784;135.095261021177 592.7625997827561;135.2776081807268 588.7863199705342;135.3925119927173 584.807534062293;135.4426124548811 580.8273694656648;135.4293669578952 576.8469158053192;135.3607555101727 572.8670323626366;135.2398080313507 568.8883764285869;135.0698301560091 564.911506730237;134.8558321752484 560.9367718237179;134.6019954102948 556.9643681986249;134.3110069948072 552.9945032458121;133.9869149176176 549.0272100603363;133.6354665939207 545.0622392143438;133.2575195269723 541.0996999762242;132.857849292374 537.1392955921667;132.440989339544 533.1806576279926;132.0097636865487 529.2235581408096;131.7648699455337 527.0299393304831;131.5316367197676 524.1059771703433;131.1775684918475 520.1736340087572;130.7396409974027 516.2497071547754;130.2096136758144 512.3372045805754;129.6098878766359 508.4347482846681;129.5516930048846 508.0927055242101;129.1834393870533 505.5097762362436;128.538626425259 501.5819378629246;127.8216476798606 497.6665553685856;127.0471804109636 493.7621402172293;126.2332060909785 489.8657449063974;125.3911842908141 485.9752965267966;124.6862571879932 482.7680982409469;124.3939838512376 481.2944370589139;123.6503883097596 477.4167376520514;122.959511052993 473.638347859951;122.8396397170826 471.8019283126636;122.6052171271695 467.8643866402821;122.3947708151327 463.9254992088602;122.2081779984894 459.985403481418;122.0538306428095 456.0439119050855;121.9287392989461 452.1013978341602;121.835 448.158;120.0699455389781 442.1322905839422;120.2495450923323 438.1882289072993;120.610822141058 434.256596369851;121.1382920156561 430.3442464510292;121.835 426.458;119.505533929039 423.0794642844475;121.135 419.458;119.505533929039 423.0794642844475;118.5895187942989 426.9508423464715;118.1358033209464 430.9038784089549;117.9579880752978 434.8796718561738;117.9836038108333 438.85994337199;118.1759063608923 442.8357069187786;118.4890272703042 446.8037717533998;118.8985535941426 450.7630171093819;119.3889027518452 454.7131512497007;119.95340497372 458.6534043293682;120.5830479934407 462.5837317199567;121.2819004897121 466.5023885806684;122.0435881170336 470.4093191204124;122.8485370107837 474.3075824931604;123.0707609664582 475.342687885611;123.0965689213069 475.7380637475694;123.3715263860763 479.6729831889613;123.6628566577178 483.6067276954491;123.9693733616836 487.53931535615;124.286516833922 491.4710621647549;124.6137552409664 495.4019839000093;124.947685397813 499.3323428151531;125.2856292323997 503.2623591207574;125.6254161712843 507.1922165053959;125.9655325335942 511.1220454334725;126.3025283534254 515.0521430528161;126.6344326319643 518.9826735572398;126.9590465392066 522.9138117115185;127.2732409521731 526.8457968837686;127.5738984564221 530.7788393160566;127.8619321980331 534.7128248219036;128.130875904825 538.6481641213811;128.3805008127432 542.5847712519302;128.62027252068 546.5219965912198;128.8645948141583 550.4589421286925;129.1091234499104 554.3958750497574;129.3493377699888 558.3330732048146;129.5788877995218 562.2709055690204;129.7939136387379 566.2095530325545;129.9895008561666 570.149215878329;130.1559960938422 574.0902041657206;130.2942704637678 578.032270923596;130.3949056046133 581.9754931568276;130.4548776169442 585.9195287318346;130.5105674554788 589.8636548360458;130.5584065932381 593.807878524637;130.5775752968418 597.7523145095546;130.5457924529071 601.6966598632258;130.443320211753 605.6397746294109;130.2472857552552 609.5791680164048;129.9386917923625 613.5113099829316;129.4724038306178 617.4278926979695;128.794989293238 621.3130813958572;127.8628620008187 625.1447558935968;126.535 628.8579999999999;124.235 631.8579999999999;121.5490218117835 634.7409511994501;119.1631604556069 637.8771792481206;117.0793314409223 641.2222317191853;117.0676347174078 641.2439665113652;116.2363182514059 642.402117663937;114.0694626666619 645.7592227103696;112.0587890627667 649.2118437575184;110.1970715420072 652.747281719352;108.49671010079 656.36316659803;106.9577460835139 660.0503693247703;105.5780566745314 663.8002243918351;104.3798270398323 667.611988312794;103.3600562338486 671.4750409287534;102.5152471670392 675.3803371127763;101.8705776961699 679.3235690151862;101.4103878712051 683.2922556635004;101.1363769323311 687.2785398315734;101.0724393844908 691.2735170479219;101.1904524517057 695.2669611881001;97.0347 696.958;97.26155164513438 700.9856571022017;94.64907591068786 701.7624177992959;91.01304266005464 703.2949051868658;87.52662860904812 705.1494546636222;84.12174773203103 707.1507396863268;80.69294938599842 709.110489405167;77.14167562118136 710.8360559002526;73.42831988043716 712.1668815548143;69.56846106887419 712.9824829474247;65.63068501455093 713.2499290503363;61.6823737125481 713.1972058879194;57.74046763328143 712.9621982743389;53.81402301017066 712.5423204471035;49.91386158939407 711.9222902126684;46.05586492652253 711.0814860830683;42.24813821499303 710.0369249756011;38.5121078286211 708.7576739109822;34.8678356684401 707.2387691130936;31.32610103561023 705.4934719685047;27.92116829232002 703.4942582949152;24.65968720288923 701.2694808752899;21.57990601959727 698.7983182441565;18.68921912108588 696.1094904627207;16.01030261096482 693.2085921133689;13.5632063938571 690.1106405372094;11.34236091907811 686.8457662916203;9.381606376154494 683.4183199264323;8.122021233491893 680.835083310805;7.305240905645914 678.1071759423618;6.41612460231312 674.3022958089837;5.773893537924964 670.4473909351879;5.365090777817286 666.5612645806054;5.152430026304022 662.6590113963501;5.13896918529151 658.7506562872198;5.275914569740046 654.8448424342513;5.533679096847317 650.9448339079884;5.885229747507762 647.0520590415683;6.287622010561257 643.1642539587766;6.761547982524777 639.2845492900606;7.342209157984433 635.4193874658787;8.056822916041771 631.5769870728805;8.920196473043674 627.7651704570926;9.982557824992142 624.0042600792364;11.22504153397258 620.2991221967239;12.67242388307158 616.6689432015119;14.30825155259962 613.1199988830859;16.11561983910956 609.6549762976255;18.08054319288457 606.2765223653198;20.10530894861887 602.9332472426657;22.10177891329646 599.5729862049411;22.80054256554811 598.3928307662227;23.29312251004362 597.7480564660868;25.7378925812613 594.6173948956156;28.17849641012871 591.4834833322479;30.62689326960951 588.3556651514624;33.09284654546376 585.241675213456;35.59233973292084 582.1545435902125;38.1337089358152 579.1018475372683;40.72859126431773 576.0945492956513;43.39628216108554 573.1516276447124;46.160808026643 570.2996921748627;47.02658806115149 569.4737382532226;47.2217389199658 570.2465106227031;47.76894692266458 571.3063872575685;48.07873987991163 575.0819776463279;48.2342672 579.0159190000001;49.0347 573.758;49.0347 