radius = 3.99705165369373;
cppContour{1} = [50.45482271990166 39.92747306245503; 52.818 42.999;53.112 42.805;55.60733631025081 39.73795073856147;57.6086929539324 36.32774661475082;59.16242051509595 32.69062908039232;60.35133208134715 28.91746811616203;61.2723655763521 25.06932169395241;62.04992749129312 21.18907703792565;62.81379770859444 17.30603826089152;63.69249887509034 13.44782318370305;64.81255612986727 9.653760308469383;66.49421853224725 6.088708156533532;69.3502744143705 3.442178792679856;73.14664485481762 2.70861735631486;76.40147330785557 4.64636098386226;77.78461181570536 8.303728312240306;78.26514736170083 12.22901301050771;78.33529518836075 16.18335878897593;78.00125236090946 20.12427764320836;77.26851249217678 24.01105646244226;76.20104157674797 27.82102309136238;74.99769487512098 31.59111327725557;73.87525789302587 35.38559069104846;73.06421242243637 39.25705345911554;72.83614600710072 43.20175882684752;73.11052447247155 43.78452921057568;73.14 45.685;74.29540223234589 47.03590790535752;75.61046007162919 50.51558083821462;76.8002238234449 52.51803298370861;76.25716717663192 53.21990713483999;73.3248605586362 51.90265344050798;69.48946599235697 51.24870789037812;65.59839228596842 51.41434320179949;61.78056766267321 52.20220370786009;58.08371397500763 53.444291757398;54.56367835100041 55.12070197972233;51.33056464436606 57.29681605098959;48.5686432561419 60.04347944140135;46.536 63.365;50.015 61.74;52.49301593283037 59.02672131993773;55.51825700968835 56.94315834817525;58.88199942429924 55.46063091035345;62.43769749476917 54.51212873209908;66.08245629081335 53.98723561285198;69.75708793469673 53.73877049547518;73.43853119329958 53.73303766398814;77.07963756547238 54.22940042617923;77.7873855523946 54.51284330021575;76.619 56.414;77.7873855523946 54.51284330021575;78.22439684960611 54.68786002983828;79.79000000000001 56.068;78.22439684960611 54.68786002983828;80.48699999999999 55.594;78.22439684960611 54.68786002983828;77.87118406660153 54.37648924620511;78.63012721208858 53.14156311857466;81.3780024153086 50.45751164433699;84.60574589428816 48.36947670724048;88.10776262231026 46.77805263095527;91.76083938106665 45.56799701696403;95.50785174991236 44.69441073294615;99.33609105891699 44.38952404765797;103.1068502991748 45.04307174333838;106.4139488112136 46.94827352875576;108.7673297120846 49.94843167045932;109.358365363256 52.60447628900388;107.7814310655214 55.75659263486178;104.7185511486189 58.07109031241159;101.1326519134781 59.48244937225664;98.09845564399049 60.32485000058375;97.44687050481241 60.45312237445393;93.74548333619204 61.50454463742287;90.24701952677427 63.09574855705937;87.13270692476428 65.34353839548371;84.46556865340291 68.11273626156628;82.15490101003185 71.1897206360746;80.06233660193864 74.42104703442854;78.04910988445643 77.70301853734347;75.98020153092224 80.94977121183024;73.71595663267796 84.06229064939801;71.11295042578669 86.89549178655361;68.065 89.23999999999999;67.69386317653317 92.15443552796968;64.2717489338882 93.80474379109182;63.136 93.998;60.37243884140279 94.87796285768775;56.454 95.036;60.37243884140279 94.87796285768775;64.15993798942101 93.85866441222781;64.2717489338882 93.80474379109182;66.925930236528 93.3531149134427;67.14700000000001 93.999;66.09427116264349 97.54755091617798;65.17077853888523 101.0464377210686;64.27028855029435 104.0965130255338;63.46561334367639 107.6471214460992;62.88927677315202 111.2422157544697;62.55720551976516 114.8680433595146;62.54800596378189 115.2032232275745;62.4833545660406 115.6805456435953;62.0977731357636 119.3617257019704;61.824 123.053;62.96130841199165 125.7671216899537;63.569 129.357;66.499 128.508;65.63484433553236 124.8081939154253;65.05269069990224 121.0539106964038;64.75104932390393 117.266908552961;64.72750392778809 113.468084979423;64.97988665696533 109.67762946385;65.50600101676245 105.9153879954997;66.30389469918065 102.2012319033037;67.3717299214956 98.55539766964476;68.70733556745999 94.99875340739895;70.2666006523956 91.64212045533844;70.35241981183412 91.59816637190026;73.29738243937783 89.11445205378571;75.77043764534776 86.15911377238537;77.85535690928424 82.91489573812922;78.6849582259936 81.3877181167004;78.81367371597339 81.21887474793688;81.03899900072363 77.98098912717079;83.18632418350663 74.69052298566115;85.32013699792346 71.39124526394023;87.45399999999999 68.092;87.63588156437642 66.34444907475083;90.44949739837708 63.71438489045318;93.76644936558483 61.76345586885306;97.41460894454508 60.5147101276577;98.09845564399049 60.32485000058375;101.2242727512499 59.7094952963037;105.0120286145976 59.0190243538777;108.3484008658188 57.22550902489348;109.592949510442 53.65866982283577;109.358365363256 52.60447628900388;109.4786182923034 52.36410405293041;108.9419505164517 48.61323077127874;106.6651615790878 45.56090452977359;103.281929454572 43.78801340103616;99.4902691633648 43.15562359280066;95.63565262443984 43.1963034665044;91.81123604698637 43.68451152981777;88.07405748989181 44.62983240719118;84.50005367812575 46.07214506459776;81.1949359429874 48.05259044060277;78.29402132842425 50.58737278108952;76.8002238234449 52.51803298370861;75.61046007162919 50.51558083821462;74.29540223234589 47.03590790535752;74.05852724318069 45.79805435262671;74.47799999999999 46.689;74.05852724318069 45.79805435262671;73.59625434960861 43.38232382043345;73.54300000000001 39.66;73.73647420816695 37.96561290498897;74.87132913176485 34.24396268048884;76.27125508832665 30.61218919583686;77.75195127271131 27.01199035691702;79.14639141223816 23.37809210126141;80.28191900714515 19.65696088834201;80.9601039178405 15.82930640898526;80.97844938752478 11.94505303241838;80.1841643389828 8.146237276998992;78.45945957114183 4.672317723918904;75.75798327192908 1.901358352481795;72.07681467994492 0.813441528303151;68.43929631261392 2.061631078547211;65.78868677101595 4.866770812589669;64.03735579742037 8.334996031729684;62.65924054527975 11.9744398755008;61.50242736740647 15.69072570076871;60.49595445632021 19.45094170772441;59.56404310249705 23.23054210948353;58.63000623886241 27.00960684366298;57.61711375293523 30.76809702716764;56.44414535920629 34.47906853375084;54.73874919319559 37.96020044102772;51.643 40.216;50.13619038546132 36.79024196654732;49.20002852277464 32.94993094044948;48.64240152918505 29.03490454643806;48.23715048894989 25.10034050846452;47.75836178583837 21.17441406921742;47.01309169260927 17.29119284228698;45.98756621046491 13.47204116004593;44.73637478083488 9.72052345323466;43.10149118645397 6.125977976504689;40.66048194085294 3.044433648359817;37.29815709843845 1.036379499675995;33.42812448119462 0.689923594542844;29.9992653476511 2.486333634893476;27.81975654124331 5.739051174832383;26.82090120414802 9.54754125537055;26.84351418043447 13.48725555577515;27.7595025311426 17.32702060391065;29.18726027220078 21.01404224182682;30.76929306652912 24.6392378808266;32.18004479619522 28.33260925539224;33.05678278206921 32.18254975733074;32.93889146985558 36.11901537896329;31.46906784709364 39.76550557359143;30.088 40.913;26.7406097349166 39.11896336731265;24.00452972802752 36.47436236056525;21.74312926507185 33.40958758777959;19.72585097836382 30.17507645735373;17.66695457032584 26.96751879444638;15.27900160561509 24.00416852767263;12.33844585163383 21.6033183432885;8.781639514562793 20.34350667553289;5.504528583967611 20.94096599428033;5.024267180040018 20.92651012417644;1.850235925141388 22.98260882263006;0.594315051349298 26.60957414235508;0.982002751517096 30.46553587298806;2.429525674157581 34.08585231538626;4.328855909338688 37.50010595361522;6.440053718780053 40.78794493312139;8.750708793036443 43.93886420821639;11.25654258361708 46.93694470897258;13.95151145767261 49.76635457776479;16.61991294533673 52.61536586891641;17.62640986156014 55.6153976636039;17.15670062415664 57.9094476890942;16.62852938711724 61.73032228954717;16.4023306903228 65.58028170921331;16.53593542378852 69.43378274314946;17.00990920724151 72.77985697768997;17.05322648096677 