segmentsStart = [18.454, 56; 18.454, 56; 30.088, 40.913; 30.088, 40.913; 18.896, 50.395; 30.786, 96.091; 30.786, 96.091; 21.849, 51.822; 28.456, 97.556; 28.456, 97.556; 17.842, 56.258; 17.842, 56.258; 30.246, 42.954; 30.246, 42.954; 51.643, 40.216; 51.643, 40.216; 73.14, 45.685; 73.14, 45.685; 53.112, 42.805; 53.112, 42.805; 77.512, 53.716; 77.512, 53.716; 73.543, 39.66; 73.543, 39.66; 70.308, 91.553; 70.308, 91.553; 66.499, 128.508; 67.147, 93.999; 67.147, 93.999; 61.824, 123.053; 61.824, 123.053; 20.782, 85.989; 20.782, 85.989; 36.724, 99.131; 36.724, 99.131; 30.794, 96.133; 30.794, 96.133; 28.381, 129.7; 33.362, 98.307; 33.362, 98.307; 33.439, 102.535; 33.439, 102.535; 28.614, 42.461; 28.614, 42.461; 51.643, 40.443; 51.643, 40.443; 30.345, 42.847; 30.345, 42.847; 52.818, 42.999; 52.818, 42.999; 68.065, 89.24; 68.065, 89.24; 75.936, 53.635; 75.936, 53.635; 63.136, 93.998; 63.136, 93.998; 87.454, 68.092; 87.454, 68.092; 46.536, 63.365; 50.015, 61.74; 50.015, 61.74; 68.034, 93.86; 68.034, 93.86; 63.569, 129.357; ];
segmentsEnd = [18.7693, 58.8163; 20.1301, 55.2407; 28.9464, 42.1472; 31.4691, 39.7655; 21.849, 51.822; 30.9155, 96.6315; 33.3812, 98.0272; 18.896, 50.395; 27.5637, 94.0947; 31.6881, 99.8021; 18.0505, 53.6658; 18.7693, 58.8163; 28.614, 42.461; 30.345, 42.847; 50.1362, 36.7902; 51.643, 40.443; 74.0585, 45.7981; 74.2954, 47.0359; 52.818, 42.999; 51.643, 40.216; 77.8712, 54.3765; 78.6301, 53.1416; 73.7365, 37.9656; 73.0797, 41.7986; 73.2974, 89.1145; 70.9205, 89.921; 63.569, 129.357; 70.2666, 91.6421; 66.9259, 93.3531; 62.5914, 122.145; 62.9613, 125.767; 20.1586, 82.8655; 19.8578, 85.014; 33.8579, 101.897; 37.0373, 97.3406; 30.786, 96.091; 28.0945, 93.3683; 31.9986, 130.671; 33.3812, 98.0272; 30.9155, 96.6315; 33.8579, 101.897; 31.6881, 99.8021; 26.9358, 40.8991; 30.246, 42.954; 50.4548, 39.9275; 52.818, 42.999; 30.246, 42.954; 31.4691, 39.7655; 51.643, 40.443; 53.112, 42.805; 70.9205, 89.921; 67.6939, 92.1544; 73.4385, 53.733; 77.0796, 54.2294; 64.1599, 93.8587; 60.3724, 94.878; 85.2751, 69.3919; 87.6359, 66.3444; 50.015, 61.74; 46.536, 63.365; 48.5686, 60.0435; 70.2666, 91.6421; 66.9259, 93.3531; 66.499, 128.508; ];
