boundaryCurve{1} = [16.796, 86.739; 16.7545, 84.6919; 16.2599, 82.7383; 15.4538, 80.9105; 14.4776, 79.2409; 13.3711, 77.5923; 12.217, 75.9866; 11.0335, 74.4097; 9.83801, 72.846; 8.64758, 71.2797; 7.47945, 69.6951; 6.35081, 68.0764; 5.27887, 66.4079; 4.28083, 64.6739; 3.37388, 62.8586; 2.57521, 60.9463; 1.90726, 58.939; 1.4505, 57.0034; 1.25401, 55.0054; 1.47058, 52.876; 2.26594, 50.8197; 3.5154, 49.199; 5.0745, 48.0868; 6.7988, 47.5562; 8.56081, 47.6699; 10.2622, 48.3337; 11.854, 49.4348; 13.3225, 50.8808; 14.6538, 52.5791; 15.7723, 54.3237; 16.7447, 56.0571; 17.67, 57.8425; 18.5779, 59.6474; 19.4985, 61.4394; 20.4654, 63.1923; 21.6087, 65.0116; 22.8691, 66.6901; 24.247, 68.1581; 25.7425, 69.3463; 27.356, 70.185; ];
boundaryCurve{2} = [16.73, 79.708; 16.2047, 81.7212; 15.7262, 83.7482; 15.3029, 85.7877; 14.9433, 87.8386; 14.6558, 89.8995; 14.4487, 91.9692; 14.3305, 94.0465; 14.3099, 96.131; 14.3968, 98.2188; 14.5975, 100.299; 14.9181, 102.36; 15.3645, 104.393; 15.9426, 106.386; 16.6584, 108.329; 17.5177, 110.212; 17.952, 110.703; 18.619, 111.961; 19.6666, 113.757; 20.7472, 115.534; 21.9267, 117.25; 23.0923, 118.966; 24.3245, 120.644; 25.4392, 122.401; 26.6556, 124.086; 28.224, 125.404; ];
boundaryCurve{3} = [19.585, 81.134; 18.6409, 82.9571; 17.7975, 84.8317; 17.056, 86.7519; 16.4174, 88.7115; 15.883, 90.7044; 15.4538, 92.7245; 15.1309, 94.7656; 14.9156, 96.8217; 14.8089, 98.8867; 14.812, 100.954; 14.9259, 103.019; 15.1519, 105.073; 15.4923, 107.122; 15.9442, 109.148; 16.5046, 111.144; 17.1707, 113.106; 17.9399, 115.027; 18.8092, 116.902; 19.7758, 118.725; 20.8371, 120.491; 21.9901, 122.194; 23.2322, 123.828; 24.5604, 125.388; 25.972, 126.868; ];
boundaryCurve{4} = [16.241, 87.021; 16.0145, 84.966; 15.2089, 83.1398; 14.0715, 81.5162; 12.839, 80.0533; 11.6186, 78.5688; 10.4338, 77.0305; 9.28561, 75.4402; 8.17513, 73.7997; 7.10348, 72.1107; 6.07178, 70.3751; 5.08113, 68.5945; 4.13263, 66.7708; 3.22739, 64.9057; 2.39466, 63.0619; 1.6609, 61.2301; 1.05524, 59.3243; 0.643963, 57.3364; 0.501448, 55.2524; 0.704983, 53.1601; 1.27518, 51.2369; 2.22799, 49.659; 3.81659, 48.4592; 5.65302, 48.0019; 7.4743, 48.1506; 9.24521, 48.806; 10.9329, 49.8849; 12.5045, 51.3044; 13.9255, 52.979; 15.0323, 54.5705; 16.0594, 56.2587; 17.0302, 58.0155; 17.9678, 59.8127; 18.8954, 61.6222; 19.8364, 63.4157; 20.8739, 65.2629; 22.0019, 67.0574; 23.2191, 68.7245; 24.5351, 70.2106; 25.9595, 71.4616; 27.502, 72.424; ];
boundaryCurve{5} = [48.747, 65.354; 50.0966, 64.4093; 51.1975, 62.9559; 52.0837, 61.1291; 52.7888, 59.0643; 53.3465, 56.8967; 53.7785, 54.8544; 54.1638, 52.8907; 54.5289, 50.9186; 54.8763, 48.9391; 55.2087, 46.9533; 55.5285, 44.9625; 55.8383, 42.9676; 56.1406, 40.9698; 56.4382, 38.9702; 56.7334, 36.9698; 57.0288, 34.97; 57.3271, 32.9716; 57.6308, 30.9759; 57.9424, 28.9839; 58.2645, 26.9967; 58.5996, 25.0156; 58.9504, 23.0415; 59.3194, 21.0756; 59.7091, 19.119; 60.122, 17.1727; 60.5609, 15.238; 61.0282, 13.316; 61.5298, 11.3953; 62.1047, 9.39846; 62.7624, 7.45839; 63.5364, 5.62591; 64.46, 3.95188; 65.8237, 2.24006; 67.4529, 1.01796; 69.2218, 0.505159; 70.952, 0.842824; 72.4593, 1.89128; 73.775, 3.4598; 74.887, 5.36025; 75.684, 7.12919; 76.3395, 8.92075; 76.8876, 10.7824; 77.3327, 12.7039; 77.6796, 14.6749; 77.9329, 16.685; 78.0974, 18.724; 78.1775, 20.7815; 78.178, 22.8473; 78.1036, 24.9109; 77.9588, 26.9622; 77.7483, 28.9928; 77.4806, 31.008; 77.164, 33.0062; 76.8047, 34.9893; 76.4088, 36.9595; 75.9823, 38.9187; 75.5314, 40.869; 75.0623, 42.8125; 74.5809, 44.7511; 74.0935, 46.6869; 73.6061, 48.6219; 73.1249, 50.5583; 72.659, 52.4857; 72.2123, 54.4206; 71.79, 56.3694; 71.3991, 58.3311; 71.0467, 60.3045; 70.7397, 62.2884; 70.4851, 64.2819; 70.29, 66.2838; 70.1614, 68.2929; 70.1061, 70.3082; 70.1313, 72.3286; 70.244, 74.353; ];
boundaryCurve{6} = [50.216, 69.612; 51.1242, 67.9718; 51.966, 66.2677; 52.7445, 64.5047; 53.463, 62.6881; 54.1249, 60.8233; 54.7334, 58.9154; 55.2918, 56.9696; 55.8033, 54.9912; 56.2713, 52.9854; 56.6989, 50.9575; 57.0895, 48.9127; 57.4464, 46.8561; 57.7729, 44.7932; 58.0685, 42.7563; 58.3377, 40.7614; 58.5922, 38.7617; 58.8359, 36.7587; 59.0728, 34.7535; 59.3068, 32.7475; 59.542, 30.7422; 59.7823, 28.7388; 60.0318, 26.7386; 60.2943, 24.7431; 60.5739, 22.7535; 60.8745, 20.7711; 61.2002, 18.7974; 61.5549, 16.8337; 61.9484, 14.8542; 62.4171, 12.8011; 62.9791, 10.7996; 63.6661, 8.9034; 64.5098, 7.16634; 65.6181, 5.55559; 67.245, 4.15121; 69.0615, 3.47409; 70.8788, 3.68053; 72.4091, 4.80604; 73.3874, 6.32793; 74.0814, 8.18937; 74.5515, 10.2585; 74.8583, 12.4033; 75.0617, 14.4331; 75.2212, 16.4368; 75.3417, 18.4462; 75.4233, 20.4596; 75.466, 22.4756; 75.4697, 24.4925; 75.4346, 26.5089; 75.3606, 28.5229; 75.2478, 30.5333; 75.0962, 32.5382; 74.9058, 34.5362; 74.6767, 36.5257; 74.4082, 38.5096; 74.1007, 40.4996; 73.7629, 42.4825; 73.402, 44.4597; 73.0254, 46.4328; 72.6402, 48.4032; 72.2538, 50.3725; 71.8733, 52.3422; 71.5062, 54.3138; 71.1596, 56.2887; 70.8407, 58.2686; 70.557, 60.2548; 70.3155, 62.249; 70.1236, 64.2525; 69.9886, 66.267; 69.9177, 68.2939; 69.9392, 70.4039; 70.1586, 72.5206; 70.674, 74.4476; 71.582, 76; ];
boundaryCurve{7} = [74.616, 83.028; 73.4479, 81.2469; 72.4702, 79.3549; 71.6889, 77.3731; 71.1099, 75.3227; 70.7393, 73.2249; 70.583, 71.101; 70.647, 68.972; ];
boundaryCurve{8} = [67.412, 120.866; 66.5347, 122.664; 65.7309, 124.495; 65.0008, 126.357; 64.3448, 128.245; 63.7631, 130.159; 63.2562, 132.093; 62.8242, 134.046; 62.4675, 136.015; 62.1865, 137.995; 61.9813, 139.986; 61.8524, 141.982; 61.8001, 143.982; 61.8246, 145.982; 61.9263, 147.979; 62.1054, 149.971; 62.3623, 151.954; 62.6974, 153.925; 63.1108, 155.882; 63.603, 157.821; ];
boundaryCurve{9} = [64.251, 123.311; 63.634, 125.334; 63.053, 127.368; 62.508, 129.412; 61.9993, 131.465; 61.5269, 133.527; 61.0908, 135.597; 60.6914, 137.674; 60.3286, 139.758; 60.0025, 141.848; 59.7134, 143.943; 59.4612, 146.043; 59.2462, 148.147; 59.0684, 150.255; 58.928, 152.365; ];
boundaryCurve{10} = [15.152, 105.089; 15.8265, 107.112; 16.5793, 109.11; 17.4171, 111.07; 18.3461, 112.981; 19.3729, 114.832; 20.5039, 116.612; 21.7457, 118.308; 23.1045, 119.91; 24.6168, 121.427; 26.2585, 122.807; 28.0125, 124.03; 29.8639, 125.075; 31.7977, 125.921; 33.799, 126.551; 35.8527, 126.943; 37.944, 127.077; ];
boundaryCurve{11} = [17.886, 115.301; 19.1475, 117.005; 20.4348, 118.69; 21.7698, 120.335; 23.1744, 121.915; 24.6707, 123.41; 26.282, 124.792; 28.0119, 126.026; 29.8519, 127.072; 31.7934, 127.891; 33.828, 128.443; ];
boundaryCurve{12} = [27.898, 125.445; 28.443, 127.363; 28.832, 129.314; 29.079, 131.289; 29.1978, 133.281; 29.2023, 135.285; 29.1062, 137.292; 28.9234, 139.295; 28.6678, 141.288; 28.3534, 143.266; 27.9958, 145.235; 27.6094, 147.2; 27.2085, 149.161; 26.8073, 151.123; 26.4201, 153.086; 26.0612, 155.054; 25.7447, 157.029; 25.485, 159.012; ];
boundaryCurve{13} = [30.466, 127.619; 30.764, 129.61; 31.0113, 131.608; 31.2081, 133.612; 31.3544, 135.62; 31.4504, 137.631; 31.496, 139.643; 31.4913, 141.657; 31.4366, 143.669; 31.3317, 145.68; 31.1769, 147.687; 30.9722, 149.69; 30.7177, 151.687; 30.4134, 153.677; 30.0595, 155.659; 29.656, 157.632; 29.2031, 159.593; 28.7007, 161.543; 28.149, 163.479; ];
boundaryCurve{14} = [30.544, 131.847; 30.4677, 133.965; 30.3914, 136.082; 30.3151, 138.2; 30.2388, 140.317; 30.1625, 142.435; 30.0862, 144.552; 30.0098, 146.67; 29.9335, 148.787; 29.8572, 150.905; 29.7809, 153.022; 29.7046, 155.14; 29.6283, 157.257; 29.552, 159.375; ];
