boundaryCurve{1} = [18.454, 56; 18.3839, 54.0029; 17.7529, 52.1061; 16.7532, 50.3461; 15.5668, 48.7436; 14.2851, 47.1996; 12.9548, 45.6944; 11.597, 44.2121; 10.2328, 42.7367; 8.88308, 41.2522; 7.56905, 39.7428; 6.31174, 38.1925; 5.13221, 36.5853; 4.05151, 34.9052; 3.09072, 33.1363; 2.27088, 31.2627; 1.64974, 29.3405; 1.33991, 27.3562; 1.52142, 25.3199; 2.33895, 23.4243; 3.66559, 21.9149; 5.34505, 20.8568; 7.22103, 20.3153; 9.1409, 20.35; 10.9867, 20.8822; 12.7195, 21.8066; 14.3252, 23.0447; 15.7895, 24.5177; 17.0821, 26.1231; 18.2202, 27.7663; 19.295, 29.4672; 20.3445, 31.1915; 21.4067, 32.9052; 22.5224, 34.5779; 23.7792, 36.2269; 25.1638, 37.7475; 26.6766, 39.077; 28.3179, 40.153; 30.088, 40.913; ];
boundaryCurve{2} = [18.896, 50.395; 18.3713, 52.3357; 17.8914, 54.2894; 17.4641, 56.2548; 17.097, 58.2308; 16.798, 60.2164; 16.5748, 62.2103; 16.4352, 64.2115; 16.387, 66.2187; 16.4397, 68.2297; 16.6001, 70.2366; 16.8736, 72.23; 17.2655, 74.2005; 17.7815, 76.1386; 18.4268, 78.0349; 19.2069, 79.8799; 20.16, 81.39; 20.2647, 81.5644; 21.2702, 83.3013; 22.2675, 85.0432; 23.3946, 86.707; 24.5334, 88.3612; 25.7292, 89.9673; 26.9351, 91.5751; 28.0176, 93.2675; 29.2352, 94.8621; 30.786, 96.091; ];
boundaryCurve{3} = [21.849, 51.822; 20.87, 53.65; 19.9956, 55.5299; 19.2272, 57.4555; 18.5659, 59.4207; 18.0129, 61.4193; 17.5694, 63.4451; 17.2364, 65.492; 17.0154, 67.5538; 16.9073, 69.6244; 16.9134, 71.6976; 17.0349, 73.7673; 17.273, 75.8272; 17.628, 77.8702; 18.0974, 79.8896; 18.6784, 81.8798; 19.3681, 83.8352; 20.1637, 85.7503; 21.0623, 87.6193; 22.061, 89.4369; 23.157, 91.1973; 24.3473, 92.895; 25.6292, 94.5244; 26.9997, 96.0799; 28.456, 97.556; ];
boundaryCurve{4} = [17.842, 56.258; 17.5611, 54.297; 16.5915, 52.5646; 15.2492, 51.0331; 13.8317, 49.6494; 12.4497, 48.239; 11.1097, 46.7767; 9.8133, 45.2641; 8.56167, 43.7031; 7.35619, 42.0954; 6.19821, 40.4428; 5.08907, 38.7471; 4.03013, 37.0101; 3.02272, 35.2335; 2.10738, 33.4626; 1.32134, 31.6194; 0.754633, 29.6924; 0.50348, 27.6698; 0.679731, 25.6126; 1.31945, 23.7117; 2.44459, 22.1662; 4.14058, 21.117; 6.0616, 20.7029; 7.98169, 20.7947; 9.85454, 21.3153; 11.6485, 22.1985; 13.3319, 23.3782; 14.8731, 24.7884; 16.2009, 26.2953; 17.401, 27.881; 18.5275, 29.5407; 19.6094, 31.2454; 20.6758, 32.9659; 21.7557, 34.6731; 22.9092, 36.3778; 24.1567, 38.0253; 25.5034, 39.5566; 26.9599, 40.9217; 28.5372, 42.0708; 30.246, 42.954; ];
boundaryCurve{5} = [51.643, 40.216; 53.4777, 39.3079; 54.8428, 37.849; 55.8338, 36.0723; 56.5527, 34.1957; 57.1774, 32.2611; 57.751, 30.3135; 58.2845, 28.3558; 58.7888, 26.3909; 59.2748, 24.4216; 59.7534, 22.4508; 60.2356, 20.4814; 60.7321, 18.5163; 61.2539, 16.5583; 61.8119, 14.6104; 62.4171, 12.6753; 63.0802, 10.756; 63.8123, 8.85541; 64.6186, 6.99094; 65.5484, 5.20377; 66.7263, 3.55178; 68.2093, 2.1849; 69.9882, 1.23148; 71.9744, 0.801021; 74.0146, 1.04845; 75.8375, 1.94026; 77.3571, 3.25993; 78.6066, 4.86084; 79.6046, 6.64286; 80.3303, 8.52531; 80.8033, 10.4818; 81.0432, 12.486; 81.0695, 14.5114; 80.9018, 16.5317; 80.561, 18.5201; 80.0813, 20.4742; 79.4908, 22.4045; 78.8145, 24.3163; 78.0777, 26.2146; 77.3056, 28.1046; 76.5234, 29.9913; 75.7555, 31.8822; 75.0225, 33.8019; 74.3584, 35.7439; 73.7937, 37.7052; 73.3591, 39.6829; 73.0849, 41.674; 73.0017, 43.6757; 73.14, 45.685; ];
boundaryCurve{6} = [53.112, 42.805; 54.4843, 41.2514; 55.7028, 39.6093; 56.7794, 37.8905; 57.7261, 36.1065; 58.555, 34.2692; 59.2781, 32.39; 59.9074, 30.4808; 60.4548, 28.5531; 60.9338, 26.6125; 61.3675, 24.6357; 61.7674, 22.6524; 62.1509, 20.6661; 62.535, 18.6804; 62.937, 16.6987; 63.3742, 14.7244; 63.8637, 12.7612; 64.4228, 10.8125; 65.0647, 8.90414; 65.8702, 7.06332; 66.9567, 5.36639; 68.413, 3.93978; 70.1983, 2.99196; 72.2064, 2.58466; 74.1844, 2.84543; 75.9014, 3.90866; 77.0189, 5.55718; 77.6406, 7.47762; 77.986, 9.45897; 78.2177, 11.4688; 78.3436, 13.486; 78.3639, 15.5063; 78.2786, 17.5253; 78.0878, 19.5387; 77.7917, 21.5421; 77.3904, 23.5313; 76.8915, 25.495; 76.3191, 27.4476; 75.7039, 29.3935; 75.0772, 31.3366; 74.4699, 33.2807; 73.9131, 35.2297; 73.4378, 37.1877; 73.0751, 39.1583; 72.856, 41.1456; 72.8255, 43.1516; 73.2432, 45.1196; 74.478, 46.689; ];
boundaryCurve{7} = [77.512, 53.716; 76.3439, 51.9349; 75.3662, 50.0429; 74.5849, 48.0611; 74.0059, 46.0107; 73.6353, 43.9129; 73.479, 41.789; 73.543, 39.66; ];
boundaryCurve{8} = [70.308, 91.553; 69.4307, 93.3508; 68.6269, 95.182; 67.8968, 97.0435; 67.2408, 98.9324; 66.6591, 100.846; 66.1522, 102.78; 65.7202, 104.733; 65.3635, 106.702; 65.0825, 108.682; 64.8773, 110.673; 64.7484, 112.669; 64.6961, 114.669; 64.7206, 116.669; 64.8223, 118.666; 65.0014, 120.658; 65.2583, 122.641; 65.5934, 124.612; 66.0068, 126.569; 66.499, 128.508; ];
boundaryCurve{9} = [67.147, 93.999; 66.53, 96.0222; 65.949, 98.0561; 65.404, 100.1; 64.8953, 102.153; 64.4229, 104.215; 63.9868, 106.285; 63.5874, 108.362; 63.2246, 110.446; 62.8985, 112.536; 62.6094, 114.631; 62.3572, 116.731; 62.1422, 118.835; 61.9644, 120.943; 61.824, 123.053; ];
boundaryCurve{10} = [17.264, 75.777; 17.9248, 77.6992; 18.6584, 79.5987; 19.4707, 81.4655; 20.3672, 83.29; 21.3538, 85.0622; 22.4361, 86.7724; 23.6198, 88.4107; 24.9107, 89.9674; 26.316, 91.4319; 27.8407, 92.7855; 29.4736, 94.0107; 31.202, 95.0914; 33.0136, 96.0115; 34.8958, 96.7551; 36.8359, 97.3059; 38.8215, 97.6479; 40.84, 97.765; ];
boundaryCurve{11} = [20.782, 85.989; 22.0435, 87.6927; 23.3308, 89.3781; 24.6658, 91.0225; 26.0704, 92.6033; 27.5667, 94.0977; 29.178, 95.48; 30.9079, 96.714; 32.7479, 97.7601; 34.6894, 98.5789; 36.724, 99.131; ];
boundaryCurve{12} = [30.794, 96.133; 31.339, 98.0515; 31.728, 100.002; 31.975, 101.977; 32.0938, 103.969; 32.0983, 105.973; 32.0022, 107.98; 31.8194, 109.983; 31.5638, 111.976; 31.2494, 113.954; 30.8918, 115.923; 30.5054, 117.888; 30.1045, 119.849; 29.7033, 121.811; 29.3161, 123.774; 28.9572, 125.742; 28.6407, 127.717; 28.381, 129.7; ];
boundaryCurve{13} = [33.362, 98.307; 33.66, 100.298; 33.9073, 102.296; 34.1041, 104.3; 34.2504, 106.308; 34.3464, 108.319; 34.392, 110.331; 34.3873, 112.345; 34.3326, 114.357; 34.2278, 116.368; 34.0729, 118.375; 33.8682, 120.378; 33.6137, 122.375; 33.3094, 124.365; 32.9555, 126.347; 32.552, 128.32; 32.0991, 130.281; 31.5967, 132.231; 31.045, 134.167; ];
boundaryCurve{14} = [33.439, 102.535; 33.3627, 104.653; 33.2864, 106.77; 33.2101, 108.888; 33.1338, 111.005; 33.0575, 113.123; 32.9812, 115.24; 32.9048, 117.358; 32.8285, 119.475; 32.7522, 121.593; 32.6759, 123.71; 32.5996, 125.828; 32.5233, 127.945; 32.447, 130.063; ];
boundaryCurve{15} = [28.614, 42.461; 30.2701, 41.2257; 31.5433, 39.6751; 32.4443, 37.8915; 32.9841, 35.957; 33.1735, 33.9537; 33.043, 31.9734; 32.6703, 30.019; 32.1078, 28.0841; 31.4063, 26.1687; 30.6168, 24.2731; 29.7901, 22.3974; 28.9714, 20.5187; 28.2075, 18.6255; 27.548, 16.714; 27.0425, 14.7804; 26.7403, 12.8165; 26.6876, 10.789; 26.903, 8.78294; 27.3825, 6.82593; 28.124, 4.9828; 29.1941, 3.29009; 30.6113, 1.87537; 32.3818, 0.892956; 34.389, 0.503472; 36.3805, 0.707939; 38.2967, 1.39377; 40.0335, 2.46153; 41.5087, 3.83302; 42.7365, 5.46574; 43.7124, 7.23106; 44.504, 9.076; 45.183, 10.9593; 45.8163, 12.8933; 46.392, 14.8387; 46.9026, 16.7947; 47.3401, 18.7606; 47.6972, 20.7363; 47.976, 22.7334; 48.2013, 24.7418; 48.4026, 26.755; 48.6099, 28.7667; 48.8527, 30.7703; 49.161, 32.7595; 49.5644, 34.7278; 50.0927, 36.6688; 50.7757, 38.576; 51.643, 40.443; ];
