segmentsStart = [208.95, 233.66; 208.95, 233.66; 429.82, 516.06; 429.82, 516.06; 217.18, 217.48; 217.18, 217.48; 371.68, 328.41; 371.68, 328.41; 411.21, 107.23; 411.21, 107.23; 454.881, 432.971; 454.881, 432.971; 551.32, 611.49; 551.32, 611.49; 370.84, 329.17; 370.84, 329.17; 626.83, 206.35; 626.83, 206.35; 508.33, 665.46; 508.33, 665.46; 551.18, 609.63; 551.18, 609.63; 209.71, 234.3; 209.71, 234.3; 108.91, 148.36; 108.91, 148.36; 216.51, 216.91; 216.51, 216.91; 108.16, 145.9; 108.16, 145.9; 317.1, 258.57; 317.1, 258.57; 411.18, 107.31; 411.18, 107.31; 296.48, 217.06; 296.48, 217.06; 334.29, 287.63; 334.29, 287.63; 337.56, 292.88; 337.56, 292.88; 371.03, 324.87; 371.03, 324.87; 319.05, 259.48; 319.05, 259.48; 407.61, 111.27; 407.61, 111.27; 370.97, 329.58; 370.97, 329.58; 657.01, 196.4; 657.01, 196.4; 627.46, 206.6; 627.46, 206.6; 456.92, 436.32; 456.92, 436.32; 547.93, 622.78; 547.93, 622.78; 509.06, 667.73; 509.06, 667.73; 548.52, 616.47; 548.52, 616.47; 208.48, 234.77; 208.48, 234.77; 340.92, 493.44; 340.92, 493.44; 264.15, 390.01; 264.15, 390.01; 433.46, 521.75; 433.46, 521.75; 209.64, 233.72; 209.64, 233.72; 249.29, 330.03; 249.29, 330.03; 243.28, 312.32; 243.28, 312.32; 260.46, 391.29; 260.46, 391.29; 251.46, 339.86; 251.46, 339.86; 270.51, 423.33; 270.51, 423.33; 334.93, 288.49; 334.93, 288.49; 221.37, 213.48; 221.37, 213.48; 293.25, 215.21; 293.25, 215.21; 238.71, 205.51; 238.71, 205.51; 215.31, 215.67; 215.31, 215.67; 112.04, 148.72; 112.04, 148.72; 207.89, 235.98; 207.89, 235.98; 111.11, 147.18; 111.11, 147.18; 219.25, 216.39; 219.25, 216.39; 111.55, 147.17; 111.55, 147.17; 208.87, 233.46; 208.87, 233.46; 244.11, 311.34; 244.11, 311.34; 248.02, 318.71; 248.02, 318.71; 430.04, 520.73; 430.04, 520.73; 276.25, 431.56; 276.25, 431.56; 429.75, 518.35; 429.75, 518.35; 509.61, 669.38; 509.61, 669.38; 457.532, 433.981; 457.532, 433.981; 370.26, 323.76; 370.26, 323.76; 626.89, 205.52; 626.89, 205.52; 467.39, 428.74; 467.39, 428.74; 536.62, 400.32; 536.62, 400.32; 372.5, 325.92; 372.5, 325.92; 664.73, 191.1; 664.73, 191.1; 571.71, 280; 571.71, 280; 627.12, 245.22; 627.12, 245.22; 525, 326.13; 525, 326.13; 610.96, 291.09; 610.96, 291.09; 503.66, 360.88; 503.66, 360.88; 571.85, 342.18; 571.85, 342.18; 482, 387.37; 482, 387.37; 489.42, 387.82; 489.42, 387.82; 454.02, 433.72; 454.02, 433.72; 639.98, 201.17; 639.98, 201.17; 573.19, 277.16; 573.19, 277.16; 622.49, 211.09; 622.49, 211.09; 577.87, 275.96; 577.87, 275.96; 621.49, 245.24; 621.49, 245.24; 525.75, 327.23; 525.75, 327.23; 615.31, 249.29; 615.31, 249.29; 530.96, 325.23; 530.96, 325.23; 606.87, 292.67; 606.87, 292.67; 503.6, 361.41; 503.6, 361.41; 600.94, 296.21; 600.94, 296.21; 507.9, 361.73; 507.9, 361.73; 569.65, 341.09; 569.65, 341.09; 484.38, 390.03; 484.38, 390.03; 556.92, 345.08; 556.92, 345.08; 486.46, 389.27; 486.46, 389.27; 524.07, 383.45; 524.07, 383.45; 453.69, 434.12; 453.69, 434.12; 520.55, 385.12; 520.55, 385.12; 453.08, 431.84; 453.08, 431.84; 623.16, 207.16; 623.16, 207.16; 652.41, 197.38; 652.41, 197.38; 489.99, 270.27; 489.99, 270.27; 649.39, 205.91; 649.39, 205.91; 644.87, 222.16; 644.87, 222.16; 643.44, 209.62; 643.44, 209.62; 639.12, 228.54; 639.12, 228.54; 635.59, 214.34; 635.59, 214.34; 631.89, 235.52; 631.89, 235.52; 626.37, 219.08; 626.37, 219.08; 622.67, 241.08; 622.67, 241.08; 618.63, 226.11; 618.63, 226.11; 615.27, 247.87; 615.27, 247.87; 609.93, 226.69; 609.93, 226.69; 607.23, 252.6; 607.23, 252.6; 602.53, 232.65; 602.53, 232.65; 599.86, 255.68; 599.86, 255.68; 594.5, 238; 594.5, 238; 591.83, 261.65; 591.83, 261.65; 587.5, 242.52; 587.5, 242.52; 584.83, 267.61; 584.83, 267.61; 581.95, 250.95; 581.95, 250.95; 579.28, 276.04; 579.28, 276.04; 534.49, 307.36; 534.49, 307.36; 531.44, 325.77; 531.44, 325.77; 540.47, 301.86; 540.47, 301.86; 537.34, 322.93; 537.34, 322.93; 547.56, 298.56; 547.56, 298.56; 543.61, 321.67; 543.61, 321.67; 554.52, 293.54; 554.52, 293.54; 551.66, 318.85; 551.66, 318.85; 562.2, 291.49; 562.2, 291.49; 558.84, 313.8; 558.84, 313.8; 569.9, 289.29; 569.9, 289.29; 565.95, 311.92; 565.95, 311.92; 576.53, 288.51; 576.53, 288.51; 574.1, 307.68; 574.1, 307.68; 584.68, 284.26; 584.68, 284.26; 581.33, 304.69; 581.33, 304.69; 590.67, 279.88; 590.67, 279.88; 587.81, 301.37; 587.81, 301.37; 597.76, 271.69; 597.76, 271.69; 594.28, 297.92; 594.28, 297.92; 604.94, 266.65; 604.94, 266.65; 600.86, 293.37; 600.86, 293.37; 611.05, 263.01; 611.05, 263.01; 607.81, 288.67; 607.81, 288.67; 618.05, 259.59; 618.05, 259.59; 614.92, 282.21; 614.92, 282.21; 625.23, 255.18; 625.23, 255.18; 622.07, 273.73; 622.07, 273.73; 632.33, 253.3; 632.33, 253.3; 628.56, 273.08; 628.56, 273.08; 639.55, 249.68; 639.55, 249.68; 637.35, 263.67; 637.35, 263.67; 516.75, 338.8; 516.75, 338.8; 511.58, 361.44; 511.58, 361.44; 523.01, 337.85; 523.01, 337.85; 518.45, 358.44; 518.45, 358.44; 530.59, 332.99; 530.59, 332.99; 526.51, 354.06; 526.51, 354.06; 537.06, 332.84; 537.06, 332.84; 533.11, 354.21; 533.11, 354.21; 545.95, 329.05; 545.95, 329.05; 542.19, 350.9; 542.19, 350.9; 552.28, 330.32; 552.28, 330.32; 549.5, 349.17; 549.5, 349.17; 559.83, 325.13; 559.83, 325.13; 556.84, 346.82; 556.84, 346.82; 565.93, 323.24; 565.93, 323.24; 563.11, 343.99; 563.11, 343.99; 572.25, 321.83; 572.25, 321.83; 570.05, 341.32; 570.05, 341.32; 578.69, 317.74; 578.69, 317.74; 576.65, 337.23; 576.65, 337.23; 586.26, 312.4; 586.26, 312.4; 584.19, 337.08; 584.19, 337.08; 594.88, 313.5; 594.88, 313.5; 592.84, 329.38; 592.84, 329.38; 602.75, 309.41; 602.75, 309.41; 600.21, 323.71; 600.21, 323.71; 607.24, 304.69; 607.24, 304.69; 605.2, 319; 605.2, 319; 612.54, 300.15; 612.54, 300.15; 609.93, 316.47; 609.93, 316.47; 617.06, 298.72; 617.06, 298.72; 614.86, 310.82; 614.86, 310.82; 622.97, 296.71; 622.97, 296.71; 620.31, 306.8; 620.31, 306.8; 495.54, 372.13; 495.54, 372.13; 488.46, 390.54; 488.46, 390.54; 502.24, 371.23; 502.24, 371.23; 494.1, 387.52; 494.1, 387.52; 508.95, 370.69; 508.95, 370.69; 501.34, 386.44; 501.34, 386.44; 516.37, 370.16; 516.37, 370.16; 510.46, 386.6; 510.46, 386.6; 523.84, 369.99; 523.84, 369.99; 518.15, 385.2; 518.15, 385.2; 532.5, 367.34; 532.5, 367.34; 527.4, 381.69; 527.4, 381.69; 540.14, 362.39; 540.14, 362.39; 533.56, 382.2; 533.56, 382.2; 549.28, 358.47; 549.28, 358.47; 541.71, 378.91; 541.71, 378.91; 556.61, 356.72; 556.61, 356.72; 548.94, 377.76; 548.94, 377.76; 562.96, 356.19; 562.96, 356.19; 555.88, 372.83; 555.88, 372.83; 568.65, 356.02; 568.65, 356.02; 563.34, 370.53; 563.34, 370.53; 575.85, 353.87; 575.85, 353.87; 571.75, 365.19; 571.75, 365.19; 585.62, 348.22; 585.62, 348.22; 581.73, 359.19; 581.73, 359.19; 462.29, 410.55; 462.29, 410.55; 453.53, 432.97; 453.53, 432.97; 469, 408.79; 469, 408.79; 459.74, 431.58; 459.74, 431.58; 478.1, 403.75; 478.1, 403.75; 468.61, 427.78; 468.61, 427.78; 486.41, 398.22; 486.41, 398.22; 476.58, 426.14; 476.58, 426.14; 494.8, 398.75; 494.8, 398.75; 485.8, 422.76; 485.8, 422.76; 501.99, 397.14; 501.99, 397.14; 494.33, 419.87; 494.33, 419.87; 508.59, 395.87; 508.59, 395.87; 501.77, 415.77; 501.77, 415.77; 515.2, 396.58; 515.2, 396.58; 509.73, 412.51; 509.73, 412.51; 521.31, 396.22; 521.31, 396.22; 517.37, 407.52; 517.37, 407.52; 527.24, 393.72; 527.24, 393.72; 524.13, 404.28; 524.13, 404.28; 534.4, 391.75; 534.4, 391.75; 531.71, 400.36; 531.71, 400.36; 546.64, 572.64; 546.64, 572.64; 508.89, 668.89; 508.89, 668.89; 508.889, 668.889; 508.889, 668.889; 478.37, 525.14; 478.37, 525.14; 507.49, 642.42; 507.49, 642.42; 472.72, 682.36; 472.72, 682.36; 472.72, 682.358; 472.72, 682.358; 457.68, 550.87; 457.68, 550.87; 472.77, 638.65; 472.77, 638.65; 428.57, 518.56; 428.57, 518.56; 432.29, 674.91; 432.29, 674.91; 432.5, 518.61; 432.5, 518.61; 473.55, 637.75; 473.55, 637.75; 432.96, 674.93; 432.96, 674.93; 459.34, 550.64; 459.34, 550.64; 473.54, 675.46; 473.54, 675.46; 462, 560.92; 462, 560.92; 509.22, 643.01; 509.22, 643.01; 471.77, 591.3; 471.77, 591.3; 507.65, 646.9; 507.65, 646.9; 505.826, 664.191; 505.826, 664.191; 483.701, 533.55; 483.701, 533.55; 483.701, 533.551;