radius = 13;
cppContour{1} = [664.1646803038795 198.8356349823657; 664.8212321701989 194.9947387238838;664.7770934399773 193.1104382469566;666.09 193.1;664.7770934399773 193.1104382469566;664.73 191.1;653.4508217059638 195.0388086368659;651.2054551374342 195.6524061993781;647.571455150255 196.7518817610597;643.9683568779025 197.9489415529768;640.4008146526628 199.2481079261956;636.869563237495 200.6427946358271;633.3772520437724 202.1322158327977;629.926745129754 203.7160785735688;626.5199554139868 205.3919583686651;623.16 207.16;619.63393567652 208.7915763560742;616.0066189142137 210.4289504081958;612.3794727109409 212.0667020884303;608.7530841375645 213.7061306607389;605.1270392991137 215.3463195722519;601.501174011698 216.9869053514178;597.8760323479344 218.6290894511004;594.2509275755833 220.2713550109548;590.6263692663023 221.9148260913798;587.0021289485688 223.5589984825124;583.3784598593551 225.2044294059507;579.7549851375229 226.850288395065;576.1317161316977 228.4966001790809;572.5092562839855 230.1446914935812;568.8866868190622 231.79254150869;565.2647987675075 233.4418887680753;561.6432370381386 235.0919528625585;558.0220822964463 236.7429098296911;554.4011470829963 238.3943481222968;550.7810135127062 240.0475429278269;547.1609988986459 241.7009983075338;543.5416691103491 243.3559520477932;539.922328718688 245.0108824635643;536.303662228881 246.6672863343103;532.6852357124451 248.324214149346;529.0673210671347 249.9822595548532;525.4499148437891 251.6414136137245;521.8325451317955 253.3006470454799;518.2159474373279 254.9615628747702;514.5995046098458 256.6228158383081;510.9835369638589 258.2851030556319;507.3678489596173 259.947998116396;503.7527114778864 261.6120899898523;500.1379418561078 263.2769806498492;496.5235464487352 264.9426835582198;492.9095266002224 266.6092006496776;489.2957807197469 268.276312246362;485.6824696093919 269.9443656176478;482.069741421741 271.6136813987443;478.457217890471 273.2834402166651;474.845026095759 274.9539164526503;471.2332306153737 276.62524948975;467.6217847620961 278.2973377930473;464.0107464312869 279.9703060793981;460.4000895898474 281.6440975677618;456.7896209442604 283.318294787153;453.1795148514639 284.9932736333138;451.9752455145699 285.5528399421137;450.6704654163269 286.0437373327926;446.9660562377868 287.4360657528573;443.2633047517469 288.8327931460926;439.5646573292536 290.2403440015624;435.8726882645238 291.6653089390693;432.1898558197632 293.1137131346192;428.518861375196 294.5918445567991;424.8623234139266 296.1053579603387;421.22351444051 297.6609912698373;417.6055924931389 299.2645726340434;416.0349924221963 299.9896400172373;416.7693328754274 298.9592746536556;419.1615717419836 295.7641591063646;421.5492335495878 292.5656271531749;423.8483990396336 289.3032910909114;425.9702973603438 285.9237799720793;427.8163831549033 282.3872492695396;429.3002538538004 278.6847078883414;430.4409733132937 274.8613914934873;431.326897177579 270.9702270363414;432.0517264165378 267.0453344186328;432.6438503041522 263.1001612007426;432.568047014685 261.8115825506079;432.8707245526161 259.2489101260038;431.1665355735325 256.0686672765606;427.6119084909654 255.0282858038906;423.8814362041608 255.6762424151435;420.2686213867835 256.8580494227819;416.8305721481304 258.4688664385216;415.3711737957035 259.6555798413106;414.44 260.04;415.0415156091244 258.8394689642664;416.9993698492959 255.4160908980656;418.9537025110423 251.9906928897904;420.9083105095675 248.5654519686795;422.8627675993425 245.1401249314037;424.8159986264591 241.7140988954265;426.7167982274175 238.2591191855641;428.402059812054 234.6957445145058;429.6744269883581 230.968070724261;430.3071548494933 227.0841915584874;430.1069855053487 223.1583215336771;428.9017473879225 219.4189105525208;425.6522593747897 217.8244032377495;421.7540013535889 218.4081633979455;417.9305832277474 219.3676083236456;414.2152982949056 220.6855244477782;410.6415373046985 222.3497130417999;408.0125824973616 223.8938669799929;408.7697781575806 222.3634587427036;410.4331360083384 218.7576042838607;412.005238617432 215.1110080845399;413.4948809625619 211.4299319100334;413.5190529752053 211.3665696712804;414.0410198607717 210.287751475402;415.6679170661414 206.7430218080683;417.217864857539 203.1639777455447;418.6861220974075 199.550680104494;420.0681512868854 195.9035551886064;421.3587457071708 192.2231157948283;422.553074587395 188.5103450191522;423.6437641261753 184.7658419035376;424.6268789196712 180.991694662631;425.4951672047667 177.1895199006184;426.2426153357461 173.3617708202526;426.8643211104131 169.5116273650364;427.3539304563573 165.6424657526756;427.6855013864736 161.7573103228735;427.0088678354856 158.026693249403;423.8210281037711 156.7170677503842;422.5087636539607 155.3624069598818;418.7794115951042 156.591763601331;415.5549360638228 158.8879166887825;414.8368489986334 159.6350943716874;414.3039345592741 160.0161645331354;414.0204472650435 160.1369613773346;411.5055518062904 162.0683009391159;412.6933287578783 158.9250686347289;414.0057285443111 155.2842103110126;415.2715552812136 151.6268866356835;416.4975269756895 147.9559949984486;417.6930624510136 144.2750660805414;418.8656446080629 140.5867554356555;420.0237431816737 136.8938669163163;421.1762753735757 133.1992367984976;422.2686259299426 129.4865942453221;423.1379998124392 125.716649047617;423.6272122801163 121.8804294262767;423.6716805813028 118.0138097798413;423.2715235615194 114.1677024617011;422.4317183753347 110.3931141276648;420.7773310111564 106.9628637492648;418.9320074859178 106.7824546580722;417.7250252234513 105.9115983006073;413.8061043208655 106.1170353774393;411.21 107.23;408.1930930940879 109.7534710595645;405.7497265039541 112.8447741861166;403.6521653400908 116.1828964724636;401.6845566601268 119.6000721435621;399.647123591273 122.9757410437442;397.5712411223842 126.3283060035388;395.5170223869759 129.6941858340981;393.4837128546777 133.072740832278;391.4703491248514 136.4632221435263;389.4743974599795 139.8639843046913;387.4930344133968 143.2732672758639;385.5253325041492 146.6904540879791;383.5691631322181 150.1142575443102;381.6236551262182 153.5441305119444;379.6857738493371 156.9783198652323;377.7540802398812 160.4159937708407;375.8262742705434 163.8558500343591;373.9014988618918 167.2974029514315;371.9766608397246 170.7389207330809;370.0506536474653 174.179784431721;368.12049724551 177.6183223886687;366.1850607560444 181.0538904971191;364.2424717415558 184.4854191895172;363.3583389642639 186.0369275300305;362.9815533404418 186.6602897703087;360.9270770707905 190.0485559524722;358.8683685572645 193.434251843191;356.80533902282 196.8173163838675;354.7375723708271 200.1974881803088;352.6656375014091 203.575106443949;350.5893135680247 206.9500285966247;348.5081251180912 210.321952889384;346.4228476627354 213.6913496099938;344.3331442593632 217.0580038092318;342.2384600106991 220.4215608303008;340.1397892549023 223.7826322257108;338.0368232564076 227.1410174703381;336.7072537983262 229.2582788032781;335.214100495896 231.4182024055188;332.9375675043241 234.6378623747164;330.6245914270465 237.8314384610356;328.2745165695429 240.9978161775992;325.8855151395304 244.1349262682756;323.4552695140226 247.2401940941816;320.9842458258591 250.313111721337;318.4689844657394 253.3499316368083;317.8024567424504 254.1313465936404;317.592885406401 253.5254490443559;316.3007089693721 249.8132701762324;314.9726684067429 246.1138119493905;313.5794949137394 242.4384696334846;312.0920090328897 238.800375933722;310.4810507055684 235.2153723906909;308.7182011961605 231.70275643681;306.7770996775648 228.2855652645798;304.6353113331982 224.9906283288824;302.2749270710081 221.848675969517;299.69741801971 218.882080021891;296.9208378255146 216.1007157370128;293.9584540702638 213.5181398280739;290.8290311050578 211.1409255627526;287.5480322648685 208.9778143311056;284.1295529989565 207.0393939994385;280.5892635051486 205.3338148559259;276.9421065391937 203.8708467041502;273.2037241846692 202.6601057298489;