radius = 13;
cppContour{1} = [739.9791372763164 209.6253582565037; 740.4115641961428 205.7230459083535;737.6253493227423 203.1768110550099;736.2190712011311 203.0611207710214;735.8411758275613 202.2976600861317;731.9923380882585 201.6005180452318;728.0455234711997 201.8951059636174;724.1291440465581 202.4667563633496;723.88842727474 202.519116672498;722.2746298782544 202.7219533286757;718.4386680192622 203.6694938148639;715.7369484002636 204.6851994205459;714.2097829085719 205.2500613110273;715.8827484488406 203.3774571038898;718.3754580966809 200.3826321582041;720.7592794545483 197.3004733500075;723.0271250062415 194.132067946971;725.170608058876 190.8783224247782;727.1825149028413 187.5416826204759;729.0533753874404 184.1240245539819;730.7733134590277 180.6280394872854;731.7487090281727 178.3937319389798;732.1474812707078 177.6776054613746;733.9330251213469 174.1973603221265;735.5962575939332 170.6570379761617;737.1311731739354 167.0592409967194;738.4690824289261 163.3864149658897;738.9516443431808 159.5387645673896;737.4242352704933 156.0377905998974;732.8 152.37;729.6217161452396 154.773183423298;726.4189710871974 157.1436718129012;723.1925119102355 159.4817844398117;719.9426453782426 161.7872503212406;716.6699904238593 164.0602488550941;713.3756029686369 166.3016296921136;710.0598983686324 168.5113559818203;706.7234826717673 170.6896871778906;703.3664995370776 172.836185083379;702.9147173436966 173.1194193434808;701.6058499684626 173.8282674746609;698.0811782401538 175.7180907713271;694.5491761389346 177.5941796585608;691.009744280236 179.4562132747106;687.4627269556242 181.3037569255665;683.9083511536326 183.1371056703904;680.3465844751263 184.9560507581947;676.7775530051188 186.7607001839463;673.2011670220253 188.5507311190118;669.6178487615399 190.3268451211691;666.0272859200251 192.0882686858792;662.4294593939229 193.8348052878031;658.8249832286042 195.5675783642267;655.2133771457522 197.2854382374834;651.5948309039351 198.9886331912304;647.9695834264649 200.67751690668;644.3377237948852 202.3521305996123;640.6989035633354 204.0115686702921;637.0535871962056 205.6566849238422;633.4018373412289 207.2874724508525;629.7434865823155 208.9033975384706;626.0784084412263 210.5040045716576;622.4071784631918 212.0904489984979;618.7295289218139 213.6619571559635;615.0456490407487 215.2188001063952;611.3554121267176 216.7605179527054;607.6591701106763 218.287779588948;603.9567305916078 219.7999581009946;600.248408414392 221.2976495700002;596.5340006661334 222.7801870014602;592.8135613488058 224.2475231883695;589.0873630733819 225.7001666179866;585.3554522442984 227.1380749927313;581.6174912609405 228.5601829995802;577.874092546882 229.9679133547504;574.1249427366737 231.3602553855529;570.3703068560895 232.7377295677304;566.6102836404377 234.1004354338593;562.844582762672 235.4473726743848;559.0733765987185 236.7788151660977;555.2970516450536 238.0956705355551;551.515453328622 239.3973039077224;547.7286849884407 240.6838228621693;543.9364289489687 241.9540700300864;540.1395381709202 243.2103964242978;536.3373468907381 244.4505927484278;532.5304798108156 245.6763611873548;528.719809947232 246.890258450643;527.8679361368147 247.1592240267879;527.8007658545159 247.1794763716944;523.9829881379045 248.3202920694044;520.1632599617219 249.4545622774525;516.3421826394774 250.5842789914408;512.5207521508548 251.7128008916944;508.6997035644234 252.8426157148808;504.8798109464301 253.9763305198429;501.0619152268197 255.1167517684659;497.2469299317369 256.2668665597528;496.9362099524202 256.3614623660237;497.194537592551 256.1641628226402;500.116800522114 253.6099353308619;502.8761531051445 250.8805132529802;505.4770000367258 247.9995737780241;507.9281517213976 244.9901227799061;510.2405329420012 241.8726714178229;512.4276969614392 238.6660124439091;514.5035143473974 235.3860626106274;516.4833692754772 232.0472127625517;518.3823736081124 228.6616486777702;520.2147648726852 225.2395076388275;520.7709661407898 224.1622296452405;522.1157966070688 222.0254817260846;523.9813794717842 218.6403535516501;525.6020901426651 215.1317320822512;526.5341161429033 212.5763717874464;527.1195245871587 211.3336830009886;528.4658567064851 207.6965266718366;529.2129640077596 203.8964145115514;529.1903010061677 200.0251588878154;527.8321659512944 196.6346941763647;524.1011455999989 196.3527340397406;520.2974854561064 197.115921680331;518.6289613408203 197.6319612043685;518.6040592823358 197.6323185304673;518.1226312054107 197.728302644884;517.9026391500952 197.7596061501068;517.6464882994972 197.8232330350096;514.7155821804704 198.4075787384637;510.973368603571 199.725875653804;509.6385793212902 200.3548227606054;511.4386507244828 197.5833028268761;513.4872470382392 194.2639728129394;515.4576052084084 190.8975909601036;517.3492651206344 187.4863557490524;519.161681239303 184.0323471058158;520.8909592430944 180.5359812362844;522.5382833704144 177.0002708172025;524.1013855945487 173.426548055256;525.5798457031848 169.8169992684119;526.9712906669562 166.1730332696073;528.2762659475826 162.4972277568032;529.4922175847963 158.7910260500572;530.6111596150138 155.054506211909;530.9322402704749 153.7801151011468;531.3549261034203 152.6079438476636;531.785186859159 151.3437559378686;532.2376251576187 150.1312927943404;532.8172313765708 148.270664848274;533.78 145.26;532.8172313765708 148.270664848274;533.3428047143416 146.5834910257926;534.1813134115702 142.964041606661;534.668544451165 139.2821419085373;534.0650953437431 135.6711182721542;530.9127578777873 133.8625282085143;527.2390575012187 134.1287488273121;523.6805624861997 135.1926161044438;522.4364288434138 135.6817516945;520.6580305048161 136.0718391802449;516.9452117138843 137.2626844180007;513.361064459836 138.7984233459734;512.1419341617975 139.4653782750058;512.291187419237 139.1133749529735;513.7572935830395 135.4008388246155;515.1306843546212 131.6530171338753;516.4096889657819 127.8719427976539;517.5931455977362 124.0598869968521;518.6797121816611 120.2190884521783;519.6691917526557 116.3521320063867;520.5601111594029 112.4612940456598;521.3511683416917 108.5489209530938;522.0410112983922 104.6174334486301;522.6286865077664 100.6693817668666;523.113147755382 96.70733586670273;523.4926952840025 92.73386001506104;523.3778866099593 88.78812419992175;520.2266318965196 86.84316927650248;516.2688452143516 87.32449621952438;512.3902022479922 88.26094438759087;508.6204787453144 89.56905330043521;504.9952674864015 91.23659662473983;502.2504287683488 92.84067165266876;502.3948061276822 92.43816222972173;503.6281648291911 88.67293740376505;504.7517375852329 84.87352775061103;505.75787319494 81.04136626637498;506.6399866814365 77.17880045405417;507.3917625169501 73.28878028447642;508.0054903321052 69.37464737477707;508.4747458044494 65.44060199956716;508.7917194558411 61.4913852425593;508.9506518730176 57.53269297042351;508.950014 53.5707407;508.948755 53.5702104;505.1649204431339 54.41893064553967;501.5339815008978 55.77930731094867;498.8492275928331 57.23494350102632;500.68 56.06;498.8492275928331 57.23494350102632;498.1249040120857 57.62766166200765;497.3482893876921 58.19820774002669;497.3471411016626 58.19894468100441;494.1374145640974 60.51835975674176;491.0589323566903 63.00918706027364;488.1202230847524 65.66336584188606;485.3285812678917 68.47179441239211;482.6924580824665 71.4266689570038;480.2195752059914 74.51949318185349;477.9173677896338 77.74144605206853;476.7157676609846 79.63452805935802;476.6659261412033 79.70352700420275;474.3793393627772 82.92673020012639;472.121508324683 86.170143971548;469.8909086169975 89.43234433301369;467.6875147506826 92.71298087590476;465.5112108760271 96.01164988244079;463.3612230993769 99.32752945963445;461.2374582365065 102.6602673233939;459.139870038579 106.0095388446599;457.067173957587 109.3742753448007;455.0198999217345 112.7545398018291;452.9970540695552 116.1494775305368;452.2226198274906 117.4701334067805;451.3543633540002 118.8675713665197;449.2839314325068 122.2674611115104;