segmentsStart = [240.7, 277.01; 240.7, 277.01; 392, 301.54; 392, 301.54; 241.11, 295.15; 241.11, 295.15; 322.35, 359.18; 322.35, 359.18; 241.78, 298.14; 241.78, 298.14; 455.49, 520.73; 455.49, 520.73; 362.95, 468.45; 362.95, 468.45; 461.79, 524.86; 461.79, 524.86; 242.092, 275.002; 242.092, 275.002; 393.45, 303.58; 393.45, 303.58; 393.449, 303.579; 393.449, 303.579; 240.7, 276.71; 240.7, 276.71; 240.46, 296.56; 240.46, 296.56; 317.74, 357.37; 317.74, 357.37; 388.9, 297.63; 388.9, 297.63; 239.13, 277.08; 239.13, 277.08; 315.35, 354.5; 315.35, 354.5; 464.56, 526.08; 464.56, 526.08; 318.41, 357.39; 318.41, 357.39; 381.31, 484.64; 381.31, 484.64; 321.78, 359.34; 321.78, 359.34; 463.83, 523.51; 463.83, 523.51; 242.81, 296.92; 242.81, 296.92; 321.92, 357.93; 321.92, 357.93; 396.07, 306.56; 396.07, 306.56; 729.04, 159.03; 729.04, 159.03; 393.46, 304.86; 393.46, 304.86; 722.59, 162.19; 722.59, 162.19; 399.12, 301.74; 399.12, 301.74; 728.72, 157.93; 728.72, 157.93; 393.34, 305.02; 393.34, 305.02; 732.8, 152.37; 732.8, 152.37; 383.26, 287.89; 383.26, 287.89; 483.5, 71.6; 483.5, 71.6; 382.24, 293.39; 382.24, 293.39; 490.5, 67.21; 490.5, 67.21; 385.64, 295.63; 385.64, 295.63; 478.98, 76.5; 478.98, 76.5; 509.91, 652.16; 509.91, 652.16; 517.45, 411.05; 517.45, 411.05; 519.93, 413.17; 519.93, 413.17; 514.24, 646.43; 514.24, 646.43; 520.12, 414.71; 520.12, 414.71; 515.11, 645.06; 515.11, 645.06; 516.13, 412.33; 516.13, 412.33; 510.37, 651.24; 510.37, 651.24; 524.32, 429.73; 524.32, 429.73; 530.75, 547.39; 530.75, 547.39; 488.58, 67.26; 488.58, 67.26; 385.31, 296.96; 385.31, 296.96; 239.42, 278.05; 239.42, 278.05; 66.26, 271; 66.26, 271; 242.23, 298.25; 242.23, 298.25; 57.16, 270.62; 57.16, 270.62; 241.28, 278.38; 241.28, 278.38; 60.55, 269.55; 60.55, 269.55; 244.43, 301.7; 244.43, 301.7; 58.54, 271.2; 58.54, 271.2; 240.99, 274.23; 240.99, 274.23; 56.9, 268.28; 56.9, 268.28; 241.37, 299.43; 241.37, 299.43; 56.5, 272.99; 56.5, 272.99; 238.43, 276.46; 238.43, 276.46; 61.16, 268.02; 61.16, 268.02; 725.2, 160.03; 725.2, 160.03; 673.42, 237.26; 673.42, 237.26; 713.95, 205.49; 713.95, 205.49; 622.68, 290.65; 622.68, 290.65; 696.83, 259; 696.83, 259; 598.09, 339.1; 598.09, 339.1; 664.71, 319.16; 664.71, 319.16; 558.94, 374.52; 558.94, 374.52; 607.25, 366.51; 607.25, 366.51; 514.17, 411.18; 514.17, 411.18; 727.15, 157.02; 727.15, 157.02; 676.21, 232.92; 676.21, 232.92; 712.75, 205.79; 712.75, 205.79; 624.52, 291.5; 624.52, 291.5; 727.15, 158.58; 727.15, 158.58; 674.98, 235.41; 674.98, 235.41; 714.74, 205.06; 714.74, 205.06; 632.08, 288.57; 632.08, 288.57; 693.26, 259.79; 693.26, 259.79; 604.78, 337.29; 604.78, 337.29; 697.15, 258.33; 697.15, 258.33; 604.28, 337.71; 604.28, 337.71; 662.56, 319; 662.56, 319; 563.7, 375.54; 563.7, 375.54; 658.12, 319.95; 658.12, 319.95; 563.16, 375.54; 563.16, 375.54; 605.36, 367.46; 605.36, 367.46; 517.4, 411.26; 517.4, 411.26; 597.87, 367.79; 597.87, 367.79; 515.7, 411.17; 515.7, 411.17; 733.63, 161.06; 733.63, 161.06; 725.99, 187.96; 725.99, 187.96; 725.45, 168.87; 725.45, 168.87; 720.19, 193.02; 720.19, 193.02; 719.56, 174.43; 719.56, 174.43; 712.12, 206.7; 712.12, 206.7; 712.62, 182.36; 712.62, 182.36; 704.71, 213.93; 704.71, 213.93; 705.55, 189.52; 705.55, 189.52; 697.2, 219.26; 697.2, 219.26; 696.87, 196.49; 696.87, 196.49; 688.48, 228.21; 688.48, 228.21; 688.53, 203.82; 688.53, 203.82; 680.68, 232.13; 680.68, 232.13; 634.77, 269.18; 634.77, 269.18; 631.16, 287.77; 631.16, 287.77; 644.59, 262.2; 644.59, 262.2; 640.45, 283.12; 640.45, 283.12; 652.88, 253.43; 652.88, 253.43; 648.58, 281.65; 648.58, 281.65; 662.57, 248.88; 662.57, 248.88; 657.64, 277.28; 657.64, 277.28; 668.55, 252.85; 668.55, 252.85; 665.81, 270.31; 665.81, 270.31; 676.48, 249.04; 676.48, 249.04; 673.88, 268.31; 673.88, 268.31; 685.07, 237.38; 685.07, 237.38; 681.58, 263.35; 681.58, 263.35; 695.06, 230.84; 695.06, 230.84; 690.13, 263.22; 690.13, 263.22; 704.3, 228.04; 704.3, 228.04; 700.25, 250.84; 700.25, 250.84; 712.02, 224.89; 712.02, 224.89; 710.25, 241.21; 710.25, 241.21; 725.05, 208.13; 725.05, 208.13; 720.52, 236.67; 720.52, 236.67; 613.8, 313.34; 613.8, 313.34; 609.67, 333.75; 609.67, 333.75; 621.99, 305.8; 621.99, 305.8; 616.68, 332.48; 616.68, 332.48; 628.4, 305.67; 628.4, 305.67; 624.64, 330.22; 624.64, 330.22; 637.37, 298.86; 637.37, 298.86; 634.17, 330.65; 634.17, 330.65; 647.15, 294.97; 647.15, 294.97; 643.74, 324.27; 643.74, 324.27; 655.5, 295.44; 655.5, 295.44; 651.88, 317.88; 651.88, 317.88; 664.93, 286.78; 664.93, 286.78; 661.83, 318.87; 661.83, 318.87; 675.8, 280.24; 675.8, 280.24; 671.83, 312.64; 671.83, 312.64; 681.58, 280.55; 681.58, 280.55; 679.24, 308.64; 679.24, 308.64; 689, 274.01; 689, 274.01; 686.72, 305.81; 686.72, 305.81; 697.69, 266.86; 697.69, 266.86; 693.73, 299.43; 693.73, 299.43; 705.57, 263.51; 705.57, 263.51; 702.8, 293.74; 702.8, 293.74; 715.24, 264.35; 715.24, 264.35; 713.11, 279.4; 713.11, 279.4; 576.41, 352.97; 576.41, 352.97; 567.05, 374.15; 567.05, 374.15; 584.28, 350.32; 584.28, 350.32; 576.23, 371.32; 576.23, 371.32; 591.76, 349.14; 591.76, 349.14; 583.23, 371.32; 583.23, 371.32; 599.14, 347.82; 599.14, 347.82; 591.82, 367.84; 591.82, 367.84; 606.87, 344.78; 606.87, 344.78; 598.57, 370.32; 598.57, 370.32; 616.11, 340.8; 616.11, 340.8; 608.56, 364.03; 608.56, 364.03; 623.48, 340.97; 623.48, 340.97; 617.46, 362.94; 617.46, 362.94; 633.09, 338.12; 633.09, 338.12; 626.79, 360.98; 626.79, 360.98; 644.46, 333.29; 644.46, 333.29; 637.94, 356.31; 637.94, 356.31; 651.77, 331.44; 651.77, 331.44; 645.68, 354.98; 645.68, 354.98; 658.97, 330.62; 658.97, 330.62; 653.65, 349.81; 653.65, 349.81; 667.19, 325.79; 667.19, 325.79; 661.17, 346.43; 661.17, 346.43; 675.16, 326.12; 675.16, 326.12; 671.32, 338.96; 671.32, 338.96; 525.57, 394.4; 525.57, 394.4; 518.3, 411.54; 518.3, 411.54; 532.31, 393.22; 532.31, 393.22; 524.96, 410.93; 524.96, 410.93; 539.69, 390.44; 539.69, 390.44; 532.6, 411.13; 532.6, 411.13; 550.17, 387.54; 550.17, 387.54; 542.39, 409.15; 542.39, 409.15; 557.58, 386.59; 557.58, 386.59; 549.34, 408.3; 549.34, 408.3; 565.16, 385.35; 565.16, 385.35; 557.19, 407.9; 557.19, 407.9; 573.59, 384.33; 573.59, 384.33; 567.07, 404.34; 567.07, 404.34; 583.84, 379.68; 583.84, 379.68; 575.38, 405.57; 575.38, 405.57; 592.59, 375.47; 592.59, 375.47; 583.03, 402.67; 583.03, 402.67; 598.85, 376.48; 598.85, 376.48; 591.14, 399.25; 591.14, 399.25; 605.63, 377.06; 605.63, 377.06; 598.77, 397.02; 598.77, 397.02; 611.93, 377.07; 611.93, 377.07; 606.28, 395.42; 606.28, 395.42; 617.98, 377.68; 617.98, 377.68; 614.15, 391.39; 614.15, 391.39; 625.78, 376.38; 625.78, 376.38; 621.34, 390.3; 621.34, 390.3; 521.89, 621.74; 521.89, 621.74; 447.5, 738.78; 447.5, 738.78; 447.5, 738.776; 447.5, 738.776; 447.501, 738.779; 447.501, 738.779; 447.5, 738.779; 447.5, 738.779; 496.45, 584.19; 496.45, 584.19; 466.03, 655.63; 466.03, 655.63; 428.51, 707.75; 428.51, 707.75; 428.51, 707.749; 428.51, 707.749; 464.09, 582.3; 464.09, 582.3; 440.2, 645.67; 440.2, 645.67; 410.352, 671.669; 410.352, 671.669; 410.35, 671.67; 410.35, 671.67; 422.62, 603.49; 422.62, 603.49; 409.08, 670.69; 470.809, 528.801; 470.809, 528.801; 470.81, 528.8; 470.81, 528.8; 409.068, 668.533; 409.068, 668.533; 409.12, 673.01; 409.12, 673.01; 442.12, 644.5; 442.12, 644.5; 408.45, 669.81; 408.45, 669.81; 441.25, 642.52; 441.25, 642.52; 467.47, 581.46; 467.47, 581.46; 428.09, 706.89; 465.62, 583.95; 465.62, 583.95; 429.95, 704.369; 429.95, 704.369; 429.951, 704.369; 429.951, 704.369; 466.59, 655.49; 466.59, 655.49; 495.77, 583.9; 495.77, 583.9; 449.03, 734.01; 449.03, 734.01; 449.033, 734.007; 449.033, 734.007; 449.03, 734.008; 449.03, 734.008; 449.03, 734.01; 449.03, 734.01; 513.09, 645.14; 513.09, 645.14; 448.79, 737.45; 448.79, 737.45; 515.92, 646.5; 515.92, 646.5; 496.43, 584.36; 496.43, 584.36; 451.21, 737.07; 451.21, 737.07; 461.58, 668.49; 461.58, 668.49; 451.7, 736.92; 451.7, 736.92; 468.47, 527.5; 468.47, 527.5; 450.01, 547.3; 450.01, 547.3; 466.16, 526.57; 466.16, 526.57; 434.34, 576.15; 434.34, 