radius = 5;
cppContour{1} = [298.76 601.841; 300.1791118012619 598.3807380656151;301.6999717186901 594.9640613303503;303.3259126330296 591.5961737978662;305.0589518421053 588.2820888569909;306.89 585.021;305.0589518421053 588.2820888569909;303.3259126330296 591.5961737978662;301.6999717186901 594.9640613303503;300.1791118012619 598.3807380656151;298.76 601.841;];
seedPts = [];
