radius = 5;
cppContour{1} = [206.6 253.9; 210.0348120513243 254.3829438667131;206.3655530096568 255.1856877849805;202.5916737844371 255.8312117686349;198.7819908753168 256.2038613837441;194.9599535265933 256.084337583504;191.217056168013 255.3265579421956;187.7117718078277 253.798729532081;184.4356623206083 251.8421684151446;181.6213323563133 249.2504007326669;180.8263514148887 248.3586911617618;182.7 249.8;180.3 246.8;177.4745763975473 244.1065399934917;176.1322805769593 242.892195702687;174.1157554132352 240.555093708494;171.2684128707155 238.0115466875446;167.9064756968044 236.2032644097507;167.3720808153154 236.0921514831604;165.0393922619758 234.8064409455045;161.181 234.737;160.388 235.797;164.1 236.6;167.7659530923252 237.7219770884479;170.9824642495498 239.8223751198366;173.9189894887615 242.3109906058095;176.7691342809327 244.8991224812022;179.6491813908111 247.4531501903681;180.8263514148887 248.3586911617618;181.6213323563133 249.2504007326669;184.4356623206083 251.8421684151446;187.7117718078277 253.798729532081;191.217056168013 255.3265579421956;194.9599535265933 256.084337583504;197 256.3;200.8847700672431 256.9249785536725;204.8185284998324 256.8779555542955;208.7109012830049 256.2930208794888;212.520619801701 255.300117449793;215.5641916213451 254.1419446639657;217.5399416828965 254.0749225183414;221.0385188939455 254.9982742850115;222.8 258.1;224.388 257.153;221.2643275960411 254.9584116657868;217.6810856544442 253.6860022380553;213.8681804316154 253.6657098976756;210.1066397849623 254.3672297196098;210.0348120513243 254.3829438667131;206.6 253.9;];
seedPts = [];
