segmentsStart = [224.388, 257.153; 224.388, 257.153; 160.388, 235.797; 160.388, 235.797; 161.181, 234.737; 161.181, 234.737; 180.3, 246.8; 180.3, 246.8; 164.1, 236.6; 164.1, 236.6; 182.7, 249.8; 222.8, 258.1; 222.8, 258.1; 216.2, 253.9; 216.2, 253.9; 197, 256.3; 197, 256.3; ];
segmentsEnd = [222.8, 258.1; 221.039, 254.998; 161.181, 234.737; 164.1, 236.6; 164.186, 235.43; 160.388, 235.797; 182.7, 249.8; 176.617, 243.454; 164.186, 235.43; 160.388, 235.797; 180.3, 246.8; 221.264, 254.958; 224.388, 257.153; 217.681, 253.686; 213.868, 253.666; 198.782, 256.204; 194.96, 256.084; ];
