segmentsStart = [103.03, 219.34; 103.03, 219.34; 36.77, 187.22; 36.77, 187.22; 134.06, 156.3; 134.06, 156.3; 119.44, 197.58; 119.44, 197.58; 160.04, 71.87; 160.04, 71.87; 137.82, 140; 137.82, 140; 196.9, 61.05; 196.9, 61.05; 165.74, 62.79; 165.74, 62.79; 117.73, 85.27; 117.73, 85.27; 233.9, 192.6; 233.9, 192.6; 98.73, 210.36; 98.73, 210.36; 36.69, 189.78; 36.69, 189.78; 125.01, 151.76; 125.01, 151.76; 111.83, 189.33; 111.83, 189.33; 155.11, 65.04; 155.11, 65.04; 128.42, 138.79; 128.42, 138.79; 159.93, 57.92; 159.93, 57.92; 116.55, 86.52; 265.11, 200.22; 265.11, 200.22; 195.25, 166.82; 195.25, 166.82; 217.71, 135.11; 217.71, 135.11; 100.85, 162.16; 100.85, 162.16; 171.9, 169.89; 171.9, 169.89; 194.07, 157.55; 194.07, 157.55; 221.44, 152.18; 221.44, 152.18; 93.03, 149.66; 93.03, 149.66; 171.64, 154.75; 171.64, 154.75; 78.97, 248.35; 78.97, 248.35; 111.5, 252.29; 111.5, 252.29; 109.53, 255.06; 55.24, 252.73; 55.24, 252.73; 139.15, 217.49; 114.4, 260.34; 114.4, 260.34; 139.06, 218.56; 139.06, 218.56; 118.16, 269.67; 118.16, 269.67; 114.73, 259.95; 114.73, 259.95; 118.34, 269.45; 118.34, 269.45; 243.15, 244.88; 243.15, 244.88; 252.6, 245.48; 252.6, 245.48; 274.45, 196.01; 274.45, 196.01; 253.36, 245.85; 253.36, 245.85; 98.4982, 41.8208; 98.4982, 41.8208; 98.4999, 41.82; 98.4999, 41.82; 79.41, 89.36; 79.41, 89.36; 196.78, 60.77; 196.78, 60.77; 166.71, 61.76; 166.71, 61.76; 161.26, 70.79; 161.26, 70.79; 140.42, 137.33; 140.42, 137.33; 213.68, 41.41; 213.68, 41.41; 160.21, 56.92; 160.21, 56.92; 154.43, 64.98; 154.43, 64.98; 127.35, 137.87; 127.35, 137.87; 100.25, 158.81; 168.07, 170.26; 168.07, 170.26; 195.14, 168.02; 195.14, 168.02; 215.26, 136.79; 215.26, 136.79; 169.82, 152.98; 169.82, 152.98; 193.15, 156.28; 193.15, 156.28; 216.23, 137.06; 216.23, 137.06; 117.41, 85.62; 117.41, 85.62; 235.34, 190.55; 235.34, 190.55; 135.55, 157.13; 135.55, 157.13; 120.83, 196.49; 120.83, 196.49; 124.23, 152.71; 124.23, 152.71; 111.66, 187.03; 111.66, 187.03; 129.13, 218.97; 129.13, 218.97; 78.95, 247.64; 78.95, 247.64; 110.37, 253.38; 110.37, 253.38; 54.23, 251.53; 54.23, 251.53; 36.13, 190.52; 36.13, 190.52; 36.39, 209.91; 36.39, 209.91; 40.64, 217.03; 40.64, 217.03; 99.03, 211.24; 99.03, 211.24; 33.66, 192.21; 33.66, 192.21; 36.62, 217.2; 36.62, 217.2; 41.68, 223.53; 41.68, 223.53; 103.24, 220.84; 103.24, 220.84; 242.18, 244.15; 242.18, 244.15; 274.22, 196.04; 274.22, 196.04; 171.44, 65.59; 171.44, 65.59; 161.68, 75.96; 161.68, 75.96; 176.21, 68.18; 176.21, 68.18; 163.97, 80.59; 163.97, 80.59; 179.97, 70.06; 179.97, 70.06; 167.27, 84; 167.27, 84; 183.84, 72.15; 183.84, 72.15; 166.86, 91.64; 166.86, 91.64; 188.54, 72.55; 188.54, 72.55; 167.41, 100.48; 167.41, 100.48; 190.42, 79.14; 190.42, 79.14; 169.23, 104.08; 169.23, 104.08; 190.16, 87.47; 190.16, 87.47; 170.04, 110.17; 170.04, 110.17; 189.95, 95.21; 189.95, 95.21; 172.88, 113.95; 172.88, 113.95; 189.87, 101.99; 189.87, 101.99; 171.93, 121.47; 171.93, 121.47; 190.05, 106.77; 190.05, 106.77; 172.45, 126.35; 172.45, 126.35; 190.55, 112.87; 190.55, 112.87; 171.57, 133.03; 171.57, 133.03; 190.68, 119.07; 190.68, 119.07; 171.31, 139.99; 171.31, 139.99; 191.3, 124.44; 191.3, 124.44; 172.34, 145.58; 172.34, 145.58; 191.73, 131.84; 191.73, 131.84; 172.21, 151.56; 172.21, 151.56; 192.2, 137.98; 192.2, 137.98; 171.82, 157.17; 171.82, 157.17; 192.08, 143.87; 192.08, 143.87; 170.77, 165.31; 170.77, 165.31; 192.7, 149.43; 192.7, 149.43; 171.69, 171.22; 171.69, 171.22; 192.96, 155.36; 192.96, 155.36; 172.12, 177.71; 172.12, 177.71; 193.58, 160.51; 193.58, 160.51; 173.03, 182.47; 173.03, 182.47; 193.98, 166.24; 193.98, 166.24; 174.01, 186.83; 174.01, 186.83; 195.39, 171.03; 195.39, 171.03; 174.32, 192.36; 174.32, 192.36; 196.32, 176.53; 196.32, 176.53; 175.88, 197.05; 175.88, 197.05; 196.74, 181.95; 196.74, 181.95; 176.47, 202.65; 176.47, 202.65; 197.4, 187.64; 197.4, 187.64; 177.93, 208.47; 177.93, 208.47; 198.87, 192.2; 198.87, 192.2; 181, 212.01; 181, 212.01; 199.65, 197.93; 199.65, 197.93; 182.27, 217.6; 182.27, 217.6; 201.74, 202.1; 201.74, 202.1; 185.7, 220.6; 185.7, 220.6; 202.74, 206.75; 202.74, 206.75; 188.69, 224.05; 188.69, 224.05; 204.1, 211.18; 204.1, 211.18; 190.17, 229.25; 190.17, 229.25; 206.2, 215.76; 206.2, 215.76; 193.83, 230.82; 193.83, 230.82; 208.37, 219.87; 208.37, 219.87; 196.96, 234.52; 196.96, 234.52; 210.51, 223.44; 210.51, 223.44; 200.59, 236.52; 200.59, 236.52; 212.98, 226.13; 212.98, 226.13; 204.49, 237.99; 204.49, 237.99; 216.36, 229.06; 216.36, 229.06; 208.98, 238.79; 208.98, 238.79; 218.6, 231.17; 218.6, 231.17; 213.03, 238.98; 213.03, 238.98; 221.2, 232.11; 221.2, 232.11; 215.45, 240.15; 215.45, 240.15; 224.23, 233.41; 224.23, 233.41; 217.71, 241.6; 217.71, 241.6; 226.71, 234.1; 226.71, 234.1; 221.14, 241.46; 221.14, 241.46; 229.08, 234.25; 229.08, 234.25; 224.24, 241.06; 224.24, 241.06; 231.33, 234.51; 231.33, 234.51; 227.61, 240; 227.61, 240; 233.21, 235.23; 233.21, 235.23; 229.65, 240.73; 229.65, 240.73; 166.99, 64.45; 166.99, 64.45; 159.13, 71.71; 159.13, 71.71; 162.88, 61.28; 162.88, 61.28; 156.44, 67.24; 156.44, 67.24; 158.89, 58.27; 158.89, 58.27; 152.98, 63.79; 152.98, 63.79; 145.66, 49.78; 145.66, 49.78; 140.62, 53.44; 140.62, 53.44; 126.76, 44.22; 126.76, 44.22; 120.93, 47.95; 120.93, 47.95; 118.65, 43.38; 118.65, 43.38; 112.72, 47.25; 112.72, 47.25; 113.2, 43.74; 113.2, 43.74; 108.18, 48.37; 108.18, 48.37; 108.76, 44.64; 108.76, 44.64; 103.22, 49.59; 103.22, 49.59; 103.71, 46.27; 103.71, 46.27; 99.18, 52.1; 99.18, 52.1; 98.88, 49.38; 98.88, 49.38; 94.37, 56.49; 94.37, 56.49; 93.83, 54.24; 93.83, 54.24; 89.42, 61.2; 89.42, 61.2; 87.04, 61.57; 87.04, 61.57; 84.8, 69.58; 84.8, 69.58; 110.32, 141.18; 110.32, 141.18; 115.92, 139.95; 115.92, 139.95; 109.33, 147.77; 109.33, 147.77; 120.36, 139.37; 120.36, 139.37; 112.01, 148.56; 112.01, 148.56; 124.24, 139.45; 124.24, 139.45; 116, 148.76; 116, 148.76; 127.75, 139.43; 127.75, 139.43; 119.08, 149.54; 119.08, 149.54; 130.92, 139.81; 130.92, 139.81; 122.52, 150.68; 122.52, 150.68; 134.74, 140.17; 134.74, 140.17; 126.56, 151.02; 126.56, 151.02; 138.11, 140.64; 138.11, 140.64; 129.5, 152.99; 129.5, 152.99; 141.54, 142.4; 141.54, 142.4; 132.78, 154.98; 132.78, 154.98; 144.08, 143.33; 144.08, 143.33; 136.34, 156.01; 136.34, 156.01; 147.71, 144.4; 147.71, 144.4; 139.31, 157.66; 139.31, 157.66; 149.95, 146.18; 149.95, 146.18; 141.81, 160.97; 141.81, 160.97; 152.89, 147.77; 152.89, 147.77; 145.23, 161.61; 145.23, 161.61; 155.94, 149.01; 155.94, 149.01; 148.86, 163.01; 148.86, 163.01; 159.32, 150.49; 159.32, 150.49; 151.91, 164.74; 151.91, 164.74; 162.63, 151.57; 162.63, 151.57; 155.55, 166.39; 155.55, 166.39; 166.33, 153.09; 166.33, 153.09; 160.4, 165.94; 160.4, 165.94; 169.16, 154.21; 169.16, 154.21; 163.34, 168.06; 163.34, 168.06; 171.67, 155.68; 171.67, 155.68; 166.81, 167.87; 166.81, 167.87; 196.62, 157.24; 196.62, 157.24; 193.66, 166.3; 193.66, 166.3; 200.16, 156.83; 200.16, 156.83; 196.62, 167.29; 196.62, 167.29; 203.14, 157.14; 203.14, 157.14; 200.14, 165.86; 200.14, 165.86; 207.67, 154.83; 207.67, 154.83; 204.56, 164.01; 204.56, 164.01; 211.2, 154.2; 211.2, 154.2; 208.15, 162.11; 208.15, 162.11; 214.25, 153.29; 214.25, 153.29; 211.12, 160.62; 211.12, 160.62; 217.87, 151.4; 217.87, 151.4; 214.99, 158.24; 78.95, 225.73; 78.95, 225.73; 78.75, 232.51; 78.75, 232.51; 81.32, 224.92; 81.32, 224.92; 81.18, 232.11; 81.18, 232.11; 83.56, 224.17; 83.56, 224.17; 83.42, 230.61; 83.42, 230.61; 85.46, 222.47; 85.46, 222.47; 85.93, 230.81; 85.93, 230.81; 88.17, 221.59; 88.17, 221.59; 87.76, 229.52; 87.76, 229.52; 90.6, 220.57; 90.6, 220.57; 90.33, 228.43; 90.33, 228.43; 92.93, 218.2; 92.93, 218.2; 93.02, 227.08; 93.02, 227.08; 95.36, 216.51; 95.36, 216.51; 95.93, 225.94; 95.93, 225.94; 98.02, 214.14; 98.02, 214.14; 98.6, 222.75; 98.6, 222.75; 99.84, 214.68; 99.84, 214.68; 100.93, 221.94; 100.93, 221.94; 113.91, 184.75; 113.91, 184.75; 120.02, 196.04; 120.02, 196.04; 115.57, 181.5; 115.57, 181.5; 121.49, 192.15; 121.49, 192.15; 116.38, 177.19; 116.38, 177.19; 