boundaryCurve{1} = [103.03, 219.34; 101.492, 220.689; 99.9102, 221.987; 98.2861, 223.23; 96.6216, 224.415; 94.9187, 225.54; 93.1791, 226.602; 91.4048, 227.599; 89.5978, 228.527; 87.7597, 229.384; 85.8926, 230.168; 83.9982, 230.876; 82.0786, 231.504; 80.1355, 232.05; 78.1708, 232.512; 76.1864, 232.887; 74.1842, 233.172; 72.1661, 233.364; 70.1339, 233.461; 68.0895, 233.46; 66.0348, 233.359; 63.9716, 233.153; 61.9145, 232.843; 59.8863, 232.428; 57.8926, 231.91; 55.9384, 231.29; 54.0289, 230.569; 52.1694, 229.751; 50.3651, 228.836; 48.621, 227.825; 46.9424, 226.722; 45.3345, 225.526; 43.8024, 224.241; 42.3514, 222.867; 40.9866, 221.407; 39.7132, 219.861; 38.5364, 218.233; 37.4614, 216.522; 36.4933, 214.732; 35.6373, 212.864; 34.8987, 210.918; 34.2826, 208.898; 33.8163, 206.908; 33.4803, 204.898; 33.2755, 202.87; 33.2053, 200.834; 33.2731, 198.8; 33.4823, 196.779; 33.8364, 194.78; 34.3388, 192.815; 34.9929, 190.893; 35.8022, 189.024; 36.77, 187.22; ];
boundaryCurve{2} = [134.06, 156.3; 133.61, 158.395; 133.133, 160.48; 132.631, 162.555; 132.103, 164.619; 131.549, 166.671; 130.971, 168.712; 130.367, 170.74; 129.739, 172.755; 129.087, 174.758; 128.41, 176.746; 127.709, 178.72; 126.985, 180.68; 126.237, 182.624; 125.466, 184.553; 124.672, 186.466; 123.855, 188.363; 123.016, 190.242; 122.155, 192.104; 121.272, 193.948; 120.366, 195.773; 119.44, 197.58; ];
boundaryCurve{3} = [160.04, 71.87; 159.04, 73.6784; 158.073, 75.4999; 157.136, 77.334; 156.229, 79.1802; 155.35, 81.0382; 154.5, 82.9074; 153.677, 84.7875; 152.88, 86.678; 152.108, 88.5783; 151.361, 90.4882; 150.636, 92.4071; 149.934, 94.3345; 149.254, 96.2701; 148.594, 98.2134; 147.954, 100.164; 147.332, 102.121; 146.728, 104.085; 146.141, 106.054; 145.57, 108.029; 145.013, 110.009; 144.471, 111.993; 143.941, 113.982; 143.424, 115.974; 142.918, 117.969; 142.422, 119.968; 141.935, 121.968; 141.457, 123.97; 140.986, 125.974; 140.522, 127.978; 140.063, 129.983; 139.609, 131.988; 139.159, 133.993; 138.711, 135.997; 138.265, 137.999; 137.82, 140; ];
boundaryCurve{4} = [196.9, 61.05; 198.511, 60.573; 200.269, 59.8656; 202.108, 58.9484; 203.962, 57.842; 205.766, 56.567; 207.453, 55.144; 208.959, 53.5936; 210.218, 51.9364; 211.163, 50.1931; 211.73, 48.3843; 211.853, 46.5305; 211.466, 44.6523; 210.564, 42.8581; 209.304, 41.3429; 207.754, 40.0914; 205.982, 39.0965; 204.054, 38.3508; 202.037, 37.8471; 199.998, 37.5782; 198.004, 37.5367; 196.11, 37.7168; 194.131, 38.1298; 192.216, 38.7267; 190.362, 39.4866; 188.568, 40.3884; 186.832, 41.4113; 185.151, 42.5343; 183.523, 43.7364; 181.947, 44.9966; 180.421, 46.2941; 178.923, 47.6272; 177.453, 49.0023; 176.016, 50.4126; 174.614, 51.8567; 173.246, 53.3331; 171.912, 54.8404; 170.612, 56.3772; 169.345, 57.942; 168.11, 59.5334; 166.909, 61.1498; 165.74, 62.79; ];
boundaryCurve{5} = [117.73, 85.27; 117.625, 87.2662; 117.192, 89.1751; 116.461, 90.9794; 115.464, 92.6618; 114.23, 94.2051; 112.792, 95.5918; 111.179, 96.8047; 109.422, 97.8265; 107.553, 98.6398; 105.6, 99.2274; 103.597, 99.572; 101.572, 99.6562; 99.5571, 99.4627; 97.5998, 98.9898; 95.743, 98.2962; 93.987, 97.4032; 92.3379, 96.3273; 90.8017, 95.0849; 89.3846, 93.6923; 88.0925, 92.166; 86.9315, 90.5225; 85.9077, 88.778; 85.0272, 86.949; 84.2959, 85.0519; 83.7199, 83.1031; 83.3054, 81.119; 83.0583, 79.116; 82.9752, 77.1093; 83.0452, 75.1207; 83.2624, 73.1553; 83.6212, 71.2177; 84.1157, 69.3127; 84.7402, 67.4449; 85.4891, 65.6191; 86.3564, 63.8399; 87.3365, 62.1121; 88.4236, 60.4403; 89.6119, 58.8293; 90.8958, 57.2836; 92.2694, 55.8082; 93.727, 54.4075; 95.2629, 53.0864; 96.8712, 51.8496; 98.5463, 50.7016; 100.282, 49.6473; 102.074, 48.6914; 103.915, 47.8384; 105.799, 47.0932; 107.722, 46.4604; 109.676, 45.9447; 111.658, 45.5508; 113.653, 45.2819; 115.645, 45.124; 117.635, 45.0709; 119.62, 45.1199; 121.596, 45.2681; 123.563, 45.513; 125.516, 45.8517; 127.454, 46.2815; 129.373, 46.7997; 131.272, 47.4035; 133.147, 48.0902; 134.997, 48.8571; 136.817, 49.7013; 138.606, 50.6203; 140.361, 51.6111; 142.08, 52.6712; 143.759, 53.7978; 145.397, 54.988; 146.99, 56.2393; 148.536, 57.5488; 150.033, 58.9138; 151.477, 60.3316; 152.867, 61.7994; 154.199, 63.3145; 155.47, 64.8742; 156.681, 66.4733; 157.837, 68.1065; 158.939, 69.7723; 159.989, 71.4692; 160.987, 73.1956; 161.934, 74.95; 162.832, 76.7309; 163.682, 78.5368; 164.484, 80.3661; 165.24, 82.2174; 165.951, 84.0891; 166.618, 85.9797; 167.242, 87.8876; 167.823, 89.8115; 168.364, 91.7497; 168.866, 93.7007; 169.328, 95.663; 169.753, 97.635; 170.142, 99.6154; 170.495, 101.603; 170.813, 103.595; 171.098, 105.591; 171.351, 107.589; 171.573, 109.588; 171.765, 111.586; 171.929, 113.584; 172.069, 115.583; 172.185, 117.584; 172.279, 119.585; 172.354, 121.587; 172.409, 123.591; 172.448, 125.595; 172.47, 127.6; 172.479, 129.605; 172.476, 131.611; 172.461, 133.618; 172.437, 135.625; 172.406, 137.633; 172.368, 139.641; 172.326, 141.649; 172.28, 143.658; 172.233, 145.666; 172.187, 147.675; 172.141, 149.683; 172.099, 151.692; 172.062, 153.7; 172.03, 155.708; 172.007, 157.716; 171.993, 159.723; 171.99, 161.731; 172, 163.74; 172.025, 165.752; 172.066, 167.766; 172.124, 169.779; 172.202, 171.793; 172.3, 173.806; 172.42, 175.817; 172.563, 177.826; 172.731, 179.832; 172.926, 181.833; 173.148, 183.831; 173.399, 185.823; 173.681, 187.809; 173.994, 189.789; 174.342, 191.761; 174.724, 193.725; 175.142, 195.68; 175.599, 197.625; 176.094, 199.56; 176.631, 201.484; 177.209, 203.396; 177.831, 205.295; 178.498, 207.181; 179.212, 209.054; 179.978, 210.912; 180.798, 212.754; 181.674, 214.575; 182.606, 216.371; 183.594, 218.137; 184.638, 219.869; 185.739, 221.562; 186.897, 223.211; 188.112, 224.814; 189.384, 226.364; 190.715, 227.858; 192.104, 229.291; 193.551, 230.659; 195.058, 231.957; 196.623, 233.181; 198.249, 234.326; 199.934, 235.388; 201.679, 236.362; 203.48, 237.243; 205.321, 238.021; 207.198, 238.698; 209.106, 239.277; 211.041, 239.759; 212.999, 240.146; 214.976, 240.441; 216.968, 240.644; 218.97, 240.758; 220.979, 240.785; 222.991, 240.727; 225.001, 240.586; 227.005, 240.363; 228.999, 240.061; 230.98, 239.681; 232.942, 239.225; 234.882, 238.696; 236.8, 238.092; 238.699, 237.41; 240.574, 236.649; 242.42, 235.812; 244.231, 234.9; 246.004, 233.915; 247.733, 232.857; 249.414, 231.728; 251.04, 230.531; 252.607, 229.265; 254.11, 227.934; 255.545, 226.537; 256.906, 225.077; 258.187, 223.555; 259.386, 221.973; 260.495, 220.332; 261.51, 218.633; 262.427, 216.878; 263.24, 215.069; 263.944, 213.206; 264.535, 211.292; 264.999, 209.34; 265.336, 207.364; 265.546, 205.372; 265.632, 203.37; 265.595, 201.366; 265.437, 199.367; 265.16, 197.38; 264.766, 195.412; 264.256, 193.471; 263.633, 191.564; 262.898, 189.697; 262.053, 187.879; 261.1, 186.116; 260.041, 184.416; 258.877, 182.785; 257.61, 181.231; 256.243, 179.762; 254.776, 178.385; 253.208, 177.113; 251.549, 175.967; 249.807, 174.967; 247.989, 174.134; 246.105, 173.489; 244.163, 173.052; 242.17, 172.849; 240.151, 172.92; 238.156, 173.266; 236.23, 173.878; 234.421, 174.747; 232.775, 175.866; 231.339, 177.225; 230.16, 178.816; 229.299, 180.63; 228.842, 182.594; 228.78, 184.618; 229.101, 186.615; 229.788, 188.498; 230.826, 190.181; 232.202, 191.577; 233.9, 192.6; ];
