radius = 4.730351370021024;
cppContour{1} = [95.04765299982851 43.38525639374056; 98.499948 41.8199927;94.65429205706589 41.33206353461564;90.84799393857655 41.62573356572702;87.68727432550004 43.84456476239534;84.82040381327172 46.4504805273067;82.2518751036568 49.35072108179708;80.00787582679841 52.5085913844596;78.11459654484587 55.88823113892092;76.59896146616937 59.45305613230118;75.48857827948228 63.16395262599473;74.80394435461956 66.97650555909861;74.54541545875034 70.84166883069477;74.70639309611988 74.71237062906539;75.27993687613336 78.54395147731005;76.25948264091588 82.2925760383864;77.20842783776561 84.78393619243062;77.23667548282445 84.89075725652818;78.61022228511804 88.41950834107999;80.38643232547608 91.76331468382239;82.59896089537854 94.83405567518759;85.30490453338923 97.47789168991831;88.52 99.47;85.30490453338923 97.47789168991831;82.59896089537854 94.83405567518759;80.38643232547608 91.76331468382239;79.41 89.36;77.63868328732539 85.91352859318478;77.20842783776561 84.78393619243062;76.26855315940011 81.2297137766427;75.70842625968871 77.48416553911889;75.55809563185488 73.69955915644306;75.82007191426194 69.92053819741967;76.50471606535447 66.1946532252198;77.61130625283957 62.57215625133861;79.12998596398603 59.10282279494466;81.0358317279136 55.8302374218641;83.29049300887651 52.78741443436315;85.85541967239534 50.00099539287241;88.69321841325952 47.49279999747159;91.76858798292614 45.28185837248961;95.04765299982851 43.38525639374056;];
cppContour{2} = [114.4 260.34; 115.5957977201229 263.2386719425124;116.8021295991944 266.4169499836335;118.16 269.67;118.34 269.45;118.98 266.2;119.9 261.69;120.85 258.61;122.22 255.6;121.7149214003147 253.8702642073068;123.51 250.65;123.1216731540605 249.4935354017854;124.1428987099863 246.5884176453173;125.587876783441 242.8793009509306;127.1559643400745 239.2205078063516;128.8461151475393 235.6164827456268;130.6559886203955 232.0710406757179;132.5841128654447 228.5884901547232;134.6287811023165 225.1730128814477;136.7881895975893 221.8288644978595;139.06 218.56;139.15 217.49;136.7788033047784 220.4878241974052;134.481180581641 223.542348373463;132.2578839382212 226.6513637745995;130.1106774379922 229.8134047255697;128.0394923811569 233.0257663564224;126.0465262642032 236.2872742045207;124.1349723584893 239.5971814010931;122.3051742126256 242.9529519077442;121.470414955611 244.5759726090346;121.23 243.86;119.5 246.28;118.36 249.58;116.79 253.74;115.86 255.89;114.4 260.34;];
cppContour{3} = [230.1473927066376 184.9911220062091; 230.1849304467243 181.0334996787681;232.0940285309644 177.5568287294485;235.1996113365385 175.0757531303667;238.959184125567 173.7785227744723;242.9393331118249 173.6782086798955;246.8303835401599 174.5403316960385;250.4916590830523 176.1198191574143;253.8649888910635 178.2472752042536;256.8994600900937 180.8357330569826;259.5538287442795 183.8131800783367;260.3019252162643 184.9099899262466;261.873343425238 187.5466447625338;263.4826972651277 191.1822106040728;264.6530073828635 194.9819633924275;265.3708424649909 198.8924331333461;265.11 200.22;264.4485440065573 204.1257842453629;263.5083983340811 207.9738639204563;262.2775210891814 211.7387862073747;260.7419566039321 215.3897627166303;258.8881653433279 218.8895368100096;256.7027047730474 222.1919978826153;254.1801492177152 225.2442459253082;251.3249547618933 227.9872402713022;248.1432085300927 230.3423491061205;244.6838739171766 232.2666435723469;241.0060705978726 233.7299230110019;237.1674553894943 234.6939636115026;233.2324002936439 235.1112230712089;231.33 234.51;229.08 234.25;226.71 234.1;224.23 233.41;221.2 232.11;218.3768447130721 230.5434430332149;215.3455025033322 227.9990974391575;212.6574747411199 225.0926895839488;210.2890715869277 221.9193057555401;208.2047605737849 218.5517039075637;206.3701865301391 215.0412955292385;204.7447106900447 211.4288128888563;203.2884613809613 207.7446486549574;201.9866572955643 204.0030385485817;201.74 202.1;200.8254652264418 200.2153435334195;199.790857752812 196.3910645446361;198.87 192.2;198.039629680718 188.6639372446912;197.2928444163475 184.7730406891138;196.6120673152085 180.8700186914361;196.32 176.53;195.3905375391875 173.0408968734132;195.39 171.03;195.14 168.02;198.9554036620793 167.0249045334646;202.6676800979918 165.6965469566451;206.2501380729265 164.0504086863314;209.6769595763243 162.1011204894639;212.9224026556265 159.8631159221692;215.0452238019189 158.1088434704426;214.99 158.24;218.5602344400345 155.1574479003694;221.2139404266171 152.4955833356672;223.5755246020879 149.572108622762;225.0652343081908 146.1585705899035;225.1703231522548 142.4335654750276;223.8737230980418 138.9472309737748;222.6227519577388 137.7169091753786;222.2723439366268 137.0746247148767;221.6765163285611 136.786292725894;221.2301580287537 136.347302306007;219.5463032197462 135.7554432414003;218.7769995639028 135.383162987484;217.71 135.11;215.26 136.79;216.23 137.06;220.0267245347957 137.4690322340224;222.7306617042672 140.1750665344273;223.3629537116288 143.9506247935415;222.107871247295 147.5867471570716;219.4903240007738 150.4222987449789;216.1166767057692 152.3275418775366;212.4016680891474 153.4627467540672;208.5701767469155 154.138699132134;204.7154887040295 154.6765573668531;200.8603559700802 155.2112561152667;197.0053286064972 155.7467145854176;193.2708403719475 156.2632848469145;192.9640885232333 153.3816150978096;192.7 149.43;192.2160938314316 145.4930761620622;192.08 143.87;191.88454672019 141.5449826170839;192.2 137.98;191.2996948266139 133.6426512000087;191.73 131.84;191.0443980380029 129.68888990056;190.8105989401819 125.7337989123978;191.3 124.44;190.5983526987307 121.7774924258589;190.68 119.07;190.4066016127899 117.8201380978367;190.2325878685878 113.8619641036368;190.55 112.87;190.0762312130837 109.9030535039818;190.05 106.77;189.9003937062976 103.7970522946575;189.87 101.99;189.6971659474933 98.02315349421413;189.95 95.20999999999999;189.596646570533 94.06243117036946;189.5070006373542 90.10144721040629;190.16 87.47;189.4261164321464 86.14027512875016;189.3524012593615 82.17896231968368;190.42 79.14;189.2865373913125 78.21751101499117;189.2255255653947 74.25598200140402;188.54 72.55;186.5449876480801 72.15916253531151;182.6709294691892 71.33353768736247;179.97 70.06;176.21 68.18000000000001;175.1832814662645 68.76372037668504;171.6115792212188 67.05133919466924;171.44 65.59;168.1861787856277 65.0624614615179;165.82 63.18;166.71 61.76;169.1952824707663 58.81256211600418;171.7217589950505 55.90043079183819;174.3186429424725 53.05109034924585;175.6366654796331 51.70524352705766;175.64 51.71;175.6366654796331 51.70524352705766;177.0158915688156 50.29690110735655;179.8414949861606 47.67500552321501;182.8205692345125 45.22948606198988;185.9725205605552 43.01194433134648;189.3067884853365 41.07996352976765;192.8171590991428 39.49059449061371;196.4960947086841 38.34817552866085;200.3227292395386 37.95000280145316;204.0931249367436 38.64657491641978;207.3448903279313 40.65350309602395;209.4301737276544 43.82687649647943;209.6688004261604 47.61190576939138;208.3885405940917 51.22298108262559;206.2501189112447 54.41885962623674;203.5247537619995 57.13439384020047;200.3308369516751 59.28171186249517;196.78 60.77;196.9 61.05;199.2600988017383 60.19060608035196;197.07 61.3;199.2600988017383 60.19060608035196;200.5837494903911 59.70861890560809;204.014671082168 57.80477404115064;207.1283302462816 55.41786192029709;210.36 57.59;213.2802269258213 55.29552707524016;215.533920823251 52.34840166271787;217.0320811923869 48.95490945071657;217.6915793265565 45.30389158852312;217.42 41.6;213.68 41.41;211.1657141114528 38.54758949160829;208.1185741518781 36.26221760265934;207.0565652146452 35.74002433199038;206.3586491005393 35.21473659490364;202.6983058045333 33.76068842877108;201.3622090936972 33.59530444515858;201.0469675859012 33.50217573587733;197.2681300180377 33.01864220241088;193.4595452100213 33.13301122575787;189.7053064430063 33.79512278094968;186.0648472590078 