boundaryCurve{1} = [66.811, 43.43; 64.8051, 43.3354; 62.7973, 43.3049; 60.7894, 43.3382; 58.7836, 43.4351; 56.7818, 43.5955; 54.7861, 43.819; 52.7984, 44.1056; 50.8208, 44.4549; 48.8553, 44.8668; 46.9039, 45.3411; 44.9675, 45.8793; 43.0546, 46.5225; 41.2221, 47.3395; 39.5346, 48.3984; 38.0721, 49.7409; 36.9085, 51.2956; 36.014, 53.0214; 35.3516, 54.883; 34.8849, 56.8452; 34.5769, 58.8726; 34.3911, 60.9301; 34.2906, 62.9824; 34.2367, 64.9999; 34.1885, 67.0081; 34.1403, 69.0164; 34.092, 71.0247; 34.0438, 73.033; 33.9956, 75.0412; 33.9474, 77.0495; 33.9066, 79.061; 33.9117, 81.0743; 34.0087, 83.0798; 34.2436, 85.0678; 34.6618, 87.0273; 35.2746, 88.9328; 36.0431, 90.7844; 36.9245, 92.5923; 37.8759, 94.3665; 38.8574, 96.1194; 39.8557, 97.8623; 40.8706, 99.5955; 41.902, 101.319; 42.9498, 103.032; 44.0141, 104.736; 45.0946, 106.429; 46.2137, 108.12; 47.427, 109.787; 48.7503, 111.361; 50.1976, 112.769; 51.7831, 113.939; 53.5209, 114.8; 55.425, 115.279; ];
boundaryCurve{2} = [72.535, 50.572; 70.5141, 50.4366; 68.4914, 50.3321; 66.4673, 50.2585; 64.4423, 50.2158; 62.4169, 50.204; 60.3915, 50.2231; 58.3666, 50.2731; 56.3426, 50.3539; 54.3201, 50.4656; 52.2915, 50.6137; 50.2363, 50.8306; 48.1783, 51.1385; 46.1453, 51.5574; 44.1654, 52.1074; 42.2665, 52.8085; 40.4766, 53.6807; 38.8237, 54.744; 37.3358, 56.0186; 36.0407, 57.5243; 34.9882, 59.2401; 34.2005, 61.0883; 33.6382, 63.0312; 33.2615, 65.0321; 33.0306, 67.0538; 32.9077, 69.0778; 32.8822, 71.1091; 32.9557, 73.1407; 33.1299, 75.1661; 33.4065, 77.1783; 33.7871, 79.1707; 34.2733, 81.1365; 34.8669, 83.0688; 35.5694, 84.961; 36.3825, 86.8063; 37.3078, 88.5979; 38.3471, 90.329; 39.5028, 91.9923; 40.7769, 93.5735; 42.1618, 95.0627; 43.6488, 96.4513; 45.2294, 97.7311; 46.8948, 98.8938; 48.6365, 99.9311; 50.4457, 100.835; 52.3139, 101.596; 54.2323, 102.207; 56.1924, 102.659; 58.1855, 102.944; 60.203, 103.054; ];
boundaryCurve{3} = [70.999, 63.171; 68.9872, 63.3723; 66.9276, 63.3428; 64.8557, 63.2113; 62.8067, 63.1067; 60.816, 63.1578; 58.9189, 63.4935; 57.1507, 64.2427; 55.611, 65.4784; 54.4546, 67.0648; 53.6237, 68.8915; 53.0499, 70.8534; 52.6645, 72.8463; 52.4365, 74.8526; 52.5132, 76.8486; 53.0785, 78.7543; 54.1601, 80.4102; 55.6341, 81.767; 57.3722, 82.8042; 59.2498, 83.5118; 61.1987, 83.9608; 63.191, 84.2309; 65.1999, 84.3979; 67.2066, 84.5344; 69.2188, 84.6648; 71.2355, 84.7825; 73.2549, 84.8808; 75.2751, 84.9528; 77.294, 84.9916; 79.3098, 84.9903; 81.3205, 84.942; 83.3242, 84.84; 85.319, 84.6774; 87.3028, 84.4472; 89.2739, 84.1426; 91.2303, 83.7568; 93.1699, 83.2829; 95.091, 82.714; ];
openCurve = [true true true ];
