boundaryCurve{1} = [13.9434, 129.843; 12.5236, 131.294; 11.1507, 132.79; 9.82608, 134.329; 8.55105, 135.909; 7.32691, 137.529; 6.15488, 139.187; 5.03616, 140.881; 3.97187, 142.61; 3.01898, 144.395; 2.77743, 146.32; 3.71247, 148.122; 4.78699, 149.843; 5.99778, 151.472; 7.33842, 152.996; 8.79975, 154.404; 10.3706, 155.689; 12.0385, 156.844; 13.7905, 157.868; 15.6136, 158.759; 17.4955, 159.519; 19.4248, 160.148; 21.391, 160.651; 23.3847, 161.031; 25.3976, 161.291; 27.4221, 161.436; 29.4516, 161.468; 31.4799, 161.392; 33.5015, 161.209; 35.5111, 160.924; 37.5037, 160.537; 39.4743, 160.05; 41.418, 159.465; 43.3295, 158.782; 45.1978, 157.989; 47.0187, 157.092; 48.7962, 156.112; 50.5324, 155.059; 52.2279, 153.943; 53.8813, 152.765; 55.4893, 151.526; 57.0457, 150.223; 58.5404, 148.849; 59.9566, 147.395; 61.2221, 145.811; 62.1944, 144.029; 63.0357, 142.182; 63.7801, 140.293; 64.4276, 138.368; 64.9916, 136.418; 65.4627, 134.445; 65.8181, 132.447; 66.0079, 130.428; 65.9162, 128.405; 65.2759, 126.505; 63.7627, 125.244; ];
boundaryCurve{2} = [79.8581, 33.2699; 79.6514, 33.7806; 79.0618, 35.1221; 78.2292, 36.9584; 77.3915, 38.7924; 76.5552, 40.6271; 75.7233, 42.4638; 74.897, 44.303; 74.0773, 46.1452; 73.2651, 47.9906; 72.4608, 49.8395; 71.6654, 51.6923; 70.8807, 53.5496; 70.106, 55.4111; 69.3418, 57.277; 68.5886, 59.1473; 67.8468, 61.0222; 67.1209, 62.9033; 66.4098, 64.79; 65.7131, 66.682; 65.0319, 68.5797; 64.3685, 70.4838; 63.7296, 72.3961; 63.1116, 74.3154; 62.5167, 76.2418; 61.9475, 78.176; 61.4077, 80.1187; 60.9091, 82.0724; 60.4495, 84.0355; 60.0355, 86.0086; 59.6755, 87.9922; 59.3806, 89.9865; 59.1657, 91.9908; 59.0507, 94.0031; 59.0624, 96.0184; 59.2372, 98.026; 59.6613, 99.9943; 60.3354, 101.893; 61.166, 103.729; 62.0889, 105.522; 63.0404, 107.299; 63.9598, 109.093; 64.785, 110.932; 65.4548, 112.831; 65.9657, 114.781; 66.385, 116.753; 66.7262, 118.74; 66.9787, 120.739; 67.1311, 122.749; 67.171, 124.764; 67.0855, 126.778; 66.8621, 128.781; 66.4891, 130.761; 65.9573, 132.704; 65.2614, 134.594; 64.4009, 136.416; 63.3806, 138.152; 62.2297, 139.807; ];
boundaryCurve{3} = [86.7562, 32.5035; 85.9125, 34.3453; 85.0596, 36.1828; 84.1981, 38.0163; 83.329, 39.8462; 82.4533, 41.673; 81.5722, 43.4972; 80.6871, 45.3195; 79.7994, 47.1405; 78.9107, 48.961; 78.0229, 50.782; 77.1379, 52.6042; 76.2577, 54.4289; 75.3845, 56.2568; 74.5206, 58.0893; 73.6686, 59.9272; 72.831, 61.7718; 72.0105, 63.624; 71.2098, 65.4848; 70.4317, 67.3552; 69.6791, 69.2361; 68.9549, 71.128; 68.2617, 73.0315; 67.6025, 74.947; 66.9813, 76.8752; 66.4007, 78.8161; 65.8615, 80.7688; 65.3657, 82.7329; 64.9149, 84.7078; 64.5104, 86.6927; 64.1531, 88.6867; 63.8437, 90.6886; 63.5824, 92.6974; 63.369, 94.7118; 63.2031, 96.7307; 63.0839, 98.7529; 63.0103, 100.777; 62.9737, 102.803; 62.9576, 104.829; 62.9498, 106.854; 62.9488, 108.88; 62.9529, 110.906; 62.9608, 112.932; 62.9708, 114.958; 62.9815, 116.983; 62.9913, 119.009; 62.9988, 121.035; 63.0014, 121.846; 62.9545, 120.632; 62.9832, 118.607; 63.1574, 116.59; 63.4761, 114.59; 63.9377, 112.618; 64.5291, 110.681; ];
boundaryCurve{4} = [96.7201, 28.6712; 95.4338, 30.2187; 94.1636, 31.7795; 92.9101, 33.3537; 91.6739, 34.9414; 90.4554, 36.5429; 89.2553, 38.1581; 88.0742, 39.7873; 86.9125, 41.4303; 85.7709, 43.0874; 84.65, 44.7586; 83.5503, 46.4438; 82.4724, 48.143; 81.4169, 49.8562; 80.3843, 51.5833; 79.3752, 53.3243; 78.3902, 55.0789; 77.4297, 56.8472; 76.4944, 58.6289; 75.5847, 60.4238; 74.7011, 62.2316; 73.844, 64.0523; 73.014, 65.8854; 72.2113, 67.7306; 71.4365, 69.5877; 70.6898, 71.4564; 69.9717, 73.3362; 69.2834, 75.2271; 68.6241, 77.1283; 67.994, 79.0394; 67.3934, 80.9599; 66.8223, 82.8894; 66.2809, 84.8275; 65.7692, 86.7736; 65.2871, 88.7273; 64.8348, 90.688; 64.412, 92.6553; 64.0188, 94.6288; 63.6549, 96.6079; 63.3202, 98.5921; 63.0144, 100.581; 62.7374, 102.574; 62.4888, 104.571; 62.2683, 106.571; 62.0756, 108.574; 61.9103, 110.579; 61.7721, 112.587; 61.6604, 114.596; 61.575, 116.607; 61.5152, 118.618; 61.4807, 120.63; 61.4686, 121.969; 61.3954, 121.799; 61.3861, 121.311; 61.3746, 119.299; 61.4632, 117.289; 61.6312, 115.284; 61.8587, 113.285; 62.127, 111.29; 62.4178, 109.299; 62.7127, 107.309; 62.9962, 105.316; ];
boundaryCurve{5} = [96.7201, 24.8389; 95.6754, 26.5486; 94.6234, 28.2537; 93.5658, 29.9554; 92.5044, 31.6547; 91.4411, 33.3528; 90.3776, 35.0508; 89.3157, 36.7497; 88.2569, 38.4507; 87.2031, 40.1547; 86.156, 41.8628; 85.1172, 43.5761; 84.0886, 45.2954; 83.0719, 47.0218; 82.069, 48.7563; 81.0817, 50.4997; 80.1119, 52.2529; 79.1617, 54.0168; 78.2329, 55.792; 77.3278, 57.5794; 76.4484, 59.3797; 75.5969, 61.1933; 74.7757, 63.0208; 73.9872, 64.8626; 73.2336, 66.7191; 72.5179, 68.5904; 71.8421, 70.4765; 71.2089, 72.3774; 70.6207, 74.2926; 70.0799, 76.2218; 69.5889, 78.1642; 69.1501, 80.119; 68.7655, 82.0853; 68.4373, 84.0617; 68.167, 86.0469; 67.9552, 88.0391; 67.7869, 90.0356; 67.6495, 92.0344; 67.5397, 94.0349; 67.4546, 96.0366; 67.3916, 98.0392; 67.3481, 100.042; 67.3219, 102.046; 67.3106, 104.049; 67.3122, 106.053; 67.3248, 108.056; 67.3462, 110.06; 67.3744, 112.063; 67.4074, 114.066; 67.4433, 116.069; 67.4799, 118.073; 67.5153, 120.076; 67.5471, 122.079; 67.5728, 124.083; 67.5896, 126.086; 67.595, 127.756; 67.595, 127.422; 67.595, 125.419; 67.595, 123.415; 67.595, 121.412; ];
