boundaryCurve{1} = [159.14, 62.32; 156.981, 62.9144; 154.844, 63.5456; 152.73, 64.213; 150.638, 64.9159; 148.57, 65.6539; 146.527, 66.4263; 144.51, 67.2324; 142.519, 68.0717; 140.556, 68.9435; 138.62, 69.8473; 136.714, 70.7825; 134.838, 71.7484; 132.992, 72.7444; 131.178, 73.77; 129.396, 74.8245; 127.648, 75.9073; 125.934, 77.0178; 124.254, 78.1554; 122.611, 79.3195; 121.004, 80.5094; 119.434, 81.7247; 117.903, 82.9647; 116.411, 84.2287; 114.959, 85.5161; 113.548, 86.8265; 112.179, 88.159; 110.852, 89.5133; 109.569, 90.8885; 108.33, 92.2842; 107.136, 93.6997; 105.988, 95.1344; 104.886, 96.5877; 103.833, 98.0591; 102.828, 99.5478; 101.872, 101.053; 100.966, 102.575; 100.111, 104.112; 99.2492, 105.784; 98.377, 107.628; 97.5779, 109.488; 96.8518, 111.363; 96.1986, 113.252; 95.618, 115.153; 95.11, 117.064; 94.6744, 118.985; 94.3111, 120.913; 94.0199, 122.848; 93.8007, 124.789; 93.6533, 126.733; 93.5776, 128.679; 93.5735, 130.626; 93.6407, 132.573; 93.7792, 134.518; 93.9887, 136.46; 94.2692, 138.397; 94.6206, 140.328; 95.0426, 142.251; 95.5351, 144.166; 96.098, 146.071; 96.7311, 147.964; 97.4343, 149.844; 98.2074, 151.709; 99.0504, 153.559; 99.9629, 155.392; 100.945, 157.206; 101.996, 159.001; 103.117, 160.773; 104.307, 162.524; 105.565, 164.25; 106.831, 165.875; 108.091, 167.406; 109.394, 168.919; 110.734, 170.416; 112.105, 171.9; 113.5, 173.373; 114.914, 174.838; 116.34, 176.298; 117.772, 177.755; 119.203, 179.212; 120.628, 180.671; 122.04, 182.135; 123.433, 183.607; 124.8, 185.088; 126.135, 186.582; 127.433, 188.091; 128.687, 189.618; 129.89, 191.165; 131.036, 192.735; 132.119, 194.331; 133.178, 196.042; 134.155, 197.843; 135.016, 199.689; 135.757, 201.569; 136.369, 203.477; 136.848, 205.402; 137.185, 207.336; 137.376, 209.27; 137.413, 211.196; 137.29, 213.105; 137.002, 214.987; 136.54, 216.835; 135.899, 218.64; 135.073, 220.392; 134.055, 222.083; 132.838, 223.705; 131.417, 225.248; 129.785, 226.703; 128.025, 228.002; 126.454, 228.984; 124.797, 229.879; 123.062, 230.693; 121.257, 231.429; 119.39, 232.093; 117.47, 232.691; 115.505, 233.225; 113.502, 233.703; 111.471, 234.128; 109.418, 234.506; 107.352, 234.841; 105.282, 235.138; 103.251, 235.399; 101.244, 235.629; 99.2251, 235.83; 97.1976, 236.001; 95.1635, 236.14; 93.1256, 236.244; 91.0862, 236.311; 89.048, 236.339; 87.0135, 236.326; 84.9852, 236.269; 82.9656, 236.166; 80.9574, 236.015; 78.9629, 235.814; 76.9848, 235.56; 75.0256, 235.252; 73.0878, 234.888; 71.174, 234.464; 69.2867, 233.979; 67.4284, 233.43; 65.6017, 232.816; 63.4356, 231.969; 61.335, 231.001; 59.3283, 229.925; 57.4278, 228.751; 55.6459, 227.484; 53.995, 226.134; 52.4872, 224.709; 51.1351, 223.216; 49.9509, 221.664; 48.947, 220.061; 48.1357, 218.414; 47.5293, 216.732; 47.1402, 215.022; 46.9807, 213.294; 47.0632, 211.553; 47.4, 209.81; ];
boundaryCurve{2} = [150.66, 59.12; 152.72, 58.9366; 154.782, 58.8156; 156.845, 58.7561; 158.907, 58.7572; 160.966, 58.818; 163.021, 58.9374; 165.07, 59.1147; 167.111, 59.3487; 169.142, 59.6386; 171.162, 59.9835; 173.168, 60.3823; 175.16, 60.8343; 177.134, 61.3383; 179.091, 61.8936; 181.027, 62.499; 182.941, 63.1538; 184.832, 63.857; 186.697, 64.6076; 188.535, 65.4046; 190.344, 66.2472; 192.122, 67.1345; 193.868, 68.0653; 195.579, 69.039; 197.255, 70.0544; 198.893, 71.1106; 200.492, 72.2068; 202.049, 73.3419; 203.564, 74.5151; 205.034, 75.7253; 206.457, 76.9717; 207.832, 78.2533; 209.166, 79.5776; 210.617, 81.118; 212.003, 82.6951; 213.324, 84.3073; 214.579, 85.9528; 215.77, 87.63; 216.895, 89.3372; 217.956, 91.0727; 218.952, 92.8348; 219.883, 94.6217; 220.75, 96.4319; 221.551, 98.2635; 222.289, 100.115; 222.961, 101.985; 223.569, 103.871; 224.113, 105.771; 224.592, 107.685; 225.007, 109.61; 225.358, 111.545; 225.644, 113.488; 225.867, 115.437; 226.025, 117.391; 226.119, 119.347; 226.15, 121.305; 226.116, 123.262; 226.018, 125.217; 225.857, 127.168; 225.632, 129.114; 225.344, 131.05; 225.002, 132.936; 224.604, 134.812; 224.15, 136.679; 223.641, 138.535; 223.079, 140.38; 222.464, 142.214; 221.797, 144.035; 221.079, 145.843; 220.312, 147.638; 219.495, 149.419; 218.631, 151.186; 217.719, 152.937; 216.762, 154.673; 215.759, 156.392; 214.713, 158.095; 213.623, 159.78; 212.491, 161.447; 211.318, 163.096; 210.104, 164.725; 208.851, 166.335; 207.56, 167.925; 206.231, 169.494; 204.866, 171.041; 203.466, 172.567; 202.031, 174.069; 200.562, 175.549; 199.061, 177.005; 197.528, 178.437; 195.997, 179.815; 194.487, 181.134; 192.959, 182.441; 191.42, 183.739; 189.879, 185.036; 188.342, 186.336; 186.817, 187.645; 185.311, 188.966; 183.832, 190.307; 182.387, 191.673; 180.983, 193.067; 179.609, 194.517; 178.232, 196.083; 176.931, 197.701; 175.72, 199.366; 174.613, 201.077; 173.623, 202.828; 172.764, 204.619; 172.05, 206.444; 171.494, 208.301; 171.11, 210.186; 170.911, 212.097; 170.912, 213.977; 171.111, 215.822; 171.497, 217.642; 172.064, 219.43; 172.801, 221.177; 173.701, 222.876; 174.755, 224.518; 175.954, 226.096; 177.29, 227.602; 178.754, 229.029; 180.338, 230.368; 182.032, 231.611; 183.829, 232.752; 185.72, 233.781; 187.695, 234.691; 189.582, 235.424; 191.456, 236.051; 193.367, 236.595; 195.312, 237.057; 197.283, 237.436; 199.275, 237.73; 201.282, 237.94; 203.299, 238.064; 205.32, 238.103; 207.34, 238.055; 209.352, 237.92; 211.352, 237.698; 213.333, 237.387; 215.29, 236.988; 217.217, 236.499; 219.109, 235.92; 220.96, 235.25; ];
boundaryCurve{3} = [134.8, 216.41; 135.293, 214.346; 135.618, 212.329; 135.783, 210.357; 135.795, 208.429; 135.659, 206.543; 135.383, 204.699; 134.974, 202.893; 134.437, 201.126; 133.781, 199.396; 133.011, 197.7; 132.134, 196.039; 131.158, 194.41; 130.088, 192.812; 128.932, 191.243; 127.696, 189.703; 126.387, 188.189; 125.012, 186.701; 123.577, 185.236; 122.09, 183.794; 120.556, 182.373; 118.983, 180.972; 117.377, 179.588; 115.745, 178.222; 114.094, 176.871; 112.43, 175.533; 110.761, 174.209; 109.092, 172.895; 107.432, 171.591; 105.785, 170.295; 104.16, 169.006; 102.563, 167.723; 101, 166.443; 99.4785, 165.166; 97.9726, 163.861; 96.3394, 162.358; 94.7879, 160.819; 93.3179, 159.245; 91.9291, 157.637; 90.6213, 155.998; 89.3941, 154.328; 88.2472, 152.63; 87.1803, 150.905; 86.1931, 149.154; 85.2854, 147.381; 84.4567, 145.585; 83.7069, 143.769; 83.0356, 141.934; 82.4426, 140.083; 81.9275, 138.216; 81.4899, 136.336; 81.1298, 134.443; 80.8466, 132.541; 80.6402, 130.63; 80.5102, 128.711; 80.4563, 126.788; 80.4783, 124.86; 80.5758, 122.931; 80.7485, 121.001; 80.9962, 119.073; 81.3185, 117.147; 81.7152, 115.226; 82.1859, 113.311; 82.7303, 111.405; 83.3482, 109.507; 84.0392, 107.621; 84.803, 105.748; 85.6394, 103.889; 86.5481, 102.047; 87.5287, 100.222; 88.5809, 98.4168; 89.7045, 96.6327; 90.8277, 94.9758; 91.9818, 93.3901; 93.1842, 91.8463; 94.4336, 90.3435; 95.7285, 88.8808; 97.0676, 87.4573; 98.4495, 86.0723; 99.8729, 84.7249; 101.336, 83.4142; 102.838, 82.1393; 104.377, 80.8994; 105.953, 79.6937; 107.562, 78.5213; 109.205, 77.3813; 110.88, 76.2729; 112.585, 75.1952; 114.318, 74.1473; 116.08, 73.1285; 117.868, 72.1379; 119.68, 71.1745; 121.516, 70.2377; 123.374, 69.3264; 125.253, 68.4398; 127.151, 67.5771; 129.067, 66.7375; 131, 65.92; ];
