boundaryCurve{1} = [15.8786, 131.596; 14.4614, 133.046; 13.0929, 134.543; 11.7744, 136.084; 10.5075, 137.667; 9.29345, 139.291; 8.13366, 140.955; 7.02936, 142.656; 5.98174, 144.392; 5.13172, 146.189; 5.47069, 148.162; 6.46279, 149.93; 7.59836, 151.609; 8.87234, 153.185; 10.2763, 154.647; 11.7992, 155.984; 13.4282, 157.19; 15.1493, 158.26; 16.9486, 159.193; 18.8126, 159.988; 20.7288, 160.649; 22.6856, 161.177; 24.6727, 161.578; 26.6809, 161.853; 28.702, 162.009; 30.7288, 162.048; 32.7547, 161.975; 34.7736, 161.791; 36.78, 161.501; 38.7683, 161.105; 40.7334, 160.607; 42.6698, 160.007; 44.5712, 159.304; 46.4257, 158.486; 48.2322, 157.565; 49.9945, 156.563; 51.7145, 155.489; 53.3919, 154.35; 55.0247, 153.148; 56.608, 151.882; 58.1333, 150.546; 59.5865, 149.133; 60.9354, 147.62; 62.0135, 145.907; 62.8936, 144.08; 63.6627, 142.204; 64.3334, 140.29; 64.9182, 138.349; 65.4103, 136.383; 65.7888, 134.392; 66.0064, 132.377; 65.9493, 130.354; 65.3428, 128.446; 63.8512, 127.167; ];
boundaryCurve{2} = [79.35, 38.6028; 79.1414, 39.1172; 78.5537, 40.4518; 77.7218, 42.2854; 76.8852, 44.1168; 76.0504, 45.949; 75.2205, 47.7835; 74.3966, 49.6206; 73.5797, 51.4609; 72.7705, 53.3046; 71.9707, 55.1524; 71.1807, 57.0043; 70.4007, 58.8606; 69.6313, 60.7212; 68.8728, 62.5863; 68.1257, 64.456; 67.3945, 66.332; 66.6781, 68.2136; 65.9763, 70.1008; 65.29, 71.9936; 64.6215, 73.8928; 63.9778, 75.8006; 63.3552, 77.7153; 62.7559, 79.6374; 62.1825, 81.5674; 61.6398, 83.5064; 61.1386, 85.4564; 60.6773, 87.4162; 60.2629, 89.3863; 59.9045, 91.3673; 59.6141, 93.3593; 59.408, 95.3616; 59.3082, 97.3718; 59.345, 99.3838; 59.5596, 101.384; 60.0518, 103.334; 60.7736, 105.212; 61.6395, 107.029; 62.5783, 108.81; 63.5233, 110.588; 64.4092, 112.395; 65.1679, 114.258; 65.754, 116.183; 66.2061, 118.145; 66.5813, 120.123; 66.8693, 122.115; 67.0581, 124.119; 67.1347, 126.13; 67.0853, 128.142; 66.8962, 130.146; 66.5546, 132.129; 66.0501, 134.076; 65.3761, 135.971; 64.5317, 137.797; 63.5217, 139.536; 62.3751, 141.19; ];
boundaryCurve{3} = [79.3227, 42.1976; 80.0093, 40.3114; 80.7914, 38.4628; 81.6585, 36.6525; 82.6023, 34.8811; 83.616, 33.1486; 84.6941, 31.4555; 85.8322, 29.802; 87.0267, 28.1889; 88.275, 26.6169; 89.5748, 25.0873; 90.9244, 23.6014; 92.3226, 22.1611; 93.7686, 20.7687; 95.2617, 19.427; 96.8017, 18.1392; 98.3884, 16.9094; 100.022, 15.7422; 101.702, 14.6432; 103.428, 13.6191; 105.201, 12.6766; 107.019, 11.8252; 108.881, 11.0746; 110.784, 10.4355; 112.724, 9.92179; 114.686, 9.49684; 116.661, 9.14066; 118.646, 8.84187; 120.638, 8.59387; 122.635, 8.39296; 124.637, 8.23739; 126.641, 8.1269; 128.648, 8.06248; 130.655, 8.04663; 132.662, 8.09317; 134.667, 8.19867; 136.667, 8.37072; 138.658, 8.61976; 140.636, 8.9602; 142.591, 9.41191; 144.508, 10.0023; 146.361, 10.7684; 148.105, 11.7577; 149.628, 13.0566; 150.885, 14.6178; 151.916, 16.3367; 152.745, 18.1627; 153.397, 20.0594; 153.9, 22.0017; 154.274, 23.9732; 154.538, 25.9626; 154.704, 27.9627; 154.784, 29.9681; 154.785, 31.9753; 154.714, 33.9814; 154.575, 35.984; 154.369, 37.9809; 154.094, 39.9695; 153.756, 41.9482; 153.353, 43.9148; 152.882, 45.8661; 152.338, 47.7981; 151.711, 49.7048; 150.988, 51.5773; 150.135, 53.3935; 149.147, 55.1409; 148.079, 56.8401; 146.939, 58.4923; 145.734, 60.0978; 144.471, 61.6578; 143.156, 63.174; 141.794, 64.6486; 140.39, 66.0841; 138.951, 67.4833; 137.48, 68.8492; 135.981, 70.1849; 134.459, 71.4934; 132.916, 72.7778; 131.356, 74.0413; 129.782, 75.2871; 128.196, 76.5182; 126.601, 77.7378; 125, 78.9488; 123.395, 80.1546; 121.788, 81.358; 120.182, 82.5625; 118.579, 83.7711; 116.982, 84.9871; 115.393, 86.2141; 113.815, 87.4554; 112.252, 88.7148; 110.706, 89.9958; 109.182, 91.3023; 107.685, 92.6403; 106.217, 94.0087; 104.773, 95.4036; 103.354, 96.824; 101.958, 98.2663; 100.583, 99.7292; 99.2293, 101.212; 97.897, 102.713; 96.586, 104.234; 95.2981, 105.774; 94.0332, 107.333; 92.7917, 108.91; 91.5744, 110.507; 90.3824, 112.122; 89.2169, 113.756; 88.0794, 115.411; 86.9717, 117.085; 85.8959, 118.78; 84.8543, 120.496; 83.8516, 122.235; 82.8924, 123.998; 81.9777, 125.785; 81.1122, 127.597; 80.301, 129.433; 79.5503, 131.294; 78.8671, 133.182; 78.2599, 135.095; 77.7383, 137.033; 77.3135, 138.994; 76.9981, 140.976; 76.806, 142.974; 76.7522, 144.98; 76.854, 146.985; 77.1424, 148.971; 77.6147, 150.92; 78.2782, 152.813; 79.2349, 154.568; 80.5395, 156.091; 82.0241, 157.441; 83.6023, 158.682; 85.2531, 159.824; 86.9549, 160.889; 88.6971, 161.885; 90.4744, 162.818; 92.2836, 163.687; 94.1269, 164.482; 96.006, 165.188; 97.9146, 165.808; 99.8537, 166.323; 101.823, 166.702; 103.819, 166.894; 105.818, 166.809; 107.749, 166.303; 109.376, 165.172; 110.273, 163.403; 110.554, 161.427; ];
boundaryCurve{4} = [86.5299, 164.517; 88.5094, 164.815; 90.4895, 165.108; 92.4707, 165.394; 94.4532, 165.67; 96.4373, 165.935; 98.4232, 166.186; 100.411, 166.421; 102.401, 166.637; 104.393, 166.833; 106.387, 167.006; 108.384, 167.154; 110.382, 167.273; 112.382, 167.36; 114.382, 167.414; 116.384, 167.431; 118.386, 167.407; 120.386, 167.338; 122.384, 167.22; 124.379, 167.049; 126.367, 166.818; 128.347, 166.524; 130.315, 166.158; 132.265, 165.709; 134.183, 165.134; 136.058, 164.437; 137.883, 163.617; 139.653, 162.684; 141.369, 161.654; 143.038, 160.549; 144.671, 159.392; 146.286, 158.21; 147.902, 157.027; 149.536, 155.872; ];
boundaryCurve{5} = [12.1884, 131.596; 10.5214, 132.758; 8.94747, 134.043; 7.48765, 135.457; 6.16982, 137.003; 5.04453, 138.694; 4.16225, 140.522; 3.58051, 142.464; 3.3563, 144.477; 3.5258, 146.495; 4.08671, 148.442; 4.99489, 150.256; 6.17997, 151.904; 7.56827, 153.385; 9.09859, 154.717; 10.7123, 155.951; ];
boundaryCurve{6} = [121.457, 166.919; 123.459, 167.169; 125.471, 167.285; 127.487, 167.269; 129.497, 167.124; 131.495, 166.856; 133.474, 166.468; 135.426, 165.963; 137.345, 165.343; 139.222, 164.603; 141.052, 163.756; 142.829, 162.803; 144.544, 161.743; 146.185, 160.572; 147.739, 159.288; 149.187, 157.886; 150.504, 156.359; 151.63, 154.687; 152.516, 152.879; 153.096, 150.952; 153.226, 148.948; 152.836, 146.978; 151.944, 145.18; 150.624, 143.663; 149.051, 142.409; 147.315, 141.391; 145.477, 140.566; 143.577, 139.893; 141.639, 139.335; 139.664, 138.925; 137.678, 138.581; 135.676, 138.344; 133.662, 138.252; 131.646, 138.269; 129.632, 138.376; 127.624, 138.571; 125.628, 138.862; 123.647, 139.237; 121.686, 139.706; 119.754, 140.28; 117.865, 140.983; 116.046, 141.849; 114.35, 142.932; 112.88, 144.3; 111.832, 146.007; 111.589, 147.985; 112.121, 149.909; 113.262, 151.547; 114.831, 152.798; 116.63, 153.697; 118.548, 154.313; 120.525, 154.698; 122.531, 154.885; 124.546, 154.886; 126.552, 154.704; 128.53, 154.326; 130.451, 153.724; 132.263, 152.852; 133.869, 151.649; 135.154, 150.108; ];
boundaryCurve{7} = [115.978, 167.399; 117.989, 167.514; 120.002, 167.554; 122.016, 167.523; 124.027, 167.424; 126.034, 167.259; 128.034, 167.028; 130.025, 166.73; 132.005, 166.364; 133.971, 165.929; 135.919, 165.42; 137.845, 164.833; 139.743, 164.161; 141.606, 163.399; 143.425, 162.537; 145.187, 161.564; 146.876, 160.47; 148.47, 159.242; 149.941, 157.869; 151.254, 156.345; 152.352, 154.66; 153.142, 152.814; 153.488, 150.841; 153.311, 148.847; 152.643, 146.959; 151.58, 145.256; 150.231, 143.765; 148.683, 142.48; 146.997, 141.381; 145.215, 140.447; 143.362, 139.662; 141.458, 139.012; 139.516, 138.484; 137.539, 138.108; 135.542, 137.853; 133.535, 137.695; 131.523, 137.621; 129.509, 137.623; 127.497, 137.697; 125.489, 137.842; 123.487, 138.06; 121.495, 138.359; 119.519, 138.746; 117.565, 139.229; 115.642, 139.826; 113.768, 140.561; 111.983, 141.492; 110.36, 142.675; 108.925, 144.078; 107.824, 145.75; 107.297, 147.67; 107.537, 149.639; 108.464, 151.399; 109.827, 152.861; 111.49, 153.965; 113.372, 154.657; 115.345, 155.046; 117.348, 155.244; 119.36, 155.344; 121.371, 155.434; 123.375, 155.632; 125.311, 156.16; 126.936, 157.312; ];
