boundaryCurve{1} = [150.1, 60.21; 148.082, 60.8774; 146.087, 61.5918; 144.115, 62.3523; 142.169, 63.1581; 140.249, 64.0082; 138.357, 64.9017; 136.492, 65.8378; 134.657, 66.8156; 132.852, 67.8341; 131.078, 68.8925; 129.337, 69.99; 127.629, 71.1255; 125.955, 72.2983; 124.317, 73.5074; 122.715, 74.7519; 121.151, 76.031; 119.625, 77.3438; 118.139, 78.6893; 116.693, 80.0667; 115.29, 81.4751; 113.928, 82.9137; 112.611, 84.3814; 111.338, 85.8775; 110.111, 87.401; 108.931, 88.951; 107.798, 90.5267; 106.715, 92.1272; 105.681, 93.7516; 104.698, 95.399; 103.767, 97.0684; 102.889, 98.7591; 102.066, 100.47; 101.289, 102.218; 100.527, 104.097; 99.8299, 105.993; 99.198, 107.905; 98.6313, 109.832; 98.1295, 111.772; 97.6924, 113.723; 97.3201, 115.685; 97.0122, 117.654; 96.7688, 119.631; 96.5895, 121.613; 96.4743, 123.598; 96.423, 125.586; 96.4355, 127.575; 96.5117, 129.563; 96.6513, 131.548; 96.8543, 133.529; 97.1205, 135.505; 97.4498, 137.474; 97.842, 139.434; 98.2969, 141.384; 98.8145, 143.322; 99.3946, 145.247; 100.037, 147.158; 100.742, 149.051; 101.508, 150.928; 102.337, 152.784; 103.227, 154.62; 104.179, 156.433; 105.192, 158.223; 106.267, 159.986; 107.378, 161.686; 108.52, 163.333; 109.703, 164.958; 110.921, 166.565; 112.167, 168.158; 113.434, 169.74; 114.716, 171.314; 116.006, 172.884; 117.296, 174.453; 118.58, 176.025; 119.852, 177.602; 121.103, 179.189; 122.329, 180.788; 123.521, 182.403; 124.673, 184.037; 125.777, 185.694; 126.829, 187.376; 127.819, 189.088; 128.754, 190.866; 129.606, 192.727; 130.354, 194.636; 130.991, 196.584; 131.51, 198.56; 131.906, 200.554; 132.172, 202.557; 132.302, 204.557; 132.29, 206.546; 132.13, 208.512; 131.815, 210.445; 131.339, 212.336; 130.696, 214.175; 129.879, 215.951; 128.883, 217.653; 127.701, 219.273; 126.327, 220.799; 124.769, 222.21; 123.225, 223.364; 121.581, 224.397; 119.849, 225.316; 118.038, 226.131; 116.163, 226.849; 114.232, 227.479; 112.259, 228.029; 110.254, 228.507; 108.23, 228.921; 106.196, 229.28; 104.183, 229.589; 102.175, 229.856; 100.154, 230.081; 98.124, 230.261; 96.0881, 230.39; 94.0504, 230.466; 92.0147, 230.484; 89.9847, 230.44; 87.9642, 230.331; 85.9571, 230.153; 83.967, 229.902; 81.998, 229.573; 80.0536, 229.163; 78.1377, 228.668; 76.2542, 228.084; 74.4067, 227.406; 72.5087, 226.586; 70.5838, 225.589; 68.7486, 224.46; 67.0167, 223.211; 65.4015, 221.853; 63.9164, 220.395; 62.575, 218.848; 61.3906, 217.223; 60.3769, 215.53; 59.5471, 213.78; 58.9148, 211.982; 58.4935, 210.148; 58.2966, 208.288; 58.3376, 206.411; 58.63, 204.53; ];
boundaryCurve{2} = [150.71, 57.07; 152.739, 56.8755; 154.771, 56.7554; 156.803, 56.7083; 158.833, 56.733; 160.86, 56.8283; 162.881, 56.9929; 164.894, 57.2257; 166.897, 57.5254; 168.888, 57.8907; 170.864, 58.3203; 172.825, 58.8132; 174.767, 59.368; 176.688, 59.9834; 178.587, 60.6583; 180.461, 61.3915; 182.308, 62.1816; 184.126, 63.0274; 185.914, 63.9277; 187.668, 64.8814; 189.387, 65.887; 191.069, 66.9434; 192.711, 68.0494; 194.312, 69.2037; 195.869, 70.405; 197.381, 71.6522; 198.845, 72.9441; 200.259, 74.2792; 201.621, 75.6565; 202.932, 77.0786; 204.273, 78.6391; 205.552, 80.2382; 206.768, 81.8739; 207.922, 83.5446; 209.014, 85.2482; 210.043, 86.9831; 211.011, 88.7473; 211.916, 90.5389; 212.759, 92.3563; 213.54, 94.1974; 214.259, 96.0605; 214.917, 97.9438; 215.512, 99.8453; 216.046, 101.763; 216.518, 103.696; 216.929, 105.641; 217.278, 107.597; 217.566, 109.563; 217.792, 111.535; 217.957, 113.513; 218.061, 115.495; 218.103, 117.478; 218.084, 119.461; 218.005, 121.442; 217.864, 123.419; 217.662, 125.39; 217.399, 127.354; 217.082, 129.287; 216.708, 131.209; 216.281, 133.121; 215.8, 135.022; 215.266, 136.91; 214.681, 138.786; 214.045, 140.649; 213.36, 142.498; 212.627, 144.332; 211.845, 146.151; 211.018, 147.954; 210.144, 149.741; 209.226, 151.511; 208.265, 153.263; 207.26, 154.996; 206.215, 156.71; 205.128, 158.405; 204.002, 160.079; 202.837, 161.732; 201.634, 163.364; 200.395, 164.973; 199.119, 166.559; 197.809, 168.122; 196.466, 169.661; 195.089, 171.174; 193.68, 172.662; 192.241, 174.124; 190.797, 175.536; 189.343, 176.916; 187.874, 178.285; 186.398, 179.648; 184.923, 181.012; 183.457, 182.382; 182.008, 183.766; 180.585, 185.17; 179.194, 186.6; 177.845, 188.061; 176.535, 189.572; 175.255, 191.172; 174.051, 192.825; 172.936, 194.529; 171.923, 196.279; 171.027, 198.073; 170.261, 199.906; 169.638, 201.776; 169.173, 203.677; 168.878, 205.608; 168.767, 207.56; 168.856, 209.483; 169.138, 211.384; 169.603, 213.252; 170.244, 215.079; 171.051, 216.856; 172.014, 218.573; 173.124, 220.222; 174.373, 221.793; 175.751, 223.277; 177.248, 224.665; 178.857, 225.948; 180.568, 227.116; 182.371, 228.161; 184.257, 229.073; 186.094, 229.817; 187.977, 230.461; 189.9, 231.006; 191.855, 231.449; 193.835, 231.79; 195.833, 232.028; 197.842, 232.163; 199.855, 232.193; 201.866, 232.118; 203.866, 231.937; 205.849, 231.649; 207.808, 231.253; 209.736, 230.748; 211.626, 230.134; 213.47, 229.41; ];
boundaryCurve{3} = [131.12, 211.52; 131.639, 209.62; 131.974, 207.711; 132.133, 205.797; 132.125, 203.881; 131.96, 201.967; 131.645, 200.059; 131.19, 198.16; 130.603, 196.275; 129.894, 194.408; 129.07, 192.561; 128.141, 190.739; 127.116, 188.945; 126.003, 187.184; 124.812, 185.458; 123.55, 183.773; 122.227, 182.131; 120.851, 180.537; 119.467, 179.028; 118.076, 177.576; 116.654, 176.143; 115.209, 174.726; 113.744, 173.323; 112.266, 171.928; 110.78, 170.54; 109.292, 169.153; 107.807, 167.765; 106.33, 166.371; 104.868, 164.97; 103.426, 163.556; 102.009, 162.126; 100.623, 160.678; 99.2735, 159.206; 97.9656, 157.709; 96.7052, 156.181; 95.4976, 154.62; 94.33, 152.995; 93.1951, 151.273; 92.1423, 149.519; 91.1711, 147.735; 90.2809, 145.924; 89.471, 144.087; 88.7408, 142.226; 88.0898, 140.344; 87.5174, 138.444; 87.0229, 136.525; 86.6058, 134.592; 86.2655, 132.646; 86.0013, 130.689; 85.8126, 128.724; 85.6989, 126.752; 85.6596, 124.775; 85.694, 122.796; 85.8016, 120.816; 85.9817, 118.838; 86.2338, 116.864; 86.5572, 114.896; 86.9514, 112.937; 87.4157, 110.987; 87.9496, 109.049; 88.5524, 107.126; 89.2236, 105.22; 89.9625, 103.331; 90.7686, 101.464; 91.6412, 99.6192; 92.5798, 97.7993; 93.5837, 96.0064; 94.6524, 94.2425; 95.7852, 92.5098; 96.9815, 90.8103; 98.1396, 89.2725; 99.3245, 87.7887; 100.553, 86.3342; 101.824, 84.9092; 103.137, 83.5139; 104.49, 82.1484; 105.883, 80.813; 107.314, 79.5079; 108.782, 78.2331; 110.287, 76.9889; 111.826, 75.7755; 113.399, 74.593; 115.005, 73.4417; 116.643, 72.3216; 118.311, 71.233; 120.009, 70.1761; 121.735, 69.151; 123.489, 68.158; 125.269, 67.1971; 127.074, 66.2686; 128.903, 65.3726; 130.755, 64.5094; 132.629, 63.679; 134.524, 62.8818; 136.438, 62.1178; 138.371, 61.3873; 140.322, 60.6904; 142.289, 60.0273; 144.271, 59.3982; 146.268, 58.8032; 148.277, 58.2426; 150.299, 57.7165; 152.332, 57.2251; 154.374, 56.7686; 156.426, 56.3471; 158.484, 55.9608; 160.55, 55.61; ];
