boundaryCurve{1} = [356.2, 123.7; 353.926, 123.043; 351.654, 122.419; 349.384, 121.829; 347.117, 121.27; 344.853, 120.745; 342.592, 120.251; 340.334, 119.79; 338.08, 119.36; 335.83, 118.962; 333.583, 118.595; 331.34, 118.259; 329.102, 117.954; 326.868, 117.68; 324.639, 117.437; 322.415, 117.223; 320.196, 117.04; 317.982, 116.886; 315.774, 116.762; 313.572, 116.667; 311.375, 116.602; 309.185, 116.565; 307.001, 116.557; 304.824, 116.577; 302.653, 116.626; 300.49, 116.702; 298.333, 116.806; 296.184, 116.938; 294.043, 117.098; 291.909, 117.284; 289.784, 117.497; 287.666, 117.737; 285.557, 118.003; 283.457, 118.296; 281.365, 118.614; 279.283, 118.959; 277.21, 119.329; 275.146, 119.724; 273.092, 120.144; 271.048, 120.589; 269.014, 121.059; 266.99, 121.554; 264.976, 122.072; 262.974, 122.615; 260.982, 123.181; 259.001, 123.771; 257.032, 124.384; 255.074, 125.02; 253.127, 125.679; 251.193, 126.361; 249.271, 127.065; 247.361, 127.792; 245.464, 128.54; 243.58, 129.311; 241.708, 130.102; 239.85, 130.915; 238.005, 131.75; 236.173, 132.605; 234.356, 133.48; 232.552, 134.377; 230.762, 135.293; 228.987, 136.229; 227.227, 137.186; 225.481, 138.161; 223.75, 139.156; 222.035, 140.17; 220.335, 141.203; 218.651, 142.255; 216.982, 143.325; 215.33, 144.414; 213.693, 145.52; 212.074, 146.644; 210.47, 147.785; 208.884, 148.944; 207.315, 150.12; 205.763, 151.313; 204.229, 152.523; 202.712, 153.749; 201.213, 154.991; 199.732, 156.249; 198.27, 157.523; 196.826, 158.813; 195.401, 160.117; 193.995, 161.437; 192.608, 162.772; 191.24, 164.121; 189.892, 165.485; 188.563, 166.863; 187.255, 168.255; 185.966, 169.661; 184.698, 171.08; 183.451, 172.513; 182.224, 173.959; 181.019, 175.417; 179.834, 176.889; 178.671, 178.372; 177.53, 179.868; 176.41, 181.376; 175.313, 182.896; 174.237, 184.427; 173.185, 185.969; 172.154, 187.523; 171.147, 189.087; 170.162, 190.662; 169.201, 192.248; 168.264, 193.843; 167.35, 195.449; 166.459, 197.064; 165.593, 198.689; 164.752, 200.324; 163.934, 201.967; 163.142, 203.619; 162.374, 205.28; 161.632, 206.949; 160.914, 208.627; 160.223, 210.312; 159.557, 212.005; 158.917, 213.706; 158.303, 215.414; 157.715, 217.129; 157.154, 218.851; 156.62, 220.58; 156.112, 222.315; 155.632, 224.056; 155.18, 225.803; 154.754, 227.556; 154.357, 229.315; 153.988, 231.079; 153.646, 232.848; 153.334, 234.621; 153.049, 236.4; 152.794, 238.183; 152.568, 239.97; 152.37, 241.765; 152.202, 243.563; 152.063, 245.365; 151.952, 247.169; 151.871, 248.977; 151.818, 250.786; 151.794, 252.598; 151.798, 254.412; 151.831, 256.228; 151.892, 258.045; 151.981, 259.863; 152.098, 261.681; 152.243, 263.501; 152.415, 265.32; 152.615, 267.139; 152.843, 268.958; 153.097, 270.777; 153.379, 272.594; 153.688, 274.41; 154.024, 276.225; 154.387, 278.038; 154.776, 279.849; 155.192, 281.657; 155.634, 283.463; 156.103, 285.266; 156.597, 287.066; 157.118, 288.863; 157.665, 290.656; 158.237, 292.444; 158.835, 294.229; 159.458, 296.008; 160.107, 297.783; 160.781, 299.553; 161.48, 301.318; 162.205, 303.076; 162.954, 304.829; 163.727, 306.576; 164.526, 308.316; 165.349, 310.049; 166.196, 311.775; 167.067, 313.493; 167.962, 315.204; 168.882, 316.907; 169.825, 318.602; 170.792, 320.288; 171.783, 321.965; 172.796, 323.634; 173.834, 325.293; 174.894, 326.942; 175.978, 328.581; 177.084, 330.21; 178.213, 331.829; 179.365, 333.437; 180.539, 335.034; 181.736, 336.619; 182.955, 338.193; 184.196, 339.755; 185.46, 341.305; 186.745, 342.842; 188.052, 344.367; 189.38, 345.878; 190.73, 347.377; 192.101, 348.861; 193.494, 350.332; 194.908, 351.789; 196.343, 353.231; 197.798, 354.659; 199.274, 356.071; 200.771, 357.468; 202.289, 358.85; 203.827, 360.216; 205.385, 361.565; 206.963, 362.899; 208.561, 364.215; 210.178, 365.515; 211.816, 366.797; 213.473, 368.062; 215.15, 369.309; 216.845, 370.538; 218.561, 371.749; 220.295, 372.941; 222.048, 374.114; 223.819, 375.267; 225.61, 376.402; 227.419, 377.516; 229.246, 378.611; 231.092, 379.685; 232.956, 380.738; 234.838, 381.771; 236.738, 382.782; 238.655, 383.772; 240.591, 384.74; 242.543, 385.686; 244.513, 386.61; 246.501, 387.511; 248.505, 388.389; 250.527, 389.244; 252.565, 390.076; 254.62, 390.884; 256.692, 391.668; 258.78, 392.428; 260.884, 393.163; 263.005, 393.873; 265.142, 394.558; 267.295, 395.218; 269.463, 395.852; 271.647, 396.46; 273.847, 397.041; 276.063, 397.596; 278.293, 398.125; 280.539, 398.626; 282.8, 399.1; ];
openCurve = [true ];
