segmentsStart = [225.505, 88.2; 225.505, 88.2; 190.605, 107.6; 190.605, 107.6; 206.905, 99.8; 206.905, 99.8; 160.405, 149.3; 160.405, 149.3; 194.505, 108.2; 194.505, 108.2; 83.7047, 378.2; 83.7047, 378.2; 152.705, 157.7; 152.705, 157.7; 95.3047, 334.8; 95.3047, 334.8; 178.205, 125.3; 178.205, 125.3; 92.2047, 464.1; 92.2047, 464.1; 135.705, 204.9; 135.705, 204.9; 93.9047, 468.7; 93.9047, 468.7; 98.5047, 307.8; 98.5047, 307.8; 111.705, 507.4; 111.705, 507.4; 83.7047, 421.6; 83.7047, 421.6; 118.605, 526.8; 118.605, 526.8; 104.705, 495.9; 104.705, 495.9; 119.11, 539.713; 119.11, 539.713; 119.11, 539.712; 119.11, 539.712; 94.7047, 451.2; 94.7047, 451.2; 103.905, 478.8; 103.905, 478.8; 157.305, 168.5; 157.305, 168.5; 181.305, 122.9; 181.305, 122.9; 107.605, 481.1; 107.605, 481.1; 93.0047, 349.7; 93.0047, 349.7; 110.805, 504.5; 110.805, 504.5; 91.5047, 404.6; 91.5047, 404.6; 121.805, 532.2; 121.805, 532.2; 117.105, 389.9; 117.105, 389.9; 140.305, 503.6; 140.305, 503.6; 117.805, 386.8; 117.805, 386.8; 151.105, 517.5; 151.105, 517.5; 117.805, 423.9; 117.805, 423.9; 142.605, 505.1; 142.605, 505.1; 115.505, 434.7; 115.505, 434.7; 152.873, 534.284; 152.873, 534.284; 135.705, 495.9; 135.705, 495.9; 155.874, 554.136; 155.874, 554.136; 155.874, 554.138; 155.874, 554.138; 118.705, 403; 118.705, 403; 117.105, 404.6; 117.105, 404.6; 155.905, 554.7; 155.905, 554.7; 151.905, 536.9; 151.905, 536.9; 167.405, 566.3; 167.405, 566.3; 158.005, 560; 158.005, 560; 163.505, 566.2; 163.505, 566.2; 213.905, 587.1; 213.905, 587.1; 184.405, 573.2; 184.405, 573.2; 225.505, 588.7; 225.505, 588.7; 215.405, 585.6; 215.405, 585.6; 155.705, 542.2; 155.705, 542.2; 146.505, 515.2; 146.505, 515.2; 170.505, 563.9; 170.505, 563.9; 364.905, 200.4; 364.905, 200.4; 277.205, 583.3; 277.205, 583.3; 361.805, 221.2; 361.805, 221.2; 305.205, 523; 305.205, 523; 357.905, 261.4; 357.905, 261.4; 321.505, 492.7; 321.505, 492.7; 354.805, 259.1; 354.805, 259.1; 309.805, 504.3; 309.805, 504.3; 362.605, 324.1; 362.605, 324.1; 301.305, 545.3; 301.305, 545.3; 331.605, 455.6; 331.605, 455.6; 275.005, 567.8; 275.005, 567.8; 326.205, 476.5; 326.205, 476.5; 279.705, 575.5; 279.705, 575.5; 315.405, 509; 315.405, 509; 275.905, 579.5; 275.905, 579.5; 310.805, 509; 310.805, 509; 258.905, 597.9; 258.905, 597.9; 304.605, 526.8; 304.605, 526.8; 269.805, 584.7; 269.805, 584.7; 281.305, 567; 281.305, 567; 247.905, 592.5; 247.905, 592.5; 234.005, 479.6; 234.005, 479.6; 236.305, 566.2; 236.305, 566.2; 233.205, 506; 233.205, 506; 244.805, 584.1; 244.805, 584.1; 226.305, 539.2; 226.305, 539.2; 246.505, 589.5; 246.505, 589.5; 237.105, 584.8; 237.105, 584.8; 226.385, 587.375; 226.385, 587.375; 229.405, 568.6; 229.405, 568.6; 241.005, 590.3; 241.005, 590.3; 246.405, 594.9; 246.405, 594.9; 227.805, 503.6; 227.805, 503.6; 229.405, 482.7; 229.405, 482.7; 241.105, 588.7; 241.105, 588.7; 234.005, 585.6; 234.005, 585.6; 210.11, 584.938; 210.11, 584.938; 210.11, 584.938; 210.11, 584.938; 232.405, 581.7; 232.405, 581.7; 220.105, 586.4; 220.105, 586.4; 234.105, 582.5; 234.105, 582.5; 288.305, 567; 288.305, 567; 309.205, 611.9; 309.205, 611.9; 299.905, 593.4; 299.905, 593.4; 305.305, 613.6; 305.305, 613.6; 295.305, 593.4; 295.305, 593.4; 310.005, 622.8; 310.005, 622.8; 294.505, 591.8; 294.505, 591.8; 308.505, 629.7; 308.505, 629.7; 290.605, 593.4; 290.605, 593.4; 306.905, 629.7; 306.905, 629.7; 301.505, 620.4; 301.505, 620.4; 306.205, 628.9; 306.205, 628.9; 282.905, 602.5; 282.905, 602.5; 301.791, 640.163; 301.791, 640.163; 287.505, 598; 287.505, 598; 300.892, 638.84; 300.892, 638.84; 277.405, 608.1; 277.405, 608.1; 285.505, 645; 285.505, 645; 280.505, 605.8; 280.505, 605.8; 287.605, 646.3; 287.605, 646.3; 275.105, 610.3; 275.105, 610.3; 282.828, 652.961; 282.828, 652.961; 282.828, 652.963; 282.828, 652.963; 282.105, 648.9; 282.105, 648.9; 271.205, 615.7; 271.205, 615.7; 281.505, 655.7; 281.505, 655.7; 266.605, 614.2; 266.605, 614.2; 272.105, 633.6; 272.105, 633.6; 258.805, 601.1; 258.805, 601.1; 268.105, 632; 268.105, 632; 276.705, 629.7; 276.705, 629.7; 282.905, 625; 282.905, 625; 285.205, 626.6; 285.205, 626.6; 289.905, 622.7; 289.905, 622.7; 293.705, 623.5; 293.705, 623.5; 299.105, 615.7; 299.105, 615.7; 227.805, 605; 227.805, 605; 212.305, 631.4; 212.305, 631.4; 213.905, 628.1; 213.905, 628.1; 178.205, 640.5; 178.205, 640.5; 178.205, 642.9; 178.205, 642.9; 163.505, 654.5; 163.505, 654.5; 177.405, 643.6; 177.405, 643.6; 163.405, 654.5; 163.405, 654.5; 179.005, 640.5; 179.005, 640.5; 172.805, 647.5; 172.805, 647.5; 205.305, 646.7; 205.305, 646.7; 190.754, 658.441; 190.754, 658.441; 206.105, 648.3; 206.105, 648.3; 189.005, 659.2; 189.005, 659.2; 194.505, 652.2; 194.505, 652.2; 176.705, 649.9; 176.705, 649.9; 244.905, 650.6; 244.905, 650.6; 230.357, 663.095; 230.357, 663.095; 230.356, 663.097; 230.356, 663.097; 244.105, 650.6; 244.105, 650.6; 233.205, 657.5; 233.205, 657.5; 206.854, 654.853; 206.854, 654.853; 254.905, 649.8; 254.905, 649.8; 240.205, 658.3; 240.205, 658.3; 255.705, 642.1; 255.705, 642.1; 234.805, 628.9; 234.805, 628.9; 253.405, 633.6; 253.405, 633.6; 230.105, 624.3; 230.105, 624.3; 230.905, 658.3; 230.905, 658.3; 246.405, 645.1; 246.405, 645.1; 193.705, 653.7; 193.705, 653.7; 220.805, 640.5; 220.805, 640.5; 107.005, 596.4; 107.005, 596.4; 106.205, 611.9; 106.205, 609.6; 106.205, 609.6; 113.205, 600.3; 113.205, 600.3; 157.405, 562.5; 157.405, 562.5; 108.505, 583.3; 108.505, 583.3; 72.0047, 589.5; 72.0047, 589.5; 58.432, 593.751; 58.432, 593.751; 109.305, 562.4; 109.305, 562.4; 70.5047, 579.4; 70.5047, 579.4; 46.5047, 572.4; 46.5047, 572.4; 27.1047, 584; 27.1047, 584; 44.2047, 573.2; 44.2047, 573.2; 27.1047, 585.6; 27.1047, 585.6; 40.3047, 571.7; 40.3047, 571.7; 78.3047, 563.2; 78.3047, 563.2; 39.5047, 571.7; 39.5047, 571.7; 62.8047, 567.8; 62.8047, 567.8; 96.1047, 554.6; 96.1047, 554.6; 75.2047, 565.5; 75.2047, 565.5; 127.905, 540.7; 127.905, 540.7; 110.905, 546.2; 110.905, 546.2; 143.505, 543.1; 143.505, 543.1; 114.005, 541.5; 114.005, 541.5; 149.705, 541.5; 149.705, 541.5; 115.505, 538.4; 115.505, 538.4; 146.505, 538.4; 146.505, 538.4; 117.105, 540; 117.105, 540; 108.605, 547; 108.605, 547; 80.6047, 575.5; 80.6047, 575.5; 94.6047, 584; 94.6047, 584; 93.0047, 573.2; 93.0047, 573.2; 109.305, 584.8; 109.305, 584.8; 117.105, 577.9; 117.105, 577.9; 55.0047, 569.3; 55.0047, 569.3; 63.5047, 576.3; 63.5047, 576.3; 65.9047, 567.8; 65.9047, 567.8; 77.5047, 574.8; 77.5047, 574.8; 183.605, 639; 183.605, 639; 192.905, 645.2; 192.905, 645.2; 196.005, 636.7; 196.005, 636.7; 210.705, 641.4; 210.705, 641.4; 210.005, 645.2; 210.005, 645.2; 221.605, 649.9; 238.705, 649.1; 238.705, 649.1; 248.805, 647.5; 248.805, 647.5; 217.705, 642.1; 217.705, 642.1; 227.005, 635.1; 242.505, 625.8; 242.505, 625.8; 226.305, 605.8; 226.305, 605.8; 222.405, 594.9; 222.405, 594.9; 237.905, 590.3; 237.905, 590.3; 220.231, 592.6; 220.231, 592.6; 220.231, 592.6; 220.231, 592.6; 237.105, 590.3; 237.105, 590.3; 235.605, 593.4; 235.605, 593.4; 214.473, 590.399; 214.473, 590.399; 211.505, 99.8; 211.505, 99.8; 242.505, 128.5; 242.505, 128.5; 210.005, 101.3; 363.142, 201.059; 363.142, 201.059; 205.205, 111.4; 205.205, 111.4; 204.605, 108.2; 204.605, 108.2; 361.905, 196.5; 361.905, 196.5; 349.405, 161.6; 349.405, 161.6; 360.205, 264.5; 360.205, 264.5; 348.605, 156.9; 348.605, 156.9; 359.405, 260.6; 359.405, 260.6; 312.305, 13.8; 312.305, 13.8; 356.405, 112.2; 356.405, 112.2; 342.405, 50.3; 342.405, 50.3; 364.105, 161; 364.105, 161; 354.105, 82.7; 354.105, 82.7; 383.505, 204.9; 383.505, 204.9; 360.305, 133.8; 360.305, 133.8; 399.105, 222.8; 399.105, 222.8; 374.205, 184.9; 374.205, 184.9; 422.305, 251.5; 422.305, 251.5; 399.805, 228.9; 399.805, 228.9; 449.405, 286.2; 449.405, 286.2; 420.705, 246.8; 420.705, 246.8; 478.805, 352.1; 478.805, 352.1; 457.905, 294; 457.905, 294; 478.105, 401.6; 478.105, 401.6; 462.605, 462.7; 462.605, 462.7; 469.605, 454.1; 469.605, 454.1; 456.405, 454.9; 456.405, 454.9; 364.905, 248.6; 364.905, 248.6; 399.005, 291.1; 399.005, 291.1; 375.005, 