radius = 5.965555190095563;
cppContour{1} = [478.374098738487 411.111477206922; 478.6203796499144 407.1626284251708;478.8836128234227 403.2148917110791;479.1978757368465 399.2709290262652;479.4865503022317 395.325172316013;479.6543212323086 391.372433311781;479.7084106341123 387.4164467026046;479.6651012109648 383.4603028003697;479.5387858963806 379.505887139952;479.3423604292029 375.5543017104502;479.0902252254088 371.6058610244327;478.7939989279218 367.6604615856215;478.4679589325649 363.7174061926152;478.124258182729 359.7758429855567;477.7766046756537 355.8346248646141;478.805 352.1;478.725677639313 348.1528808236106;478.3382833582909 344.2239178559474;477.6805275781206 340.3308655394416;476.7864331157243 336.4851178525005;475.6972995292034 332.6899677407347;474.4413461967538 328.946545408499;473.0362885062884 325.2564530524852;472.8655154864164 324.8490947259822;472.1782832958245 322.3043900004639;470.9944754358575 318.4941710810842;469.6584629261383 314.7347571653443;468.1609923098436 311.0366974749753;466.4876778910354 307.4147770671554;464.6309742873341 303.883436305515;462.5839046167361 300.459080798967;460.342850177328 297.1583487167915;457.905 294;454.3657977542883 290.5211821785716;452.2599907178095 287.1807085343942;450.1464104931139 283.8451449170495;448.03436350224 280.5086118816693;445.8639205240057 277.2102081055199;443.5688369281697 273.9971904688592;441.168091088322 270.8621934168743;438.6870369506471 267.7902759273956;436.1457572190122 264.7679053133554;433.5638173606613 261.7801552096588;430.9598239253932 258.8115873541796;428.3523428499454 255.8460785037226;425.760684151281 252.8667497799548;423.2039783414368 249.857414789571;420.705 246.8;417.7647632773393 245.0541283535885;415.3291654705035 241.9533139944362;412.8090602111964 238.9207505033584;410.2264068523713 235.9412199512732;407.5989887049576 233.001034040973;404.9420905734512 230.0874321347025;402.2724779527157 227.1854592381108;399.105 222.8;396.2967135661319 220.0187571278584;393.6536058822383 217.0802393814216;391.1684102287351 214.0069998821078;389.805 210.4;387.1296103096488 207.4813750184207;384.8607108060388 204.2349646352112;382.9352376240673 200.7727490163163;381.2825276745997 197.1720103536132;379.8360837812157 193.483220178975;378.5569042497575 189.732991812862;377.3931440744068 185.9452298580186;376.3156361553084 182.1319609430525;375.2805703849118 178.306904544468;374.2451685155841 174.481936370441;373.1592972894104 170.6710381968693;372.0136821554201 166.8776620769417;370.8212148258327 163.0987302590774;369.5931664831211 159.3311962414342;368.3429308650329 155.5709601774765;367.0842637037786 151.8135322480686;365.8277790819708 148.0553757542128;364.5887938588045 144.2914211065438;363.3784809341196 140.5181626919308;362.2110227338839 136.7314431448281;361.0991604166542 132.9280563108948;360.3614941213473 130.2252289559408;360.3373375776605 130.0920305254032;359.5933318222926 126.268315729206;358.8067491208735 122.4531309892462;357.9823216992453 118.6459301959226;357.1248934553557 114.8460210446562;356.3631410928549 111.5778331119425;356.1385382650508 108.2394649615413;355.7322624283795 104.2908544325376;358.005 101.4;357.0899429365636 97.54418216781012;356.1749381925289 93.68835193144322;355.2513575622211 89.83456897538476;354.3077264719064 85.98565176027215;354.105 82.7;352.3281393751361 78.31115852910504;351.2729622845222 74.49134109546797;350.1623554421784 70.68729382837259;348.9877710269787 66.9025186258953;347.7369645712909 63.14227931494034;346.4029946098468 59.41078453131416;344.9754014990584 55.71409541205369;343.4416060965047 52.0602662639355;341.7949019018741 48.45599568158602;340.023477685182 44.91136675983373;338.1175124726466 41.43733196268467;336.0683826019069 38.04590157619565;333.8699447727175 34.74938507638045;331.5137319960657 31.56373252221183;328.505 27.8;326.3158899659008 25.58621018616222;324.8046340298692 24.1162354968743;324.3958380596837 23.45171061674719;322.0337689810676 20.26358584744133;319.2783328911699 17.41300275047926;316.0300451529295 15.14504527461505;313.905 13.8;311.149715899502 10.9414765991763;307.9997454944569 8.524838448722823;304.5672532677742 6.529172241932412;300.9415542018951 4.909582581925971;297.1862672090668 3.616329301315173;293.3446608992139 2.607286282188136;289.4490764551861 1.830952271852861;285.5175637877821 1.262875071353295;281.5649397293632 0.866425845131087;277.5996676590917 0.62608620274767;273.6285505824564 0.517543901079225;269.6559040136027 0.529922656997483;265.6849764233181 0.647959255876889;264.6659970541065 0.7029444960851856;261.905 0;264.6659970541065 0.7029444960851856;261.7180250933858 0.862020284354532;257.756746009489 1.163596808247101;253.8165543381982 1.653549222121514;249.9554753743118 2.577169390183622;246.1964069487091 3.857923608552071;242.5266008938551 5.377982830694287;238.9242743414553 7.052832617313763;235.3609661135748 8.809531801579839;231.8084954125312 10.58815327198866;228.2382381300374 12.33061780428051;224.6243173639822 13.98013600595332;220.9385815063959 15.4614364005265;217.1633508443051 16.69450442868193;213.105 16.9;209.2142970823563 16.05424748883552;205.2616830229903 15.57420500924814;201.2853264998313 15.36145637129471;197.3029502591714 15.33939408373054;193.3217273562168 15.44841507348447;189.3431709602837 15.63279106233274;185.3657533229121 15.84111222843683;181.3869168733786 16.01919596174062;177.405 16.1;174.4581810551762 16.57718615545771;170.8394952207338 17.41870332035747;167.3412304373379 18.67257280143343;164.0401540090293 20.3760781190079;161.0126512955102 22.52338101438119;158.3928632147151 25.15030064837332;156.342237350203 28.23916978983306;155.005 31.7;157.305 31.7;161.0566774946905 30.64389991189326;164.205 31.7;166.2545596976171 34.93974605825834;168.6238963029207 37.95245931803356;171.3045839896381 40.69177643724153;174.2586632762152 43.13337828031374;177.4311278490135 45.28407795787307;180.7742263698578 47.15999037569169;184.2427303128966 48.79343896531861;187.7987529791681 50.22733036694755;191.4146186317342 51.5041352202509;195.0427263219917 52.74627656289521;198.6471116639125 54.05542345685321;202.2027381434797 55.491474624102;205.6804146250733 57.10647050803364;209.0514771688858 58.93285686202076;212.283960953434 60.99425668763071;215.3475166649421 63.29815826548001;218.1862796878069 65.87265951087981;218.5734877077263 66.32361709114392;219.0965491471184 66.95709863530178;221.2388209049228 70.20235658223523;223.108907574529 73.61211084050244;224.0470736558721 75.77304462994087;224.6085894348384 79.40551900201702;224.6485600624235 83.23587712645877;223.8874286831532 86.97606739490823;220.905 89;220.312868773681 93.35994204542986;217.3039166821996 95.45782005745212;214.1227770919715 97.2864040516195;210.8309788878591 98.90885762942825;206.905 99.8;203.2467115927593 100.8962431748412;199.9585475876245 102.844451234798;198.3870488803707 104.0465643878394;197.2592194982709 104.5057496683793;193.8971998808386 105.9779005494993;190.605 107.6;188.3031087937102 113.0884552172723;185.5543821702013 115.9321094716098;182.9834219161228 118.9379862649014;180.5463139991359 122.0535406952117;180.1928592120425 122.5347827317157;178.5357327711446 124.6070563096744;176.1929675840677 127.636367063366;172.805 129.1;169.705 128.4;166.4001342522414 130.2177113444826;162.9943014830223 131.8384081382402;159.5172570226029 133.3004400572295;155.9885234988259 134.6331600035581;154.088650156108 135.2844747761278;152.8778388753935 135.6868061653572;149.041857360316 136.8106272391336;145.1752325014916 137.8242765448211;141.2873189909562 138.7530923965501;137.3856188079289 139.6223086889057;133.4756288593706 140.4535656796295;129.5625802753773 141.2703513496073;129.5258928816443 141.278084793828;126.9212660801129 141.6681970978321;122.9687481072504 142.2355882476026;119.0148422068555 142.7932566727028;115.0614670431691 143.3546660814578;111.1104264964175 143.9322277284877;107.1634934675187 144.5371648732153;103.2233000723125 145.1844176876346;99.29203641008573 