segmentsStart = [335.22, 237.9; 335.22, 237.9; 387, 249.41; 387, 249.41; 416.142, 249.623; 416.142, 249.623; 416.29, 247.7; 416.29, 247.7; 389.21, 258.41; 389.21, 258.41; 391.99, 263.79; 391.99, 263.79; 389.98, 256.13; 389.98, 256.13; 394.13, 264.15; 394.13, 264.15; 390.89, 254.14; 390.89, 254.14; 391.99, 252.94; 391.99, 252.94; 398.11, 264.61; 398.11, 264.61; 393.27, 251.25; 393.27, 251.25; 400.43, 265.08; 400.43, 265.08; 394.39, 249.9; 394.39, 249.9; 401.61, 263.97; 401.61, 263.97; 396, 249.2; 396, 249.2; 403.8, 263.75; 403.8, 263.75; 397.27, 247.91; 397.27, 247.91; 405.35, 262.97; 405.35, 262.97; 398.85, 246.91; 398.85, 246.91; 407.38, 262.54; 407.38, 262.54; 400.4, 246.19; 400.4, 246.19; 408.44, 260.9; 408.44, 260.9; 402.09, 246.05; 402.09, 246.05; 410.25, 260.5; 410.25, 260.5; 403.75, 245.51; 403.75, 245.51; 410.86, 258.44; 410.86, 258.44; 405.59, 245.28; 405.59, 245.28; 412.56, 257.89; 412.56, 257.89; 407.17, 245.07; 407.17, 245.07; 413.3, 255.53; 413.3, 255.53; 409.13, 245.39; 409.13, 245.39; 414.39, 254.59; 414.39, 254.59; 411.32, 246.15; 411.32, 246.15; 414.98, 252.39; 414.98, 252.39; 385.33, 255.32; 385.33, 255.32; 419.58, 216.72; 419.58, 216.72; 340.36, 255.62; 412.37, 263.24; 412.37, 263.24; 350.62, 250.98; 350.62, 250.98; 382.99, 259.64; 382.99, 259.64; 350.7, 254.87; 350.7, 254.87; 385.32, 263.86; 385.32, 263.86; 319.98, 215.64; 319.98, 215.64; 329.42, 254.78; 329.42, 254.78; 323.36, 226.4; 323.36, 226.4; 329.9, 254.32; 329.9, 254.32; 325.86, 228.89; 325.86, 228.89; 318.81, 231.34; 318.81, 231.34; 326.85, 230.23; 326.85, 230.23; 317.79, 233.6; 327.7, 231.4; 327.7, 231.4; 318.02, 235.18; 318.02, 235.18; 328.74, 232.9; 328.74, 232.9; 316.99, 237.05; 329.8, 234.09; 329.8, 234.09; 316.66, 239.34; 316.66, 239.34; 330.48, 235.39; 330.48, 235.39; 317.76, 240.76; 317.76, 240.76; 331.5, 237.26; 331.5, 237.26; 317.7, 242.84; 317.7, 242.84; 332.15, 238.59; 332.15, 238.59; 318.05, 244.47; 318.05, 244.47; 332.86, 239.85; 332.86, 239.85; 318.34, 246.67; 318.34, 246.67; 332.84, 241.49; 332.84, 241.49; 320.1, 247.96; 320.1, 247.96; 332.76, 243.34; 332.76, 243.34; 321.05, 249.2; 321.05, 249.2; 332.94, 244.91; 332.94, 244.91; 321.5, 250.59; 321.5, 250.59; 332.91, 246.77; 332.91, 246.77; 324.02, 251.39; 324.02, 251.39; 332.04, 249; 332.04, 249; 325.36, 252.88; 325.36, 252.88; 385.32, 193.39; 385.32, 193.39; 418.09, 214.08; 418.09, 214.08; 418.57, 210.37; 418.57, 210.37; 538.17, 38.32; 538.17, 38.32; 328.14, 204.96; 328.14, 204.96; 208.11, 68.1; 208.11, 68.1; 424.12, 232.56; 424.12, 232.56; 316.99, 246.55; 316.99, 246.55; 280.989, 296.718; 280.989, 296.718; 280.99, 296.72; 280.99, 296.72; 288.72, 287.22; 288.72, 287.22; 288.719, 287.222; 288.719, 287.222; 293.059, 324.12; 293.059, 324.12; 293.06, 324.119; 293.06, 324.119; 293.47, 313.152; 293.47, 313.152; 293.47, 313.15; 293.47, 313.15; 379.34, 347.38; 379.34, 347.38; 420.12, 238.09; 420.12, 238.09; 451.6, 303.459; 451.6, 303.459; 451.6, 303.459; 451.6, 303.459; 444.102, 296.301; 444.102, 296.301; 444.1, 296.3; 444.1, 296.3; 434.251, 336.529; 434.251, 336.529; 434.251, 336.529; 434.251, 336.529; 435.361, 322.382; 435.361, 322.382; 435.36, 322.38; 435.36, 322.38; 391.54, 352.94; 391.54, 352.94; 444.64, 318.41; 444.64, 318.41; 445.88, 400.42; 445.88, 400.42; 464.89, 380.76; 464.89, 380.76; 435.16, 422.78; 435.16, 422.78; 444.78, 315.99; 444.78, 315.99; 442.99, 401.57; 442.99, 401.57; 464.74, 375.27; 464.74, 375.27; 438.19, 421.84; 438.19, 421.84; 387.71, 194.55; 387.71, 194.55; 534.84, 42.12; 534.84, 42.12; 211.6, 68.6; 211.6, 68.6; 324.13, 208.64; 324.13, 208.64; 344.79, 196.82; 344.79, 196.82; 318.46, 245.44; 318.46, 245.44; 280.29, 296.108; 280.29, 296.108; 280.29, 296.11; 280.29, 296.11; 289.549, 285.831; 289.549, 285.831; 289.55, 285.831; 289.55, 285.831; 292.27, 322.06; 292.27, 322.06; 292.98, 325.01; 292.98, 325.01; 293.48, 310.65; 293.48, 310.65; 293.48, 310.652; 293.48, 310.652; 378.85, 346.96; 378.85, 346.96; 290.08, 400.46; 290.08, 400.46; 324.29, 447.14; 324.29, 447.14; 390.41, 351.03; 390.41, 351.03; 421.2, 238.82; 421.2, 238.82; 451.73, 303.829; 451.73, 303.829; 451.73, 303.829; 451.73, 303.829; 443.8, 296.81; 443.8, 296.81; 443.801, 296.811; 443.801, 296.811; 434.34, 337.77; 434.34, 337.77; 434.341, 337.768; 434.341, 337.768; 434.84, 322.35; 434.84, 322.35; 379.34, 441.39; 379.34, 441.39; 387.17, 518.23; 387.17, 518.23; 455.97, 409.2; 455.97, 409.2; 421.48, 464.52; 421.48, 464.52; 422, 463.83; 422, 463.83; 376.71, 525.61; 376.71, 525.61; 294.76, 419.58; 294.76, 419.58; 342.99, 532.66; 342.99, 532.66; 331.38, 450; 331.38, 450; 348.83, 494.07; 348.83, 494.07; 376.19, 441.63; 376.19, 441.63; 388.75, 517.08; 388.75, 517.08; 454.05, 413.35; 454.05, 413.35; 419.22, 467.75; 419.22, 467.75; 423.72, 464.15; 423.72, 464.15; 374.19, 528.07; 374.19, 528.07; 332.04, 451; 332.04, 451; 349.69, 496.02; 349.69, 496.02; 298.14, 423.98; 298.14, 423.98; 345.75, 529.11; 345.75, 529.11; 295.01, 460.14; 295.01, 460.14; 239.63, 553.759; 239.63, 553.759; 239.63, 553.759; 239.63, 553.759; 251.57, 541.21; 251.57, 541.21; 251.57, 541.212; 251.57, 541.212; 271.569, 596.159; 271.569, 596.159; 271.57, 596.159; 271.57, 596.159; 275.909, 584.961; 275.909, 584.961; 275.91, 584.961; 275.91, 584.961; 299.17, 611.78; 299.17, 611.78; 342.97, 556.36; 342.97, 556.36; 377.19, 607.33; 377.19, 607.33; 373.45, 598.17; 373.45, 598.17; 402.76, 628.09; 402.76, 628.09; 464.06, 392.05; 464.06, 392.05; 512.19, 481.43; 512.19, 481.43; 503.12, 470.11; 503.12, 470.11; 530.87, 558.55; 530.87, 558.55; 525.06, 539.3; 525.06, 539.3; 483.18, 625.73; 483.18, 625.73; 295.7, 464.15; 295.7, 464.15; 240.67, 552.5; 240.67, 552.5; 240.671, 552.499; 240.671, 552.499; 249.199, 543.471; 249.199, 543.471; 249.2, 543.471; 249.2, 543.471; 274.828, 600.748; 274.828, 600.748; 274.83, 600.75; 274.83, 600.75; 275.739, 588.371; 275.739, 588.371; 275.74, 588.37; 275.74, 588.37; 298.5, 612.55; 298.5, 612.55; 349.79, 577.63; 349.79, 577.63; 372.45, 606.57; 372.45, 606.57; 372.96, 601.21; 372.96, 601.21; 403.93, 627.49; 403.93, 627.49; 387.74, 618.45; 387.74, 618.45; 375.66, 606.8; 375.66, 606.8; 341.07, 556.24; 341.07, 556.24; 404.41, 629.3; 404.41, 629.3; 371.52, 599.75; 371.52, 599.75; 379.37, 640.21; 379.37, 640.21; 462.47, 394.65; 462.47, 394.65; 511.58, 480.2; 511.58, 480.2; 506.51, 474.24; 506.51, 474.24; 531.66, 557.48; 531.66, 557.48; 524.16, 543.11; 524.16, 543.11; 488.02, 623.03; 488.02, 623.03; 489.221, 645.298; 489.221, 645.298; 489.75, 643.67; 489.75, 643.67; 427.96, 652.34; 427.96, 652.34; 431.24, 628.5; 431.24, 628.5; 431.35, 630.24; 431.35, 630.24; 455.97, 652; 455.97, 652; 458.74, 628.03; 458.74, 628.03; 459.91, 654.73; 459.91, 654.73; 459.14, 629.3; 459.14, 629.3; 421.49, 617.43; 421.49, 617.43; 410.091, 625.402; 410.091, 625.402; 401, 633.23; 401, 633.23; 481.12, 653.8; 481.12, 653.8; 408.02, 652.45; 408.02, 652.45; 492.61, 640.77; 492.61, 640.77; 295.35, 462.72; 295.35, 462.72; 240.31, 552.57; 240.31, 552.57; 311.6, 614.39; 358.47, 630.02; 358.47, 630.02; 234.52, 652.3; 234.52, 652.3; 247.09, 632.98; 247.09, 632.98; 351.13, 631.44; 351.13, 631.44; 308.03, 614.24; 308.03, 614.24; 300.85, 612.37; 300.85, 612.37; 380.39, 634.46; 380.39, 634.46; 349.79, 629.22; 349.79, 629.22; 311.25, 614.75; 311.25, 614.75; 299.87, 613.2; 299.87, 613.2; 218.26, 648.63; 218.26, 648.63; 382.55, 635.4; 382.55, 635.4; 218.04, 649.71; 218.04, 649.71; 235.05, 650.52; 235.05, 650.52; 253.19, 627.48; 253.19, 627.48; 238.66, 651.84; 238.66, 651.84; 254.36, 626.33; 254.36, 626.33; 336.4, 292.79; 336.4, 292.79; 371.48, 296.63; 371.48, 296.63; 337.29, 288.61; 337.29, 288.61; 348.91, 279.73; 348.91, 279.73; 373.07, 291.74; 373.07, 291.74; 350.93, 307.22; 350.93, 307.22; 349.73, 324.76; 349.73, 324.76; 376.62, 337.47; 376.62, 337.47; 338.16, 292.03; 338.16, 292.03; 352.19, 305.88; 352.19, 305.88; 370.47, 296.61; 370.47, 296.61; 353.23, 306.16; 353.23, 306.16; 347.15, 278; 347.15, 278; 338.2, 285.95; 338.2, 285.95; 360.17, 277.11; 360.17, 277.11; 372.79, 291.19; 372.79, 291.19; 