radius = 10;
cppContour{1} = [530.9778272518301 569.9241023430691; 531.0987501550997 565.9850183200134;530.9743013321287 562.0459900573171;531.66 557.48;532.81375714222 553.8204290103436;533.7669261142114 550.1036091346382;534.5139099433 546.3399365187047;535.0478395155088 542.5402145614033;535.3671326397487 538.7165112818992;535.468562435981 534.8808616177487;535.3543902295393 531.0456258021795;535.0266271953369 527.2227537567888;534.488438748931 523.4237741619038;533.7460211512985 519.6593680917271;532.8057170328209 515.9394445296815;531.6754372316467 512.2727410377363;530.3638955329619 508.6668540419773;529.0086060172482 505.4345357546606;528.6589606543197 504.4863246527081;527.1199007435513 500.8622969525998;525.409514476995 497.3158816224656;523.5323438513836 493.8548476799451;521.4937170756331 490.4863474964818;519.2990954709043 487.2173298324673;516.9518140979064 484.0560826792139;514.4589015678514 481.0083649297193;512.441148085032 478.7685487830888;512.5535372140623 477.5775455381814;512.4624490660439 473.7091340775826;511.9503961190516 469.8735914337335;511.0643076142233 466.1066224634248;509.8492843364613 462.4323374579247;508.3498248120362 458.8644495610469;506.6016451012491 455.4113901898947;504.6359412351915 452.0771429573577;502.4781790043826 448.8636188384276;500.160336948298 445.7631532906507;497.7213995966803 442.7567868897696;495.1898382741066 439.8278387286102;492.5923181250096 436.9571094820748;489.9551115064105 434.1227465814535;487.3021891962362 431.3030704148449;484.657940304165 428.4752660845737;482.0465317019369 425.6171723758856;479.4926264183025 422.7076739999324;477.0263759600954 419.7237379389951;474.6757748841718 416.6480246121779;472.465543145202 413.4701647956546;470.4234847770823 410.1819102341801;468.5843359939857 406.7762326451556;466.9856615351004 403.2514403707966;465.6701904233 399.6116646229175;465.4537667696806 398.7923805939373;465.46 398.78;465.179548682776 390.7343953162303;465.700073020972 386.8732655424741;465.8031944339772 382.9784289578447;465.4830309090519 379.0951948706934;464.74 375.27;465.4560400961392 372.4137140789941;466.4057003410152 368.6818597406128;467.0322627650244 364.8823675558066;467.3173059506854 361.0420355788559;467.2456792906558 357.1918127132299;466.8218766372199 353.3644053815008;466.0604545452174 349.5896703097909;465.7375823955895 348.483152447488;465.5907411562147 347.7217379613073;464.5544564624445 344.0040054272357;463.2318307622605 340.3781239162029;461.6447679139878 336.8598129392219;459.8135118698204 333.4620168213734;457.7593544806083 330.1938638831118;455.4972872837064 327.0659397057722;453.050604547117 324.0803838772626;450.4373389718025 321.2396348030668;447.6756075732987 318.542918850411;445.0495175573363 316.2276207532352;445.1833742051858 315.7449478018447;445.858430962528 311.8527484657276;451.730103 303.829298;452.1866886471782 299.9048098194795;452.3703520264371 295.9587399175705;452.2297838043895 292.0111371526104;451.7141292555056 288.0952094743124;450.7664376060558 284.2615582639358;449.331329555361 280.5836200634386;447.3710981420185 277.1582574293492;444.8860443044989 274.0936563413408;442.0011223221628 271.3957201234059;439.0718552814291 268.7443098166046;436.3471532375147 265.8836313853503;433.79004172566 262.8710150869244;431.3074355272402 259.7963131288716;428.8820266157141 256.6765065098094;426.5934965416995 253.4554050690284;424.5400585920917 250.0802215845641;422.8507282823174 246.5097697904168;421.6839703408407 242.7375142817068;421.2264820608422 239.0343599365577;422.9648368023894 237.8895766013308;424.4793432029811 234.274548948554;424.4823891259774 230.3084625259679;424.3610320286222 229.6323020991263;424.4391548754537 228.6833821734795;424.1983425912135 224.8015502004679;423.4109097379118 220.9931973960095;422.0912288676066 217.3356790558465;420.2577461689108 213.9072954967776;419.8214121413193 213.3112238072674;421.7333519949811 212.4622902654754;424.0787922329338 211.4117031531948;424.4783773504995 211.5839737572149;428.4297608794009 211.0203946419659;432.2954999763514 210.0250449766875;436.0526477119736 208.6756994169079;439.6907121297318 207.0312286183576;444.83 204.33;449.9152309403104 200.8110782584975;453.1206546013367 198.4293912703183;456.2412662864344 195.9374115441456;459.2859698928335 193.3530808999005;462.2632324070689 190.6912734915198;465.182852475744 187.9663540064971;468.0541269586572 185.1905285167397;470.8891098091681 182.3776019001409;473.6951221133964 179.535766857073;476.4722017750275 176.665654097556;479.2198851607531 173.7673865842241;481.9378620009147 170.8412427491907;484.6261713344657 167.8878168684401;490.91 161.42;495.0780085133251 155.8079975651569;497.6146894182507 152.7233622780714;500.1192824002831 149.6126187830051;502.5935927190531 146.4777354164474;505.0357917559273 143.3177697246008;507.4463187598818 140.1335749868243;509.8245529716048 136.9251942646599;512.1703144495184 133.6929932275077;514.484633367469 130.4382075258898;516.7651708667876 127.1596634930166;519.0134136029073 123.8588858735401;521.2282127600241 120.5355773705526;523.4094652452599 117.1901547529809;525.5571620461548 113.8230901139081;527.1400661274718 111.2859073692626;528.7247612339722 108.9114573330269;530.8653902486606 105.5487538789182;532.9328203973027 102.140544752482;534.9327294106275 98.69225281245387;536.871094145134 95.20897999387397;538.7547547306084 91.69579984506375;540.591861196189 88.15804028366829;542.3884267129902 84.59950731137216;544.1527013034513 81.02484585805809;544.7312660899845 79.83132952706185;545.1342217962392 79.03260656715466;546.8964827478766 75.44873247534835;548.6225657816384 71.84729646887698;550.312275960374 68.22864949422309;551.0483035191339 66.60941766913896;552.7384213471832 63.03720182856946;554.4324297996584 59.42869704994042;556.1083507729455 55.81176206884365;557.7603571036603 52.18384605113248;559.3823676507542 48.54242985585416;560.9671088228715 44.88464871468243;562.4971443156336 41.20379488113477;563.7687498929704 37.42955083611713;564.3878852095307 33.50524901716545;563.7520743643262 29.6122780311681;561.3899488077659 26.48543613374133;557.8100790819644 24.84194683545739;553.8576460770607 24.64693716777075;550.0106782558169 25.63082458283366;546.4115284126116 27.33341910038773;542.9733321665503 29.34982619022259;539.569341512428 31.42438971663907;536.1748410337273 33.51444402016914;532.7904249857132 35.62078688173374;529.4168411095441 37.74443363751758;526.0546839566053 39.88612453696734;522.7049660152342 42.04721814938896;519.3683675440025 44.22851082697358;516.0455323738919 46.43071139692837;512.7373998007123 48.65493436907092;509.4445077045794 50.90165694635047;506.1680891618343 53.17233608925041;502.9086702895964 55.46734726236766;499.667273166824 57.78773814880666;496.4450319412836 60.13466037866884;493.2425719549263 62.50849949891469;490.0610437864947 64.9103153294629;486.90114582426 67.34051770747217;483.7642372226879 69.80032442861742;480.6513556413679 72.29046108882294;477.5632139360056 74.81121573730377;474.5013230882328 77.36378532975839;471.4664103035437 79.94837482267953;468.4596077996664 82.56560767757438;465.4825969293714 85.21667881407328;462.5360255296778 87.90153613291136;459.62143652559 90.62107800467187;456.7393166972557 93.37501060940411;453.8901404249748 96.16301054415523;451.0738628804839 98.98424177811953;448.2914401152557 101.838866460091;445.5426278958053 104.7258701768622;442.828456222621 107.6454664315174;440.1483893109827 110.5964007026423;437.5034788027228 113.5788838006788;434.8938483646424 116.5922878680906;432.319049980066 119.6355086958269;429.780769217731 122.7092576443893;427.2782169841187 125.8121605859341;424.8125046365724 128.9444218273294;422.3835160385987 132.1052474224817;419.9913632391145 135.2940377287766;417.6370402134177 138.5108655499227;416.6467932689505 139.8975525814114;416.405107810662 140.2101189904336;413.9969950853148 143.3885360434041;411.620209809641 146.590448325764;409.27456541789 149.8152424645473;406.9602502841007 153.0625966132394;