radius = 6.179443274892249;
cppContour{1} = [508.9870964641244 117.3226859500301; 509.5606776458689 114.6010777124569;509.5627252540096 114.5950838679142;510.6787998122213 110.7907756827804;511.6098392342658 106.9370454456966;512.3329439049319 103.0390091877396;512.8259248094912 99.10531131515386;513.071725822001 95.14851956290494;513.0026189085374 91.18544593105443;512.4328971049989 87.26517896984699;511.1361031344114 83.52676071675016;508.2499825078129 81.60321032111558;504.4947281907996 82.87516709920412;500.778264973061 84.25639211285606;497.1028214986192 85.74334909179331;493.4705255960097 87.33282133823906;489.8832692817634 89.02150952569751;486.3425710377464 90.80577039136787;482.849949608639 92.68241276306787;479.40710861703 94.64891534000662;476.0153979847432 96.70235197498759;472.6755079220326 98.83903670185965;469.3890314697567 101.0569910957148;466.1570977693297 103.353689422982;462.9805937088828 105.7264588512708;459.860522834238 108.1729494738092;456.7973245785319 110.6902773384743;453.7932630431519 113.2778796411675;450.848192648047 115.932428950681;447.9633709117707 118.6523273076944;445.1396910316763 121.435655181083;442.37663968207 124.2791844545774;439.6728904707993 127.1791698706363;437.0289177291405 130.1337499889271;434.443762167225 133.1399431807227;433.6807534833633 134.0624993121208;432.7089329674489 135.1956652978566;430.18676841212 138.2716775527693;427.7338422065966 141.4031848103697;425.3521380216177 144.5891907096325;423.0425192293503 147.8278392267815;420.8050385851486 151.1167366065491;420.3867637274381 151.7621668925079;420.1335916537785 152.1302786732799;417.9402797079354 155.4332831878252;415.7994594236738 158.7705569145812;413.7091619386424 162.139707315294;411.6690040099709 165.5394593393134;409.6772460187309 168.9677939530705;407.7328975804224 172.4232431430704;405.8350363437443 175.9044437042919;403.9826044968192 179.4100342363582;402.1749093984699 182.938897366385;400.4186228423404 186.49360984729;398.7230877585717 190.0776818637397;397.0986774967579 193.6945233878297;395.5550164132932 197.3465358263933;394.1035611762493 201.0361508261445;392.755916121109 204.7649082716617;391.5243932087151 208.5335788168738;390.4207993947677 212.3416561756505;389.4591057491256 216.1879953287462;388.6510320005057 220.069501701466;388.011426614022 223.9822702373869;387.55 227.92;384.8404708402251 227.5522534007695;381.0052323052814 226.9315679217297;377.1365917384164 226.572723091613;374.49 226.31;374.5517760462317 222.5229513652741;374.530012529407 218.7354859800364;374.4253484839362 214.9494159151806;374.2383786193314 211.1665332991789;374.15 208.68;373.6153668208829 203.6176483058519;373.1816725555262 199.8550453989988;372.6653481409953 196.1028746384578;372.0690909861264 192.3625506469236;371.3882933121085 188.636676948532;370.6275699373645 184.9263228948965;369.7860337378137 181.233475806222;368.8646556805422 177.5597559453777;367.8636158162153 173.906933503013;366.783875067134 170.2765994614646;365.6245846577613 166.670864040166;364.3859093305639 163.0916118074642;363.07 159.54;362 157.08;360.6006743960027 153.510317517679;359.0071238381288 150.0249409671544;357.2784647692118 146.6026051461082;355.5234789390822 143.1936945098887;353.7429051130617 139.7980810621475;351.9357403970932 136.4165437018638;350.1028490146965 133.0488827666395;348.2451044480528 129.6948679338737;346.3614505473494 126.3553297109117;344.4518445922429 123.0305667113774;342.5179220793203 119.719884098676;340.5579393355125 116.4245599186935;338.5730269546998 113.1441913289152;336.5628369319184 109.8792595946864;334.5280499383388 106.6295961567628;332.4684247121485 103.395623372823;330.3843212092003 100.1773729860177;328.2758362723156 96.97504035764737;326.1428460868005 93.7889782635837;323.9858210001707 90.61913940482566;321.8045387363037 87.4659398384498;319.5988211642583 84.32978365540704;317.37 81.20999999999999;312.7054412529961 77.97880229818225;312.2517806337348 77.50513120920623;309.3624762367874 74.7726334526745;306.33 72.2;304.0854987350962 72.66357793987439;300.86 73.81;300.2058978425218 77.67264268592017;299.8269252263267 81.57192692929661;299.701844059266 85.48769299346611;299.7427131271095 87.13794939375273;299.735883616245 87.32593272982929;299.7826907211978 91.29930701845328;299.99614829913 95.26734364439989;300.3493398245622 99.22550802025052;300.8180776243468 103.1717449854098;301.3764825149588 107.1063617843967;301.9999422728358 111.0312555355769;302.53 117.01;304.0218833962943 122.7809557281628;304.6673314707478 126.7023066294638;305.2590580167027 130.6320831120082;305.7727241343386 134.5727656057611;306.1776888846661 138.4626197838771;306.2552074876592 140.4355476604517;306.3182649927807 144.406136922554;306.3281754761224 148.3772570430891;306.322447541692 152.3484025574781;306.3386460227623 156.3195006436591;306.3611010343517 157.499466279806;306.3369581206727 158.3791413421499;306.3514984205208 162.3527795625195;306.5948243237227 166.3184299697423;307.1140656943047 170.2574943313856;307.1966479672707 170.6715999204598;307.3790768701719 172.1567578052149;308.0727401173042 176.0660402246225;308.984952805688 179.9302283346501;310.0956520083715 183.7422738806943;311.3785524448132 187.5000131833877;312.8101062755467 191.2038005918182;314.3633846233766 194.858333319889;316.0151024852543 198.4695237318279;317.7410467792718 202.0459094392846;319.5198000840775 205.5963740499761;321.3297970292914 209.1310417194863;323.1508750386912 212.6600230341972;324.9628520058057 216.1936755234295;326.7452301847421 219.7423285302525;328.4764757213499 223.3161713820415;330.1347299056347 226.9244150376308;331.6982322337395 230.5746702724189;333.1432441165978 234.2733769981227;334.4456833159487 238.024593060096;335.1427338447724 240.3630589904175;334.1187738679651 241.2813555570545;331.8529915052177 244.4201385640782;330.6794152840812 248.0998581846885;330.9483567276193 251.9530177687173;331.4320940819364 252.7473831335091;332.1814893189296 255.297261214767;332.54 256.15;329.9291822751877 258.4701070163663;328.0436095316718 261.3486536217146;327.77 261.46;328.0436095316718 261.3486536217146;328.0203922628241 261.384097489185;327.0525738623036 264.7243625205246;327.2091214118787 268.2071539035412;327.64 270.78;326.1019839146623 274.2041567782273;323.5867451666584 277.0086927168796;320.7361764907703 279.4829402428082;317.8430208282974 281.9086617601741;314.9499369605012 284.3344687761148;312.0567364127327 286.7601364640897;309.1621532821455 289.1841544181259;306.2703581009169 291.611486289537;303.4416260714661 294.1115444585144;300.8048685256944 296.811478497778;298.5222703662276 299.8128999294559;296.8164127719223 303.1689829458667;296.3905654414159 304.8758463974827;296.1264860745326 305.5322033854333;296.0692911661608 306.1635645046393;295.90609324339 306.8176875900793;295.9300295532831 307.7008406411326;295.772114516795 309.4440275263791;296.249766 313.348736;299.1380997991943 317.2016378087363;299.4396966340461 321.155208471117;300.3431300426491 325.0166639730197;301.7311642420959 328.7321830605859;303.4741600137392 332.2962266150461;305.448943 335.738214;305.450015 335.73983;309.4379364449085 338.5688885522849;311.8226265288099 341.6585656028455;314.4182628071858 344.5732185917889;314.71 344.95;312.3792706584446 348.1993439548855;310.1812065074495 351.5398243156861;308.1169013669399 354.9645514935323;306.1877176322092 358.4671520395254;304.3946400736089 362.0413223173743;302.7403110213793 365.6817855800009;301.2248680530813 369.3822020095786;299.8488187029797 373.1366724229646;298.6139853167443 376.9399277939971;297.5212441879748 380.7864018532147;296.5712390951443 384.6705899630607;295.764941054618 388.5871371233935;295.7404644283943 388.7330992769062;295.628970675534 389.1495236819675;294.7639810515701 393.0425165303772;294.0813347644864 396.9715607302735;293.5881386759364 400.9288151918654;293.2928937725868 404.9057177875262;293.206641470445 408.89259014711;293.3421470766604 412.878080678734;293.7102279734023 416.8488141710004;294.3256824548902 