segmentsStart = [337.18, 278.48; 337.18, 278.48; 419.53, 258.9; 419.53, 258.9; 332.54, 256.15; 332.54, 256.15; 337.12, 277.38; 337.12, 277.38; 387.55, 227.92; 387.55, 227.92; 418.01, 249.58; 418.01, 249.58; 413.92, 241.34; 413.92, 241.34; 489.24, 94.86; 489.24, 94.86; 373.25, 223.07; 373.25, 223.07; 335.3, 239.99; 335.3, 239.99; 340.92, 236.83; 340.92, 236.83; 317.62, 90.87; 317.62, 90.87; 412.392, 274.187; 412.392, 274.187; 412.35, 272.29; 412.35, 272.29; 388.8, 276.96; 388.8, 276.96; 419.39, 258.47; 419.39, 258.47; 406, 288.08; 406, 288.08; 345.87, 280.01; 344.67, 311.28; 344.67, 311.28; 357.16, 323.01; 357.16, 323.01; 355.86, 339.84; 355.86, 339.84; 335.95, 348.01; 335.95, 348.01; 327.64, 270.78; 327.64, 270.78; 297.38, 314.06; 297.38, 314.06; 297.381, 314.059; 297.381, 314.059; 300.73, 309.48; 300.73, 309.48; 300.729, 309.482; 300.729, 309.482; 305.449, 335.738; 305.449, 335.738; 305.45, 335.74; 305.45, 335.74; 306.64, 331.45; 306.64, 331.45; 306.64, 331.452; 306.64, 331.452; 379.41, 359.88; 379.41, 359.88; 416.03, 265.12; 416.03, 265.12; 443.36, 318.93; 443.36, 318.93; 443.359, 318.929; 443.359, 318.929; 438.78, 315.09; 438.78, 315.09; 438.781, 315.092; 438.781, 315.092; 430.09, 349.15; 430.09, 349.15; 429.54, 350.76; 429.54, 350.76; 430.78, 342.111; 430.78, 342.111; 430.78, 342.111; 430.78, 342.111; 395.46, 364.94; 395.46, 364.94; 375.45, 312.63; 375.45, 312.63; 357.91, 322.77; 357.91, 322.77; 357.91, 322.772; 357.91, 322.772; 373.49, 350.43; 373.49, 350.43; 343.93, 307.11; 343.93, 307.11; 355.93, 298.34; 355.93, 298.34; 377.7, 283.06; 377.7, 283.06; 351.01, 281.57; 351.01, 281.57; 391.59, 279.86; 391.59, 279.86; 393.98, 286.5; 393.98, 286.5; 392.41, 277.88; 392.41, 277.88; 395.84, 287.57; 395.84, 287.57; 335.32, 258.52; 335.32, 258.52; 336.25, 259.63; 336.25, 259.63; 327.53, 263.22; 327.53, 263.22; 337.46, 260.8; 337.46, 260.8; 327.08, 265.17; 327.08, 265.17; 338.66, 262.04; 338.66, 262.04; 327.16, 266.97; 327.16, 266.97; 339.49, 263.18; 339.49, 263.18; 327.45, 268.38; 327.45, 268.38; 339.95, 264.42; 339.95, 264.42; 327.99, 269.89; 327.99, 269.89; 340.77, 265.55; 340.77, 265.55; 328.52, 271.26; 328.52, 271.26; 340.94, 267.18; 340.94, 267.18; 329.79, 272.37; 329.79, 272.37; 341.09, 268.62; 341.09, 268.62; 331.21, 273.56; 331.21, 273.56; 341.19, 270.28; 341.19, 270.28; 332.5, 274.7; 332.5, 274.7; 340.38, 271.93; 340.38, 271.93; 333.85, 275.34; 333.85, 275.34; 393.52, 276.48; 393.52, 276.48; 397.46, 286.94; 397.46, 286.94; 394.76, 275.19; 394.76, 275.19; 399.15, 287; 399.15, 287; 395.88, 273.89; 395.88, 273.89; 400.95, 287.2; 400.95, 287.2; 397.3, 273.2; 397.3, 273.2; 402.65, 286.91; 402.65, 286.91; 398.68, 272.43; 398.68, 272.43; 403.93, 286.26; 403.93, 286.26; 399.86, 271.84; 399.86, 271.84; 405.48, 286.32; 405.48, 286.32; 401.31, 271.5; 401.31, 271.5; 406.83, 284.91; 406.83, 284.91; 402.83, 271.44; 402.83, 271.44; 408.39, 284.17; 404.5, 271; 404.5, 271; 409.4, 282.44; 409.4, 282.44; 406.24, 270.87; 406.24, 270.87; 410.59, 281.04; 410.59, 281.04; 408.1, 271.31; 408.1, 271.31; 411.57, 278.9; 411.57, 278.9; 388.97, 228.57; 388.97, 228.57; 402.32, 185.98; 402.32, 185.98; 404.14, 180.24; 404.14, 180.24; 437.56, 129.96; 437.56, 129.96; 446.87, 120.06; 446.87, 120.06; 503.09, 84.22; 503.09, 84.22; 509.9, 86.62; 509.9, 86.62; 498.23, 142; 498.23, 142; 485.74, 97.01; 485.74, 97.01; 427.05, 186.27; 427.05, 186.27; 425.76, 192.11; 425.76, 192.11; 414.13, 240.75; 414.13, 240.75; 416.42, 247.19; 416.42, 247.19; 460.38, 209.05; 460.38, 209.05; 493.49, 145.61; 493.49, 145.61; 465.7, 205.65; 465.7, 205.65; 340.92, 236.38; 340.92, 236.38; 321.19, 96.16; 321.19, 96.16; 337.7, 239; 337.7, 239; 300.86, 73.81; 300.86, 73.81; 371.57, 224.95; 371.57, 224.95; 306.33, 72.2; 306.33, 72.2; 302.53, 117.01; 302.53, 117.01; 335.58, 241.83; 335.58, 241.83; 332.95, 255.24; 332.95, 255.24; 419.68, 262.42; 419.68, 262.42; 389.12, 276.77; 389.12, 276.77; 419.94, 261.85; 419.94, 261.85; 329.35, 272.56; 329.35, 272.56; 296.25, 313.349; 296.25, 313.349; 296.25, 313.349; 296.25, 313.349; 302.259, 307.631; 302.259, 307.631; 302.26, 307.63; 302.26, 307.63; 305.299, 334.449; 305.299, 334.449; 305.3, 334.45; 305.3, 334.45; 307.769, 327.441; 307.769, 327.441; 307.77, 327.441; 307.77, 327.441; 380.28, 359.23; 380.28, 359.23; 416.71, 265.51; 416.71, 265.51; 443.79, 319.64; 443.79, 319.64; 443.789, 319.639; 443.789, 319.639; 436.2, 313.48; 436.2, 313.48; 437.82, 315.86; 437.82, 315.86; 430.121, 349.609; 430.121, 349.609; 430.12, 349.609; 430.12, 349.609; 430.76, 339.492; 430.76, 339.492; 430.76, 339.491; 430.76, 339.491; 395.3, 364.14; 395.3, 364.14; 345.06, 307.62; 345.06, 307.62; 355.73, 299.26; 355.73, 299.26; 362.49, 299.82; 362.49, 299.82; 375.8, 308.48; 346.17, 310.56; 346.17, 310.56; 357.89, 324.73; 357.89, 324.73; 363.11, 298.36; 363.11, 298.36; 375.4, 308.31; 357.8, 323.95; 357.8, 323.95; 375.12, 313.1; 375.12, 313.1; 354.93, 340.41; 354.93, 340.41; 375.66, 350.69; 375.66, 350.69; 359.22, 323.65; 359.22, 323.65; 355.51, 339.81; 355.51, 339.81; 336.5, 347.22; 336.5, 347.22; 332.11, 246.59; 332.11, 246.59; 344.44, 264.41; 344.44, 264.41; 334.09, 244.21; 334.09, 244.21; 344.08, 259.82; 344.08, 259.82; 356.25, 275.91; 356.25, 275.91; 438.84, 340.11; 438.84, 340.11; 439.69, 428.18; 439.69, 428.18; 434.11, 455.52; 434.11, 455.52; 445.36, 443.81; 445.36, 443.81; 418.93, 506.86; 418.93, 506.86; 382.6, 478.22; 382.6, 478.22; 360.15, 551.53; 360.15, 551.53; 359.58, 546.66; 359.58, 546.66; 386.41, 569.42; 386.41, 569.42; 418.68, 502.82; 418.68, 502.82; 380.24, 569.69; 380.24, 569.69; 309.06, 456.42; 309.06, 456.42; 346.09, 598.77; 346.09, 598.77; 340.18, 484.03; 340.18, 484.03; 345.52, 598.98; 345.52, 598.98; 455.77, 402.78; 455.77, 402.78; 492.88, 511.51; 492.88, 511.51; 484.35, 502.05; 484.35, 502.05; 503.08, 609.75; 503.08, 609.75; 499.98, 595.93; 499.98, 595.93; 473.95, 697.99; 473.95, 697.99; 353.27, 625.39; 353.27, 625.39; 379.79, 676.08; 379.79, 676.08; 378.59, 666.41; 378.59, 666.41; 473.1, 699.99; 473.1, 699.99; 410.82, 700.71; 410.82, 700.71; 472.57, 700.08; 472.57, 700.08; 429.61, 724.56; 429.61, 724.56; 433.79, 706.71; 433.79, 706.71; 435.19, 705.31; 435.19, 705.31; 451.91, 724.09; 451.91, 724.09; 455.18, 704.86; 455.18, 704.86; 454.2, 725.16; 454.2, 725.16; 455.5, 706.31; 455.5, 706.31; 303.8, 426.9; 303.8, 426.9; 330.58, 480.82; 330.58, 480.82; 299.12, 434.36; 299.12, 434.36; 303.18, 426.99; 303.18, 426.99; 303.3, 430.5; 303.3, 430.5; 330.73, 480.57; 330.73, 480.57; 310.45, 457.3; 310.45, 457.3; 338.62, 483.64; 338.62, 483.64; 383.79, 479.55; 383.79, 479.55; 385.8, 570.26; 385.8, 570.26; 453.02, 408.01; 453.02, 408.01; 438.41, 338.02; 438.41, 338.02; 439.95, 429.66; 439.95, 429.66; 445.93, 445.51; 445.93, 445.51; 419.45, 507.81; 419.45, 507.81; 419.84, 500.92; 419.84, 500.92; 379.52, 572.4; 379.52, 572.4; 310.87, 467.3; 310.87, 467.3; 275.66, 591.998; 275.66, 591.998; 275.66, 592; 275.66, 592; 282.31, 584.56; 282.31, 584.56; 282.31, 584.562; 282.31, 584.562; 298.4, 656.48; 298.4, 656.48; 298.72, 657.49; 298.72, 657.49; 299.859, 639.632; 299.859, 639.632; 299.86, 639.63; 299.86, 639.63; 316.32, 671.15; 316.32, 671.15; 355.17, 624.79; 355.17, 624.79; 382.72, 678.54; 382.72, 678.54; 380.01, 666.18; 380.01, 666.18; 454.57, 402.56; 454.57, 402.56; 492.16, 513.48; 492.16, 513.48; 484.11, 503.65; 484.11, 503.65; 502.15, 606.75; 502.15, 606.75; 470.26, 698.75; 470.26, 698.75; 407.28, 718.35; 407.28, 718.35; 477.45, 722.42; 477.45, 722.42; 429.71, 724.21; 429.71, 724.21; 434.41, 706.46; 434.41, 706.46; 452.22, 724.92; 452.22, 724.92; 455.63, 704.33; 406.7, 706.34; 406.7, 706.34; 479.03, 720.05; 479.03, 720.05; 332.64, 676.2; 332.64, 676.2; 324.96, 673.51; 324.96, 673.51; 251.87, 705.36; 251.87, 705.36; 395.49, 692.57; 395.49, 692.57; 251.9, 705.34; 251.9, 705.34; 272.79, 707.34; 272.79, 707.34; 285.79, 687.41; 285.79, 687.41; 275.46, 709.02; 275.46, 709.02; 284.74, 688.8; 284.74, 688.8; 311.01, 471.7; 311.01, 471.7; 276.7, 593.269; 276.7, 593.269; 276.7, 593.269; 276.7, 593.269; 