boundaryCurve{1} = [75.5, 41.5; 81.8138, 45.2343; 87.9936, 48.9032; 94.0407, 52.5073; 99.9564, 56.0473; 105.742, 59.5235; 111.399, 62.9366; 116.928, 66.2872; 122.331, 69.5758; 127.609, 72.803; 132.763, 75.9694; 137.795, 79.0754; 142.707, 82.1218; 147.498, 85.109; 152.171, 88.0375; 156.727, 90.9081; 161.167, 93.7212; 165.493, 96.4774; 169.705, 99.1772; 173.806, 101.821; 177.796, 104.41; 181.677, 106.944; 185.45, 109.424; 189.116, 111.851; 192.677, 114.225; 196.133, 116.546; 199.487, 118.815; 202.74, 121.034; 205.892, 123.201; 208.945, 125.318; 211.901, 127.386; 214.761, 129.405; 217.526, 131.375; 220.197, 133.297; 222.776, 135.172; 225.263, 137.001; 227.661, 138.783; 229.971, 140.519; 232.193, 142.211; 234.33, 143.858; 236.382, 145.46; 238.351, 147.02; 240.238, 148.537; 242.044, 150.011; 243.771, 151.444; 245.42, 152.836; 246.993, 154.187; 248.49, 155.498; 249.913, 156.77; 251.263, 158.003; 252.541, 159.197; 253.75, 160.354; 254.889, 161.474; 255.961, 162.557; 256.967, 163.604; 257.907, 164.615; 258.784, 165.592; 259.599, 166.534; 260.352, 167.443; 261.046, 168.318; 261.682, 169.16; 262.26, 169.971; 262.782, 170.75; 263.25, 171.497; 263.664, 172.215; 264.027, 172.903; 264.339, 173.561; 264.601, 174.191; 264.816, 174.792; 264.984, 175.366; 265.106, 175.913; 265.184, 176.433; 265.22, 176.928; 265.214, 177.397; 265.168, 177.841; 265.082, 178.261; 264.959, 178.658; 264.8, 179.031; 264.606, 179.382; 264.378, 179.711; 264.118, 180.018; 263.827, 180.305; 263.506, 180.572; 263.156, 180.818; 262.779, 181.046; 262.376, 181.255; 261.949, 181.446; 261.498, 181.62; 261.026, 181.776; 260.533, 181.917; 260.02, 182.041; 259.489, 182.151; 258.942, 182.245; 258.379, 182.326; 257.802, 182.393; 257.212, 182.448; 256.611, 182.489; 255.999, 182.519; 255.378, 182.538; 254.75, 182.546; 254.115, 182.544; 253.475, 182.533; 252.832, 182.512; 252.186, 182.483; 251.539, 182.447; 250.892, 182.402; 250.247, 182.352; 249.604, 182.295; 248.966, 182.232; 248.333, 182.164; 247.706, 182.092; 247.088, 182.016; 246.479, 181.936; 245.88, 181.854; 245.293, 181.77; 244.72, 181.683; 244.161, 181.596; 243.618, 181.508; 243.092, 181.421; 242.584, 181.333; 242.096, 181.247; 241.629, 181.163; 241.185, 181.081; 240.764, 181.002; 240.368, 180.926; 239.998, 180.854; 239.656, 180.787; 239.343, 180.725; 239.059, 180.668; 238.807, 180.618; 238.588, 180.574; 238.403, 180.538; 238.254, 180.51; 237.603, 180.396; 236.601, 180.253; 235.664, 180.164; 234.793, 180.129; 233.985, 180.145; 233.242, 180.213; 232.561, 180.332; 231.943, 180.502; 231.386, 180.722; 230.891, 180.991; 230.455, 181.308; 230.079, 181.674; 229.762, 182.087; 229.503, 182.546; 229.301, 183.052; 229.156, 183.604; 229.067, 184.2; 229.034, 184.841; 229.055, 185.525; 229.13, 186.252; 229.258, 187.022; 229.439, 187.834; 229.671, 188.687; 229.955, 189.581; 230.289, 190.515; 230.673, 191.488; 231.106, 192.5; 231.587, 193.55; 232.116, 194.638; 232.692, 195.762; 233.314, 196.923; 233.981, 198.12; 234.694, 199.351; 235.451, 200.618; 236.251, 201.918; 237.094, 203.251; 237.979, 204.617; 238.905, 206.015; 239.872, 207.445; 240.879, 208.905; 241.925, 210.395; 243.01, 211.915; 244.133, 213.464; 245.292, 215.041; 246.489, 216.646; 247.721, 218.278; 248.988, 219.937; 250.29, 221.621; 251.625, 223.331; 252.993, 225.066; 254.394, 226.824; 255.826, 228.606; 257.289, 230.41; 258.783, 232.237; 260.305, 234.085; 261.857, 235.955; 263.437, 237.844; 265.044, 239.754; 266.678, 241.682; 268.338, 243.629; 270.023, 245.594; 271.733, 247.576; 273.467, 249.575; 275.223, 251.59; 277.003, 253.62; 278.804, 255.665; 280.627, 257.724; 282.47, 259.797; 284.332, 261.883; 286.214, 263.981; 288.114, 266.09; 290.032, 268.211; 291.966, 270.343; 293.917, 272.484; 295.884, 274.635; 297.865, 276.794; 299.86, 278.961; 301.869, 281.136; 303.891, 283.317; 305.925, 285.505; 307.97, 287.698; 310.025, 289.897; 312.091, 292.099; 314.166, 294.306; 316.25, 296.515; 318.341, 298.727; 320.44, 300.941; 322.545, 303.156; 324.656, 305.372; 326.772, 307.587; 328.892, 309.803; 331.016, 312.017; 333.143, 314.229; 335.272, 316.439; 337.403, 318.646; 339.535, 320.849; 341.667, 323.048; 343.799, 325.242; 345.929, 327.43; 348.057, 329.613; 350.183, 331.788; 352.306, 333.957; 354.424, 336.117; 356.538, 338.269; 358.647, 340.412; 360.749, 342.544; 362.845, 344.667; 364.933, 346.778; 367.013, 348.878; 369.084, 350.966; 371.146, 353.04; 373.197, 355.101; 375.238, 357.149; 377.266, 359.181; 379.283, 361.198; 381.286, 363.199; 383.275, 365.183; 385.25, 367.151; 387.21, 369.1; 389.154, 371.031; 391.082, 372.944; 392.992, 374.836; 394.885, 376.708; 396.758, 378.56; 398.613, 380.39; 400.447, 382.197; 402.261, 383.982; 404.053, 385.744; 405.823, 387.482; 407.57, 389.195; 409.294, 390.883; 410.993, 392.545; 412.668, 394.181; 414.317, 395.79; 415.94, 397.371; 417.535, 398.924; 419.103, 400.449; 420.643, 401.943; 422.153, 403.408; 423.634, 404.842; 425.084, 406.244; 426.503, 407.615; 427.89, 408.953; 429.244, 410.258; 430.566, 411.529; 431.853, 412.765; 433.105, 413.967; 434.322, 415.133; 435.503, 416.263; 436.648, 417.356; 437.754, 418.411; 438.823, 419.429; 439.853, 420.407; 440.843, 421.347; 441.793, 422.246; 442.702, 423.105; 443.569, 423.923; 444.394, 424.699; 445.176, 425.432; 445.914, 426.123; 446.607, 426.77; 447.256, 427.372; 447.858, 427.93; 448.414, 428.442; 448.923, 428.909; 449.384, 429.328; 449.796, 429.7; 450.159, 430.025; 450.472, 430.301; 450.734, 430.527; 450.945, 430.704; 451.104, 430.831; 451.45, 431.067; 453.562, 432.414; 455.499, 433.423; 457.201, 433.886; 458.609, 433.594; 459.655, 432.054; 459.993, 429.75; 459.732, 427.449; 458.979, 425.917; 458.037, 425.712; 456.912, 426.307; 455.611, 427.495; 454.261, 429.147; 452.989, 431.135; 451.923, 433.328; 451.191, 435.599; 450.919, 437.818; 451.235, 439.857; 452.358, 441.668; 454.318, 442.955; 456.523, 443.605; 458.48, 443.819; 459.7, 443.8; ];
openCurve = [true ];
