boundaryCurve{1} = [41.6, 332.5; 44.6743, 332.321; 47.7391, 332.135; 50.7942, 331.943; 53.8397, 331.745; 56.8754, 331.541; 59.9013, 331.33; 62.9175, 331.114; 65.9237, 330.891; 68.9201, 330.663; 71.9064, 330.428; 74.8827, 330.187; 77.849, 329.941; 80.8051, 329.688; 83.751, 329.429; 86.6867, 329.164; 89.6121, 328.894; 92.5271, 328.617; 95.4318, 328.335; 98.326, 328.047; 101.21, 327.752; 104.083, 327.452; 106.946, 327.146; 109.797, 326.835; 112.639, 326.517; 115.469, 326.194; 118.289, 325.865; 121.098, 325.53; 123.896, 325.189; 126.683, 324.843; 129.459, 324.491; 132.224, 324.134; 134.977, 323.771; 137.72, 323.402; 140.451, 323.027; 143.172, 322.647; 145.88, 322.262; 148.578, 321.87; 151.264, 321.474; 153.939, 321.072; 156.602, 320.664; 159.253, 320.251; 161.893, 319.832; 164.521, 319.408; 167.138, 318.978; 169.743, 318.544; 172.335, 318.103; 174.916, 317.658; 177.486, 317.207; 180.043, 316.75; 182.588, 316.289; 185.121, 315.822; 187.641, 315.349; 190.15, 314.872; 192.647, 314.389; 195.131, 313.901; 197.602, 313.408; 200.062, 312.91; 202.509, 312.407; 204.943, 311.898; 207.365, 311.384; 209.774, 310.866; 212.171, 310.342; 214.555, 309.813; 216.926, 309.279; 219.285, 308.74; 221.63, 308.196; 223.963, 307.647; 226.282, 307.093; 228.589, 306.534; 230.883, 305.97; 233.163, 305.401; 235.431, 304.827; 237.685, 304.249; 239.925, 303.665; 242.153, 303.077; 244.367, 302.484; 246.568, 301.886; 248.755, 301.283; 250.929, 300.676; 253.089, 300.063; 255.236, 299.446; 257.368, 298.825; 259.488, 298.198; 261.593, 297.567; 263.685, 296.932; 265.762, 296.291; 267.826, 295.646; 269.876, 294.997; 271.911, 294.343; 273.933, 293.684; 275.94, 293.021; 277.934, 292.353; 279.913, 291.681; 281.877, 291.004; 283.828, 290.323; 285.764, 289.637; 287.685, 288.947; 289.592, 288.253; 291.485, 287.554; 293.363, 286.85; 295.226, 286.143; 297.075, 285.431; 298.908, 284.714; 300.727, 283.994; 302.532, 283.269; 304.321, 282.54; 306.095, 281.807; 307.854, 281.069; 309.598, 280.327; 311.327, 279.581; 313.041, 278.831; 314.74, 278.077; 316.423, 277.318; 318.092, 276.556; 319.744, 275.789; 321.382, 275.018; 323.003, 274.244; 324.61, 273.465; 326.2, 272.682; 327.776, 271.895; 329.335, 271.104; 330.879, 270.31; 332.407, 269.511; 333.919, 268.708; 335.415, 267.902; 336.895, 267.091; 338.359, 266.277; 339.807, 265.459; 341.24, 264.637; 342.656, 263.811; 344.055, 262.981; 345.439, 262.148; 346.806, 261.311; 348.157, 260.47; 349.492, 259.625; 350.81, 258.777; 352.111, 257.925; 353.396, 257.069; 354.665, 256.21; 355.916, 255.347; 357.151, 254.481; 358.37, 253.611; 359.571, 252.737; 360.756, 251.86; 361.923, 250.979; 363.074, 250.095; 364.208, 249.207; 365.325, 248.316; 366.424, 247.421; 367.506, 246.523; 368.572, 245.621; 369.62, 244.716; 370.65, 243.808; 371.663, 242.896; 372.659, 241.981; 373.637, 241.063; 374.598, 240.141; 375.541, 239.216; 376.467, 238.288; 377.375, 237.356; 378.265, 236.421; 379.137, 235.483; 379.992, 234.542; 380.828, 233.598; 381.647, 232.65; 382.447, 231.7; 383.23, 230.746; 383.995, 229.789; 384.741, 228.829; 385.469, 227.866; 386.179, 226.9; 386.871, 225.931; 387.544, 224.959; 388.199, 223.984; 388.836, 223.006; 389.454, 222.025; 390.053, 221.041; 390.634, 220.054; 391.196, 219.064; 391.739, 218.072; 392.264, 217.076; 392.77, 216.078; 393.257, 215.077; 393.725, 214.073; 394.174, 213.066; 394.604, 212.056; 395.015, 211.044; 395.407, 210.029; 395.78, 209.012; 396.133, 207.991; 396.467, 206.968; 396.782, 205.942; 397.078, 204.914; 397.354, 203.883; 397.611, 202.849; 397.848, 201.813; 398.065, 200.775; 398.263, 199.733; 398.441, 198.69; 398.6, 197.643; 398.76, 196.408; 398.934, 194.709; 399.058, 193.001; 399.133, 191.282; 399.158, 189.555; 399.136, 187.819; 399.065, 186.074; 398.948, 184.321; 398.784, 182.561; 398.574, 180.794; 398.319, 179.02; 398.019, 177.24; 397.676, 175.455; 397.289, 173.663; 396.859, 171.868; 396.386, 170.067; 395.873, 168.263; 395.318, 166.455; 394.723, 164.644; 394.088, 162.83; 393.414, 161.014; 392.702, 159.196; 391.951, 157.376; 391.163, 155.556; 390.339, 153.735; 389.478, 151.914; 388.582, 150.093; 387.651, 148.273; 386.686, 146.455; 385.687, 144.638; 384.655, 142.823; 383.59, 141.01; 382.494, 139.201; 381.366, 137.395; 380.208, 135.593; 379.019, 133.795; 377.802, 132.001; 376.555, 130.213; 375.28, 128.431; 373.978, 126.654; 372.649, 124.884; 371.293, 123.12; 369.912, 121.364; 368.505, 119.616; 367.074, 117.876; 365.619, 116.145; 364.141, 114.422; 362.64, 112.709; 361.116, 111.006; 359.572, 109.314; 358.006, 107.632; 356.42, 105.961; 354.815, 104.302; 353.19, 102.655; 351.547, 101.021; 349.886, 99.3993; 348.208, 97.7913; 346.513, 96.1971; 344.802, 94.6172; 343.076, 93.0521; 341.335, 91.502; 339.58, 89.9676; 337.811, 88.4491; 336.029, 86.9471; 334.235, 85.462; 332.429, 83.9943; 330.612, 82.5442; 328.785, 81.1124; 326.947, 79.6992; 325.1, 78.3051; 323.245, 76.9304; 321.381, 75.5757; 319.51, 74.2414; 317.632, 72.9279; 315.748, 71.6356; 313.858, 70.3649; 311.963, 69.1164; 310.063, 67.8905; 308.16, 66.6875; 306.253, 65.508; 304.344, 64.3523; 302.433, 63.2209; 300.52, 62.1142; 298.607, 61.0327; 296.693, 59.9767; 294.78, 58.9468; 292.867, 57.9434; 290.957, 56.9669; 289.049, 56.0177; 287.143, 55.0963; 285.241, 54.203; 283.343, 53.3385; 281.45, 52.503; 279.562, 51.697; 277.68, 50.921; 275.804, 50.1754; 273.936, 49.4605; 272.075, 48.777; 270.223, 48.1251; 268.379, 47.5054; 266.546, 46.9182; 264.722, 46.364; 262.909, 45.8433; 261.107, 45.3564; 259.318, 44.9039; 257.541, 44.486; 255.777, 44.1034; 254.027, 43.7563; 252.291, 43.4453; 250.571, 43.1708; 248.866, 42.9332; 247.177, 42.733; 245.506, 42.5706; 243.851, 42.4463; 242.215, 42.3608; 240.597, 42.3143; 238.999, 42.3074; 237.421, 42.3404; 235.863, 42.4138; 234.326, 42.5281; 232.811, 42.6836; 231.319, 42.8809; 229.849, 43.1203; 228.403, 43.4022; 226.981, 43.7272; 225.583, 44.0957; 224.212, 44.508; 222.866, 44.9646; 221.546, 45.466; 220.254, 46.0126; 218.992, 46.6038; 218.008, 47.1088; 217.035, 47.646; 216.072, 48.2153; 215.12, 48.8162; 214.179, 49.4485; 213.249, 50.1119; 212.33, 50.806; 211.421, 51.5307; 210.524, 52.2855; 209.638, 53.0702; 208.763, 53.8845; 207.899, 54.7281; 207.046, 55.6007; 206.205, 56.5019; 205.376, 57.4316; 204.558, 58.3893; 203.751, 59.3747; 202.957, 60.3877; 202.174, 61.4278; 201.402, 62.4948; 200.643, 63.5884; 199.896, 64.7082; 199.16, 65.854; 198.437, 67.0255; 197.726, 68.2224; 197.026, 69.4443; 196.34, 70.691; 195.665, 71.9621; 195.003, 73.2575; 194.354, 74.5766; 193.717, 75.9194; 193.092, 77.2854; 192.48, 78.6744; 191.881, 80.086; 191.295, 81.52; 190.722, 82.976; 190.161, 84.4539; 189.614, 85.9531; 189.079, 87.4735; 188.558, 89.0148; 188.05, 90.5767; 187.555, 92.1587; 187.074, 93.7608; 186.606, 95.3825; 186.151, 97.0235; 185.71, 98.6836; 185.283, 100.362; 184.869, 102.06; 184.469, 103.775; 184.083, 105.508; 183.711, 107.259; 183.353, 109.027; 183.008, 110.812; 182.678, 112.614; 182.362, 114.432; 182.06, 116.266; 181.772, 118.116; 181.499, 119.981; 181.24, 121.861; 180.996, 123.757; 180.766, 125.666; 180.55, 127.59; 180.35, 129.528; 180.164, 131.48; 179.993, 133.445; 179.837, 135.423; 179.696, 137.413; 179.569, 139.416; 179.458, 141.431; 179.362, 143.458; 179.282, 145.497; 179.216, 147.547; 179.166, 149.607; 179.131, 151.679; 179.112, 153.76; 179.108, 155.852; 179.12, 157.953; 179.148, 160.064; 179.191, 162.184; 179.251, 164.313; 179.326, 166.45; 179.417, 168.596; 179.524, 170.749; 179.647, 172.91; 179.786, 175.078; 179.942, 177.254; 180.114, 179.436; 180.302, 181.624; 180.506, 183.819; 180.727, 186.019; 180.965, 188.225; 181.219, 190.436; 181.49, 192.652; 181.778, 194.873; 182.082, 197.098; 182.404, 199.327; 182.742, 201.559; 183.097, 203.795; 183.47, 206.035; 183.859, 208.277; 184.266, 210.521; 184.69, 212.768; 185.132, 215.016; 185.591, 217.266; 186.067, 219.518; 186.561, 221.77; 187.073, 224.023; 187.602, 226.277; 188.149, 228.53; 188.714, 230.784; 189.297, 233.037; 189.897, 235.289; 190.516, 237.54; 191.153, 239.789; 191.808, 242.037; 192.481, 244.283; 193.173, 246.526; 193.883, 