boundaryCurve{1} = [53.5, 358.4; 55.8632, 358.029; 58.2159, 357.642; 60.5581, 357.237; 62.8895, 356.816; 65.2101, 356.377; 67.5198, 355.923; 69.8185, 355.451; 72.106, 354.963; 74.3822, 354.459; 76.647, 353.938; 78.9003, 353.401; 81.142, 352.848; 83.3719, 352.279; 85.59, 351.695; 87.7961, 351.094; 89.9901, 350.478; 92.172, 349.846; 94.3415, 349.199; 96.4986, 348.536; 98.6431, 347.858; 100.775, 347.164; 102.894, 346.456; 105, 345.732; 107.094, 344.994; 109.174, 344.241; 111.24, 343.473; 113.294, 342.69; 115.334, 341.893; 117.36, 341.081; 119.373, 340.256; 121.372, 339.415; 123.357, 338.561; 125.328, 337.693; 127.285, 336.811; 129.227, 335.914; 131.156, 335.005; 133.069, 334.081; 134.968, 333.144; 136.852, 332.193; 138.722, 331.229; 140.576, 330.252; 142.416, 329.262; 144.24, 328.258; 146.049, 327.242; 147.842, 326.213; 149.62, 325.17; 151.382, 324.116; 153.129, 323.048; 154.859, 321.968; 156.574, 320.876; 158.273, 319.772; 159.955, 318.655; 161.621, 317.526; 163.27, 316.385; 164.903, 315.232; 166.519, 314.068; 168.118, 312.891; 169.701, 311.703; 171.266, 310.504; 172.814, 309.293; 174.345, 308.071; 175.859, 306.837; 177.355, 305.593; 178.833, 304.337; 180.294, 303.071; 181.737, 301.793; 183.162, 300.505; 184.569, 299.207; 185.957, 297.897; 187.328, 296.577; 188.679, 295.247; 190.013, 293.907; 191.327, 292.556; 192.623, 291.196; 193.9, 289.825; 195.158, 288.445; 196.397, 287.055; 197.617, 285.655; 198.817, 284.245; 199.998, 282.826; 201.16, 281.398; 202.301, 279.961; 203.423, 278.514; 204.525, 277.058; 205.607, 275.593; 206.669, 274.119; 207.71, 272.637; 208.731, 271.145; 209.732, 269.646; 210.712, 268.137; 211.671, 266.62; 212.609, 265.095; 213.527, 263.562; 214.423, 262.021; 215.298, 260.471; 216.152, 258.914; 216.984, 257.349; 217.795, 255.776; 218.585, 254.195; 219.352, 252.607; 220.098, 251.011; 220.821, 249.409; 221.523, 247.798; 222.202, 246.181; 222.859, 244.557; 223.493, 242.926; 224.105, 241.288; 224.694, 239.643; 225.261, 237.991; 225.804, 236.333; 226.325, 234.668; 226.822, 232.998; 227.296, 231.32; 227.747, 229.637; 228.174, 227.948; 228.577, 226.252; 228.957, 224.551; 229.346, 222.677; 229.77, 220.444; 230.155, 218.196; 230.502, 215.933; 230.812, 213.658; 231.084, 211.37; 231.32, 209.071; 231.52, 206.763; 231.683, 204.446; 231.812, 202.123; 231.905, 199.794; 231.963, 197.46; 231.988, 195.122; 231.978, 192.783; 231.935, 190.443; 231.858, 188.103; 231.749, 185.765; 231.608, 183.43; 231.435, 181.099; 231.231, 178.774; 230.995, 176.455; 230.729, 174.143; 230.432, 171.841; 230.106, 169.55; 229.75, 167.269; 229.365, 165.002; 228.951, 162.749; 228.509, 160.511; 228.04, 158.289; 227.543, 156.085; 227.018, 153.901; 226.468, 151.736; 225.89, 149.593; 225.287, 147.473; 224.659, 145.376; 224.006, 143.305; 223.328, 141.261; 222.625, 139.244; 221.899, 137.256; 221.15, 135.298; 220.377, 133.372; 219.582, 131.478; 218.764, 129.618; 217.925, 127.793; 217.064, 126.005; 216.182, 124.254; 215.28, 122.542; 214.358, 120.87; 213.415, 119.24; 212.453, 117.652; 211.472, 116.108; 210.473, 114.609; 209.455, 113.156; 208.42, 111.751; 207.367, 110.395; 206.297, 109.088; 205.211, 107.833; 204.108, 106.63; 202.99, 105.482; 201.856, 104.388; 200.707, 103.35; 199.544, 102.37; 198.366, 101.448; 197.174, 100.587; 195.97, 99.7861; 194.752, 99.0481; 193.522, 98.3738; 192.279, 97.7643; 191.025, 97.221; 189.759, 96.7451; 188.482, 96.3378; 187.195, 96.0004; 185.898, 95.7341; 184.702, 95.5555; 183.51, 95.437; 182.301, 95.3739; 181.076, 95.3656; 179.836, 95.4114; 178.582, 95.5108; 177.313, 95.6631; 176.031, 95.8677; 174.737, 96.1241; 173.431, 96.4315; 172.115, 96.7893; 170.788, 97.197; 169.452, 97.6539; 168.107, 98.1594; 166.754, 98.7128; 165.393, 99.3137; 164.027, 99.9612; 162.654, 100.655; 161.276, 101.394; 159.894, 102.178; 158.508, 103.006; 157.12, 103.878; 155.729, 104.793; 154.337, 105.751; 152.944, 106.75; 151.551, 107.79; 150.159, 108.871; 148.768, 109.992; 147.38, 111.152; 145.995, 112.351; 144.613, 113.587; 143.236, 114.862; 141.863, 116.173; 140.497, 117.52; 139.137, 118.903; 137.785, 120.321; 136.441, 121.773; 135.105, 123.259; 133.779, 124.778; 132.463, 126.329; 131.158, 127.913; 129.865, 129.527; 128.585, 131.172; 127.317, 132.848; 126.063, 134.552; 124.824, 136.286; 123.601, 138.047; 122.393, 139.836; 121.203, 141.652; 120.029, 143.495; 118.875, 145.363; 117.739, 147.256; 116.623, 149.173; 115.527, 151.114; 114.452, 153.079; 113.4, 155.066; 112.37, 157.075; 111.363, 159.105; 110.381, 161.156; 109.424, 163.227; 108.492, 165.318; 107.586, 167.427; 106.707, 169.555; 105.856, 171.7; 105.034, 173.863; 104.241, 176.042; 103.478, 178.236; 102.745, 180.446; 102.044, 182.67; 101.375, 184.908; 100.739, 187.159; 100.137, 189.423; 99.5687, 191.699; 99.0356, 193.987; 98.5384, 196.285; 98.0777, 198.593; 97.6542, 200.911; 97.2687, 203.238; 96.9219, 205.574; 96.6146, 207.917; 96.3475, 210.267; 96.1212, 212.623; 95.9366, 214.986; 95.7944, 217.353; 95.6952, 219.725; 95.6399, 222.102; 95.6291, 224.481; 95.6637, 226.864; 95.7442, 229.248; 95.8715, 231.634; 96.0462, 234.021; 96.2692, 236.408; 96.5411, 238.795; 96.8626, 241.181; 97.196, 243.333; 97.5431, 245.333; 97.9247, 247.326; 98.3403, 249.311; 98.7895, 251.288; 99.2721, 253.257; 99.7875, 255.217; 100.336, 257.168; 100.916, 259.11; 101.528, 261.042; 102.171, 262.965; 102.845, 264.877; 103.55, 266.778; 104.285, 268.669; 105.05, 270.548; 105.845, 272.416; 106.668, 274.272; 107.521, 276.116; 108.401, 277.948; 109.31, 279.766; 110.246, 281.572; 111.209, 283.365; 112.199, 285.143; 113.216, 286.908; 114.258, 288.659; 115.327, 290.394; 116.42, 292.115; 117.539, 293.821; 118.681, 295.511; 119.848, 297.185; 121.039, 298.843; 122.253, 300.485; 123.49, 302.11; 124.75, 303.718; 126.032, 305.308; 127.336, 306.88; 128.661, 308.435; 130.007, 309.971; 131.374, 311.489; 132.762, 312.987; 134.169, 314.466; 135.596, 315.926; 137.042, 317.365; 138.506, 318.785; 139.989, 320.184; 141.49, 321.562; 143.009, 322.919; 144.545, 324.254; 146.098, 325.568; 147.667, 326.859; 149.253, 328.128; 150.854, 329.375; 152.471, 330.598; 154.102, 331.798; 155.748, 332.974; 157.409, 334.126; 159.083, 335.254; 160.77, 336.358; 162.471, 337.436; 164.184, 338.49; 165.91, 339.517; 167.647, 340.519; 169.396, 341.495; 171.156, 342.444; 172.927, 343.367; 174.708, 344.262; 176.499, 345.13; 178.3, 345.97; 180.11, 346.782; 181.929, 347.566; 183.757, 348.321; 185.592, 349.048; 187.436, 349.744; 189.286, 350.412; 191.144, 351.049; 193.008, 351.656; 194.878, 352.233; 196.754, 352.779; 198.635, 353.293; 200.522, 353.777; 202.413, 354.228; 204.308, 354.647; 206.207, 355.034; 208.11, 355.388; 210.016, 355.709; 211.925, 355.997; 213.836, 356.251; 215.749, 356.472; 217.663, 356.657; 219.579, 356.809; 221.496, 356.925; 223.413, 357.006; 225.33, 357.052; 227.247, 357.062; 229.163, 357.035; 231.078, 356.973; 232.991, 356.873; 234.903, 356.736; 236.812, 356.562; 238.719, 356.35; 240.84, 356.07; 243.304, 355.685; 245.755, 355.239; 248.192, 354.734; 250.614, 354.171; 253.02, 353.551; 255.41, 352.876; 257.783, 352.148; 260.138, 351.368; 262.474, 350.539; 264.791, 349.66; 267.087, 348.735; 269.363, 347.764; 271.616, 346.75; 273.847, 345.693; 276.055, 344.596; 278.238, 343.459; 280.397, 342.286; 282.53, 341.076; 284.636, 339.831; 286.715, 338.554; 288.766, 337.246; 290.789, 335.908; 292.781, 334.542; 294.744, 333.149; 296.675, 331.732; 298.574, 330.291; 300.441, 328.828; 302.274, 327.346; 304.072, 325.844; 305.836, 324.326; 307.564, 322.792; 309.255, 321.244; 310.909, 319.684; 312.525, 318.113; 314.102, 316.533; 315.639, 314.945; 317.136, 313.351; 318.592, 311.753; 320.005, 310.152; 321.376, 308.549; 322.703, 306.947; 323.986, 305.346; 325.223, 303.749; 326.415, 302.157; 327.56, 300.572; 328.657, 298.995; 329.707, 297.427; 330.707, 295.871; 331.657, 294.327; 332.557, 292.798; 333.406, 291.285; 334.202, 289.79; 334.945, 288.313; 335.635, 286.858; 336.271, 285.424; 336.851, 284.015; 337.375, 282.631; 337.842, 281.274; 338.251, 279.945; 338.603, 278.647; 338.895, 277.38; 339.127, 276.147; 339.299, 