boundaryCurve{1} = [81.8, 364.7; 81.6438, 364.45; 81.4566, 364.149; 81.2392, 363.796; 80.9926, 363.393; 80.7178, 362.939; 80.4157, 362.436; 80.0871, 361.884; 79.7332, 361.282; 79.3547, 360.633; 78.9526, 359.935; 78.528, 359.191; 78.0816, 358.399; 77.6144, 357.561; 77.1274, 356.677; 76.6216, 355.747; 76.0977, 354.773; 75.5569, 353.754; 75, 352.691; 74.4279, 351.584; 73.8416, 350.434; 73.2421, 349.242; 72.6302, 348.007; 72.007, 346.731; 71.3732, 345.414; 70.73, 344.055; 70.0782, 342.657; 69.4187, 341.219; 68.7525, 339.741; 68.0805, 338.225; 67.4037, 336.67; 66.723, 335.077; 66.0393, 333.447; 65.3536, 331.78; 64.6668, 330.077; 63.9798, 328.337; 63.2936, 326.562; 62.6092, 324.752; 61.9274, 322.907; 61.2491, 321.028; 60.5754, 319.116; 59.9072, 317.17; 59.2454, 315.192; 58.5909, 313.181; 57.9447, 311.139; 57.3077, 309.065; 56.6808, 306.961; 56.065, 304.826; 55.4613, 302.662; 54.8705, 300.468; 54.2936, 298.245; 53.7315, 295.994; 53.1852, 293.715; 52.6556, 291.408; 52.1436, 289.074; 51.6503, 286.714; 51.1764, 284.328; 50.723, 281.916; 50.2909, 279.479; 49.8812, 277.017; 49.4948, 274.531; 49.1325, 272.021; 48.7954, 269.489; 48.4843, 266.933; 48.2003, 264.355; 47.9442, 261.756; 47.717, 259.135; 47.5196, 256.493; 47.353, 253.831; 47.218, 251.149; 47.1157, 248.447; 47.0469, 245.727; 47.0126, 242.988; 47.0138, 240.231; 47.0514, 237.456; 47.1262, 234.664; 47.2393, 231.856; 47.3916, 229.032; 47.584, 226.192; 47.8175, 223.336; 48.093, 220.467; 48.4114, 217.582; 48.7736, 214.684; 49.1807, 211.773; 49.6335, 208.849; 50.133, 205.913; 50.6801, 202.965; 51.2757, 200.005; 51.9208, 197.035; 52.6164, 194.054; 53.3158, 191.248; 53.8731, 189.13; 54.4523, 187.025; 55.0531, 184.931; 55.6755, 182.849; 56.3192, 180.78; 56.9841, 178.723; 57.6701, 176.679; 58.3769, 174.648; 59.1045, 172.629; 59.8526, 170.624; 60.6211, 168.632; 61.4098, 166.653; 62.2186, 164.688; 63.0474, 162.737; 63.8958, 160.799; 64.7639, 158.876; 65.6514, 156.966; 66.5582, 155.071; 67.4841, 153.191; 68.429, 151.325; 69.3927, 149.473; 70.375, 147.637; 71.3757, 145.816; 72.3948, 144.01; 73.4321, 142.22; 74.4873, 140.445; 75.5604, 138.686; 76.6512, 136.943; 77.7594, 135.215; 78.8851, 133.504; 80.0279, 131.809; 81.1877, 130.131; 82.3645, 128.47; 83.5579, 126.825; 84.7679, 125.197; 85.9944, 123.586; 87.237, 121.993; 88.4957, 120.417; 89.7703, 118.859; 91.0607, 117.318; 92.3667, 115.795; 93.6881, 114.291; 95.0249, 112.804; 96.3767, 111.336; 97.7434, 109.886; 99.125, 108.455; 100.521, 107.043; 101.932, 105.65; 103.357, 104.276; 104.796, 102.921; 106.249, 101.586; 107.716, 100.27; 109.197, 98.9743; 110.691, 97.6983; 112.199, 96.4423; 113.719, 95.2065; 115.253, 93.9912; 116.8, 92.7963; 118.359, 91.6222; 119.931, 90.4688; 121.515, 89.3365; 123.112, 88.2253; 124.72, 87.1354; 126.341, 86.067; 127.973, 85.0202; 129.617, 83.9952; 131.273, 82.9921; 132.939, 82.0111; 134.617, 81.0523; 136.306, 80.1159; 138.005, 79.202; 139.715, 78.3108; 141.436, 77.4425; 143.167, 76.5973; 144.908, 75.7751; 146.659, 74.9763; 148.42, 74.201; 150.19, 73.4493; 151.97, 72.7214; 153.76, 72.0174; 155.558, 71.3375; 157.366, 70.6819; 159.183, 70.0507; 161.008, 69.444; 162.842, 68.8621; 164.684, 68.305; 166.534, 67.773; 168.393, 67.2661; 170.259, 66.7846; 172.134, 66.3286; 174.015, 65.8982; 175.905, 65.4936; 177.801, 65.115; 179.705, 64.7625; 181.615, 64.4362; 183.533, 64.1364; 185.457, 63.8632; 187.387, 63.6166; 189.324, 63.397; 191.267, 63.2044; 193.216, 63.039; 195.171, 62.901; 197.131, 62.7905; 199.097, 62.7076; 201.069, 62.6526; 203.045, 62.6255; 205.027, 62.6265; 207.013, 62.6559; 209.004, 62.7136; 211, 62.8; ];
boundaryCurve{2} = [69.9, 164.4; 70.7006, 163.141; 71.5312, 161.853; 72.3917, 160.537; 73.2825, 159.194; 74.2036, 157.825; 75.1551, 156.432; 76.1373, 155.016; 77.1503, 153.578; 78.1942, 152.118; 79.2691, 150.64; 80.3752, 149.142; 81.5127, 147.628; 82.6817, 146.097; 83.8823, 144.551; 85.1147, 142.991; 86.379, 141.419; 87.6754, 139.836; 89.0041, 138.242; 90.3651, 136.639; 91.7586, 135.028; 93.1848, 133.411; 94.6437, 131.788; 96.1357, 130.16; 97.6607, 128.53; 99.219, 126.898; 100.811, 125.265; 102.436, 123.632; 104.095, 122.001; 105.787, 120.372; 107.514, 118.748; 109.275, 117.129; 111.07, 115.516; 113.234, 113.63; 115.423, 111.777; 117.61, 109.978; 119.794, 108.233; 121.974, 106.541; 124.15, 104.9; 126.32, 103.311; 128.484, 101.771; 130.641, 100.281; 132.791, 98.8391; 134.932, 97.4446; 137.064, 96.0967; 139.187, 94.7945; 141.298, 93.5371; 143.398, 92.3237; 145.486, 91.1533; 147.561, 90.025; 149.622, 88.9381; 151.669, 87.8916; 153.7, 86.8847; 155.715, 85.9164; 157.714, 84.9859; 159.695, 84.0923; 161.657, 83.2347; 163.601, 82.4123; 165.525, 81.6241; 167.428, 80.8693; 169.309, 80.1471; 171.169, 79.4565; 173.006, 78.7966; 174.819, 78.1666; 176.607, 77.5656; 178.37, 76.9927; 180.108, 76.447; 181.818, 75.9277; 183.501, 75.4339; 185.156, 74.9647; 186.782, 74.5192; 188.378, 74.0966; 189.944, 73.6959; 191.478, 73.3163; 192.98, 72.9569; 194.449, 72.6168; 195.885, 72.2952; 197.286, 71.9911; 198.653, 71.7037; 199.983, 71.4322; 201.276, 71.1755; 202.533, 70.933; 203.751, 70.7036; 204.93, 70.4864; 206.069, 70.2808; 207.168, 70.0856; 208.225, 69.9001; 209.518, 69.6797; 211.145, 69.4209; 212.766, 69.1827; 214.383, 68.9648; 215.998, 68.767; 217.612, 68.5887; 219.227, 68.4298; 220.845, 68.29; 222.469, 68.1689; 224.099, 68.0662; 225.738, 67.9815; 227.388, 67.9147; 229.05, 67.8653; 230.726, 67.833; 232.418, 67.8176; 234.129, 67.8187; 235.859, 67.836; 237.611, 67.8691; 239.387, 67.9179; 241.188, 67.9819; 243.017, 68.0608; 244.874, 68.1543; 246.763, 68.2622; 248.684, 68.384; 250.641, 68.5195; 252.634, 68.6684; 254.665, 68.8303; 256.737, 69.005; 258.851, 69.192; 261.009, 69.3912; 263.213, 69.6021; 265.464, 69.8245; 267.766, 70.0581; 270.118, 70.3025; 272.525, 70.5574; 274.986, 70.8225; 277.504, 71.0975; 280.082, 71.3821; 282.72, 71.6759; 285.421, 71.9787; 288.186, 72.2902; 291.018, 72.6099; 293.86, 72.9341; 296.601, 73.261; 299.284, 73.5955; 301.91, 73.9378; 304.481, 74.288; 306.998, 74.6463; 309.462, 75.0128; 311.875, 75.3878; 314.239, 75.7713; 316.553, 76.1634; 318.82, 76.5645; 321.041, 76.9745; 323.217, 77.3937; 325.35, 77.8221; 327.44, 78.2601; 329.49, 78.7076; 331.5, 79.1649; 333.471, 79.6321; 335.406, 80.1093; 337.305, 80.5968; 339.17, 81.0947; 341.001, 81.603; 342.801, 82.122; 344.57, 82.6519; 346.31, 83.1927; 348.023, 83.7446; 349.708, 84.3078; 351.369, 84.8825; 353.005, 85.4687; 354.619, 86.0667; 356.211, 86.6765; 357.784, 87.2984; 359.338, 87.9324; 360.874, 88.5788; 362.394, 89.2377; 363.899, 89.9092; 365.391, 90.5935; 366.87, 91.2908; 368.339, 92.0012; 369.798, 92.7248; 371.248, 93.4618; 372.692, 94.2124; 374.298, 95.0655; 376.425, 96.2209; 378.482, 97.3723; 380.469, 98.5161; 382.384, 99.649; 384.228, 100.768; 386, 101.869; 387.698, 102.949; 389.321, 104.005; 390.87, 105.033; 392.343, 106.029; 393.74, 106.992; 395.059, 107.917; 396.3, 108.8; ];
