boundaryCurve{1} = [32.289, 39.132; 31.2268, 36.9702; 29.9922, 35.0801; 28.6121, 33.4719; 27.1131, 32.1556; 25.5222, 31.1415; 23.8662, 30.4398; 22.1719, 30.0606; 20.4441, 30.0141; 18.6878, 30.2997; 16.9623, 30.897; 15.2806, 31.7843; 13.6556, 32.9396; 12.1002, 34.3412; 10.6274, 35.967; 9.25003, 37.7952; 8.27198, 39.3159; 7.36895, 40.9306; 6.53796, 42.6476; 5.78852, 44.4572; 5.13011, 46.3496; 4.57226, 48.315; 4.12446, 50.3435; 3.79621, 52.4255; 3.59703, 54.5512; 3.53645, 56.7143; 3.62895, 58.9436; 3.87426, 61.1326; 4.26287, 63.2655; 4.78527, 65.3265; 5.43195, 67.3; 6.19341, 69.1701; 7.06012, 70.921; 8.02259, 72.5369; 9.0713, 74.0022; 10.1967, 75.3009; 11.6503, 76.6364; 13.4031, 77.8493; 15.228, 78.7342; 17.1049, 79.3016; 19.0134, 79.5619; 20.9334, 79.5257; 22.8447, 79.2036; 24.727, 78.606; ];
boundaryCurve{2} = [31.569, 42.67; 30.1051, 40.8023; 28.5434, 39.1735; 26.8978, 37.7854; 25.1822, 36.6397; 23.4104, 35.738; 21.5962, 35.0821; 19.7536, 34.6736; 17.8964, 34.5144; 16.0383, 34.6062; 14.1934, 34.9505; 12.3754, 35.5492; 10.5983, 36.4039; 8.87577, 37.5165; 7.22178, 38.8884; 5.81207, 40.3355; 4.60519, 41.8325; 3.50085, 43.5156; 2.53365, 45.3959; 1.76587, 47.3985; 1.24403, 49.2989; 0.865401, 51.2902; 0.62307, 53.3419; 0.510138, 55.4236; 0.535996, 57.8164; 0.724583, 60.1747; 1.06648, 62.4776; 1.55209, 64.7121; 2.17182, 66.8649; 2.91607, 68.923; 3.77523, 70.8732; 4.73971, 72.7022; 5.79992, 74.3971; 6.94625, 75.9445; 8.1691, 77.3314; 9.45888, 78.5447; 10.806, 79.571; 12.2008, 80.3974; 13.6612, 81.0202; 15.4547, 81.49; 17.2586, 81.6731; 19.0633, 81.5824; 20.8591, 81.2311; 22.6364, 80.632; 24.3854, 79.7983; 26.0964, 78.7429; 27.76, 77.4788; 29.3662, 76.0191; 30.9056, 74.3767; 32.3684, 72.5647; 33.745, 70.596; ];
boundaryCurve{3} = [33.655, 52.567; 32.0843, 51.8423; 30.5266, 50.937; 29.0171, 49.8386; 27.5907, 48.5343; 26.2826, 47.0115; 25.1277, 45.2574; 24.1612, 43.2594; 23.418, 41.0047; 22.9838, 38.8451; 22.7785, 36.8378; 22.7265, 34.7966; 22.8057, 32.7501; 23.0003, 30.6738; 23.3218, 28.484; 23.7559, 26.3447; 24.2993, 24.2735; 24.9486, 22.288; 25.7005, 20.4058; 26.5516, 18.6445; 27.4985, 17.0217; 28.5381, 15.555; 29.9505, 13.9819; 31.646, 12.6016; 33.4432, 11.6232; 35.3032, 11.0691; 37.1872, 10.9618; 39.0566, 11.324; 40.7516, 12.103; 42.1665, 13.1231; 43.4927, 14.4218; 44.721, 15.968; 45.8423, 17.7308; 46.8472, 19.6796; 47.7267, 21.7832; 48.4151, 23.8192; 48.9376, 25.7044; 49.3779, 27.6435; 49.7397, 29.6278; 50.0266, 31.6483; 50.2423, 33.6963; 50.3903, 35.763; 50.4743, 37.8395; 50.498, 39.917; ];
boundaryCurve{4} = [25.726, 46.662; 24.8046, 45.1367; 24.0167, 43.432; 23.3611, 41.5782; 22.837, 39.6053; 22.4432, 37.5434; 22.1788, 35.4225; 22.0427, 33.2727; 22.0295, 31.1872; 22.1182, 29.1396; 22.2991, 27.1076; 22.5638, 25.0956; 22.9037, 23.1085; 23.3105, 21.1506; 23.7756, 19.2268; 24.3013, 17.3046; 25.0114, 15.0329; 25.8156, 12.8164; 26.711, 10.6863; 27.6949, 8.6741; 28.7644, 6.81107; 29.9167, 5.12855; 31.1489, 3.65789; 32.4583, 2.43043; 33.842, 1.4775; 35.2972, 0.830463; 36.843, 0.519203; 38.4773, 0.600974; 40.074, 1.0813; 41.6189, 1.92395; 43.0975, 3.0927; 44.4955, 4.55134; 45.7986, 6.26364; 46.9924, 8.19338; 48.0625, 10.3043; 48.9919, 12.553; 49.6147, 14.3541; 50.1702, 16.2051; 50.6637, 18.1006; 51.1006, 20.0354; 51.4862, 22.0042; 51.8259, 24.0017; 52.125, 26.0226; 52.3889, 28.0617; 52.6228, 30.1136; 52.8323, 32.1732; 53.0226, 34.2351; 53.199, 36.294; ];
boundaryCurve{5} = [22.651, 39.577; 22.0917, 37.7591; 21.7698, 35.8363; 21.6565, 33.8359; 21.723, 31.7856; 21.9407, 29.713; 22.2806, 27.6456; 22.7142, 25.6109; 23.2126, 23.6366; 23.7739, 21.6467; 24.3871, 19.609; 25.0385, 17.6011; 25.7348, 15.6375; 26.4828, 13.7327; 27.2892, 11.9013; 28.1609, 10.1579; 29.1045, 8.51712; 30.2605, 6.81577; 31.7483, 5.07269; 33.3588, 3.64727; 35.061, 2.59395; 36.8237, 1.96721; 38.6159, 1.82149; 40.3598, 2.19364; 41.8353, 2.94728; 43.2191, 4.05478; 44.5025, 5.47173; 45.6771, 7.15371; 46.734, 9.05632; 47.6647, 11.1351; 48.4605, 13.3458; 49.0181, 15.2431; 49.4917, 17.1567; 49.8996, 19.111; 50.2499, 21.0992; 50.5508, 23.1145; 50.8105, 25.1501; 51.0371, 27.1991; 51.2389, 29.2547; 51.424, 31.31; ];
boundaryCurve{6} = [48.626, 36.996; 48.8258, 34.8247; 49.2138, 32.7324; 49.769, 30.7335; 50.4703, 28.8422; 51.2965, 27.0727; 52.2267, 25.4392; 53.2397, 23.9561; 54.5909, 22.3083; 56.0237, 20.8358; 57.5142, 19.5086; 59.0444, 18.2885; 60.5961, 17.1376; 62.2152, 15.9754; 63.965, 14.8252; 65.759, 13.9614; 67.6024, 13.6018; 69.3291, 13.8829; 70.9775, 14.7286; 72.5215, 16.0481; 73.9279, 17.7507; 75.0025, 19.4529; 75.8223, 21.0682; 76.5421, 22.8039; 77.1597, 24.6429; 77.6728, 26.5679; 78.079, 28.5617; 78.3759, 30.6071; 78.5614, 32.6868; 78.633, 34.7836; 78.5885, 36.8803; 78.4255, 38.9597; 78.1417, 41.0046; 77.7249, 43.0393; 77.0546, 45.386; 76.218, 47.5817; 75.2314, 49.6068; 74.1112, 51.4419; 72.8738, 53.0675; 71.5357, 54.4641; 70.1132, 55.6124; 68.6229, 56.4927; 67.081, 57.0858; 65.504, 57.372; ];
boundaryCurve{7} = [37.703, 55.867; 38.5374, 57.6041; 39.3188, 59.4014; 40.049, 61.254; 40.7295, 63.1574; 41.3619, 65.107; 41.948, 67.0979; 42.4894, 69.1256; 42.9877, 71.1854; 43.4445, 73.2727; 43.8615, 75.3827; 44.2404, 77.5107; 44.5827, 79.6522; 44.8769, 81.7004; 45.1411, 83.7402; 45.3802, 85.7879; 45.5965, 87.8424; 45.7922, 89.9031; 45.9696, 91.9691; 46.131, 94.0395; 46.2787, 96.1134; 46.4149, 98.1902; 46.5418, 100.269; 46.6618, 102.349; 46.7771, 104.429; 46.89, 106.508; ];
boundaryCurve{8} = [40.57, 55.455; 41.4922, 57.1069; 42.3886, 58.8035; 43.2584, 60.5508; 44.1009, 62.3552; 44.9156, 64.223; 45.7017, 66.1603; 46.4585, 68.1735; 47.1854, 70.2687; 47.8816, 72.4523; 48.116, 73.232; 48.3424, 71.7767; 48.7339, 69.5683; 49.1786, 67.387; 49.6755, 65.236; 50.2233, 63.1181; 50.8211, 61.0362; 51.4675, 58.9933; 52.1616, 56.9923; 52.9022, 55.0361; 53.6881, 53.1278; 54.5183, 51.2702; 55.3915, 49.4662; 56.3068, 47.7188; 57.2629, 46.031; 58.2587, 44.4056; 59.2931, 42.8456; 60.365, 41.354; ];
boundaryCurve{9} = [58.208, 49.576; 57.3798, 51.112; 56.5977, 52.7109; 55.8624, 54.37; 55.1748, 56.0866; 54.5357, 57.8578; 53.9461, 59.681; 53.4067, 61.5534; 52.9184, 63.4723; 52.4822, 65.4349; 52.0987, 67.4386; 51.7689, 69.4805; 51.4936, 71.558; 51.2737, 73.6683; 51.11, 75.8087; 51.0034, 77.9764; 50.9547, 80.1687; 50.9648, 82.3828; 51.0346, 84.6161; 52.1932, 85.4671; 54.0229, 85.0977; 55.8183, 84.3869; 57.5674, 83.3755; 59.2583, 82.1039; 60.8788, 80.6128; 62.2131, 79.1839; 63.4647, 77.6883; 64.6769, 76.1061; 65.8564, 74.454; 67.0098, 72.7492; 68.1438, 71.0085; 69.265, 69.249; ];
boundaryCurve{10} = [70.715, 73.426; 69.4521, 75.0531; 68.1892, 76.6802; 66.9263, 78.3073; 65.6634, 79.9344; 64.4006, 81.5616; 63.1377, 83.1887; 61.8748, 84.8158; 60.6119, 86.4429; 59.349, 88.07; ];
boundaryCurve{11} = [47.428, 92.527; 47.6398, 94.5245; 47.6878, 96.5497; 47.6089, 98.5875; 47.4402, 100.623; 47.2187, 102.64; 46.9717, 104.67; 46.7095, 106.694; 46.433, 108.714; 46.1434, 110.728; 45.8417, 112.738; 45.529, 114.743; 45.2063, 116.745; 44.8747, 118.743; 44.5353, 120.738; 44.1892, 122.729; 43.8374, 124.718; 43.481, 126.704; ];
boundaryCurve{12} = [30.18, 77.097; 28.838, 78.0961; 27.6462, 79.5035; 26.6035, 81.2374; 25.7085, 83.2162; 24.9601, 85.358; 24.4016, 87.3929; 23.9876, 89.3547; 23.7015, 91.3683; 23.5738, 93.4067; 23.6351, 95.443; 23.9339, 97.5413; 24.4979, 99.6026; 25.278, 101.48; 26.2326, 103.143; 27.4928, 104.754; 29.1316, 106.226; 30.8949, 107.26; 32.7439, 107.882; 34.6401, 108.12; 36.5445, 108.001; 38.4004, 107.559; 40.1733, 106.868; 41.9105, 105.966; 43.6157, 104.891; 45.2926, 103.681; 46.9451, 102.376; 48.577, 101.013; ];
