boundaryCurve{1} = [72.4, 72.1; 71.1805, 70.4947; 69.8051, 69.0334; 68.2902, 67.72; 66.6521, 66.5588; 64.907, 65.5536; 63.0714, 64.7087; 61.1613, 64.0281; 59.1932, 63.5159; 57.1834, 63.1761; 55.1481, 63.0128; 53.1151, 63.016; 51.1075, 63.1697; 49.1209, 63.4806; 47.1627, 63.9414; 45.24, 64.5451; 43.36, 65.2844; 41.5297, 66.1522; 39.7565, 67.1412; 38.0475, 68.2444; 36.4099, 69.4544; 34.8508, 70.7642; 33.3803, 72.1644; 31.9927, 73.6626; 30.7013, 75.2512; 29.52, 76.9217; 28.4629, 78.6655; 27.5442, 80.474; 26.7778, 82.3388; 26.1779, 84.2513; 25.7586, 86.2029; 25.5338, 88.1851; 25.5093, 90.1966; 25.6778, 92.2135; 26.0489, 94.1934; 26.6113, 96.1249; 27.3536, 97.9964; 28.2641, 99.7965; 29.3316, 101.514; 30.5445, 103.137; 31.8914, 104.654; 33.3608, 106.054; 34.9413, 107.326; 36.6214, 108.457; 38.3825, 109.438; 40.207, 110.278; 42.0875, 110.982; 44.0153, 111.551; 45.9819, 111.989; 47.9783, 112.298; 49.9961, 112.482; 52.0265, 112.542; 54.0607, 112.481; 56.0902, 112.302; 58.1062, 112.007; 60.1, 111.6; ];
boundaryCurve{2} = [71.2, 75.6; 69.6269, 74.3262; 67.9802, 73.1585; 66.2666, 72.0974; 64.4926, 71.1435; 62.6649, 70.2971; 60.7902, 69.5587; 58.875, 68.9289; 56.9259, 68.408; 54.9497, 67.9966; 52.9529, 67.695; 50.9422, 67.5039; 48.9241, 67.4236; 46.9054, 67.4547; 44.8927, 67.5975; 42.8925, 67.8526; 40.9116, 68.2204; 38.9564, 68.7015; 37.0338, 69.2961; 35.1502, 70.005; 33.3124, 70.8284; 31.5269, 71.7669; 29.8025, 72.821; 28.1456, 73.9885; 26.5791, 75.274; 25.1398, 76.6857; 23.8641, 78.2318; 22.7882, 79.9205; 21.8917, 81.7462; 21.2278, 83.6598; 20.7826, 85.6265; 20.542, 87.6113; 20.4945, 89.6149; 20.6368, 91.6144; 20.9607, 93.5805; 21.4568, 95.5057; 22.1161, 97.3821; 22.9296, 99.2021; 23.888, 100.958; 24.9824, 102.642; 26.2035, 104.246; 27.5422, 105.763; 28.9895, 107.185; 30.5363, 108.504; 32.1734, 109.713; 33.8917, 110.804; 35.6821, 111.769; 37.5355, 112.6; 39.4427, 113.289; 41.3948, 113.83; 43.3684, 114.221; 45.3533, 114.477; 47.3458, 114.602; 49.3408, 114.601; 51.3334, 114.477; 53.3183, 114.235; 55.2905, 113.878; 57.2451, 113.411; 59.1768, 112.836; 61.0806, 112.159; 62.9515, 111.382; 64.7844, 110.51; 66.5743, 109.547; 68.316, 108.497; 70.0045, 107.363; 71.6347, 106.15; 73.2015, 104.861; 74.7, 103.5; ];
boundaryCurve{3} = [74.6, 85.5; 72.6466, 84.9582; 70.6942, 84.315; 68.7689, 83.5639; 66.8967, 82.6984; 65.1037, 81.7124; 63.4159, 80.5992; 61.8594, 79.3526; 60.4603, 77.9661; 59.2445, 76.4333; 58.2381, 74.7479; 57.4696, 72.9042; 57.0048, 70.9689; 56.7882, 68.9865; 56.7917, 66.9712; 56.9875, 64.9368; 57.3507, 62.931; 57.8676, 60.9731; 58.5324, 59.0611; 59.3403, 57.207; 60.2867, 55.4229; 61.3668, 53.7211; 62.5758, 52.1136; 63.9092, 50.6125; 65.362, 49.2301; 66.9298, 47.9783; 68.6117, 46.8733; 70.3927, 45.9306; 72.2552, 45.1564; 74.1817, 44.5566; 76.1545, 44.1375; 78.156, 43.9051; 80.1687, 43.8654; 82.1748, 44.0247; 84.1568, 44.3889; 86.0902, 44.9593; 87.9399, 45.7239; 89.7007, 46.6716; 91.3652, 47.7871; 92.9263, 49.055; 94.3767, 50.46; 95.7093, 51.9868; 96.9167, 53.6199; 97.9919, 55.3441; 98.9327, 57.1465; 99.7426, 59.0029; 100.425, 60.9026; 100.985, 62.8382; 101.426, 64.8026; 101.754, 66.7882; 101.972, 68.7879; 102.086, 70.7943; 102.1, 72.8; ];
boundaryCurve{4} = [61.7, 79.6; 60.2914, 78.1665; 59.0709, 76.579; 58.0384, 74.8617; 57.1939, 73.0387; 56.5374, 71.1342; 56.0689, 69.1723; 55.7885, 67.1771; 55.6954, 65.1726; 55.7664, 63.1713; 55.9818, 61.1777; 56.3302, 59.1982; 56.8002, 57.2391; 57.3803, 55.3067; 58.0591, 53.4074; 58.8251, 51.5477; 59.6744, 49.7237; 60.6242, 47.9168; 61.6706, 46.1457; 62.8114, 44.4266; 64.0442, 42.7756; 65.3665, 41.2088; 66.7761, 39.7422; 68.2705, 38.3921; 69.8475, 37.1744; 71.5045, 36.1053; 73.2393, 35.2009; 75.0495, 34.4773; 76.9328, 33.9506; 78.8866, 33.6369; 80.8877, 33.5418; 82.8653, 33.6777; 84.8064, 34.033; 86.7014, 34.5925; 88.5408, 35.3411; 90.3152, 36.2636; 92.0151, 37.3448; 93.631, 38.5695; 95.1533, 39.9226; 96.5727, 41.3888; 97.8796, 42.953; 99.0646, 44.6; 100.12, 46.3123; 101.063, 48.0724; 101.908, 49.8771; 102.662, 51.7217; 103.332, 53.602; 103.927, 55.5135; 104.453, 57.4519; 104.919, 59.4127; 105.332, 61.3916; 105.698, 63.3842; 106.027, 65.386; 106.325, 67.3928; 106.6, 69.4; ];
boundaryCurve{5} = [56.7, 72.5; 55.7923, 70.7394; 55.2572, 68.8705; 55.0511, 66.9211; 55.1308, 64.9188; 55.4527, 62.8914; 55.9735, 60.8665; 56.6499, 58.8718; 57.4383, 56.9351; 58.2931, 55.0729; 59.1814, 53.2308; 60.1117, 51.4101; 61.0938, 49.621; 62.1373, 47.8742; 63.2519, 46.1801; 64.4471, 44.549; 65.7327, 42.9915; 67.1182, 41.518; 68.6143, 40.1387; 70.2283, 38.8712; 71.9462, 37.7369; 73.7519, 36.7546; 75.6291, 35.9427; 77.5617, 35.3199; 79.5335, 34.9048; 81.5284, 34.7158; 83.5302, 34.7717; 85.5261, 35.09; 87.4681, 35.6599; 89.3102, 36.4572; 91.0476, 37.4605; 92.6755, 38.6482; 94.1891, 39.9989; 95.5836, 41.4911; 96.8544, 43.1033; 97.9965, 44.814; 99.0017, 46.6015; 99.8513, 48.442; 100.591, 50.3259; 101.233, 52.2471; 101.79, 54.1992; 102.272, 56.1757; 102.692, 58.1704; 103.063, 60.1769; 103.394, 62.1889; 103.7, 64.2; ];
boundaryCurve{6} = [99.1, 69.9; 99.3903, 67.9189; 99.9345, 66.0068; 100.707, 64.1726; 101.681, 62.4254; 102.832, 60.7742; 104.134, 59.228; 105.561, 57.7958; 107.087, 56.4867; 108.689, 55.296; 110.357, 54.2055; 112.083, 53.1998; 113.855, 52.2637; 115.662, 51.3816; 117.496, 50.5382; 119.345, 49.7181; 121.196, 48.9104; 123.061, 48.1362; 124.954, 47.4499; 126.88, 46.9109; 128.843, 46.5784; 130.846, 46.5118; 132.832, 46.7519; 134.751, 47.2766; 136.591, 48.0535; 138.334, 49.0502; 139.967, 50.2341; 141.474, 51.5732; 142.823, 53.0489; 144.027, 54.6432; 145.082, 56.3412; 145.985, 58.128; 146.732, 59.9886; 147.32, 61.9081; 147.746, 63.8716; 148.005, 65.8642; 148.094, 67.871; 148.01, 69.8771; 147.75, 71.8675; 147.309, 73.8274; 146.684, 75.7417; 145.878, 77.5868; 144.904, 79.342; 143.775, 80.9987; 142.503, 82.5485; 141.102, 83.9832; 139.582, 85.2941; 137.957, 86.4729; 136.24, 87.5112; 134.442, 88.4006; 132.577, 89.1325; 130.657, 89.6987; 128.693, 90.0907; 126.7, 90.3; ];
boundaryCurve{7} = [81.2, 88.8; 82.4773, 90.4209; 83.6787, 92.0949; 84.8062, 93.818; 85.8621, 95.5865; 86.8485, 97.3966; 87.7678, 99.2444; 88.6219, 101.126; 89.4132, 103.038; 90.1438, 104.976; 90.8159, 106.936; 91.4317, 108.915; 91.9934, 110.909; 92.5032, 112.913; 92.9648, 114.924; 93.3839, 116.941; 93.764, 118.964; 94.1086, 120.994; 94.4213, 123.03; 94.7057, 125.071; 94.9653, 127.118; 95.2035, 129.171; 95.4241, 131.228; 95.6305, 133.29; 95.8262, 135.356; 96.0149, 137.426; 96.2, 139.5; ];
boundaryCurve{8} = [85.9, 88.4; 87.2086, 89.8228; 88.4815, 91.2757; 89.7188, 92.7634; 90.9204, 94.2907; 92.0864, 95.8622; 93.2168, 97.4825; 94.3116, 99.1565; 95.3707, 100.889; 96.3942, 102.684; 97.382, 104.547; 98.2, 106.2; 98.2681, 105.922; 98.7811, 103.99; 99.36, 102.076; 100.004, 100.183; 100.711, 98.3125; 101.481, 96.4665; 102.312, 94.6471; 103.203, 92.8561; 104.154, 91.0955; 105.163, 89.3674; 106.229, 87.6736; 107.35, 86.0161; 108.527, 84.3969; 109.756, 82.818; 111.039, 81.2813; 112.373, 79.7888; 113.757, 78.3424; 115.19, 76.9442; 116.672, 75.5961; 118.2, 74.3; ];
boundaryCurve{9} = [114.7, 82.5; 113.392, 83.983; 112.154, 85.525; 110.987, 87.1236; 109.892, 88.7763; 108.87, 90.4808; 107.924, 92.2345; 107.055, 94.035; 106.263, 95.8799; 105.551, 97.7666; 104.919, 99.6928; 104.37, 101.656; 103.904, 103.654; 103.523, 105.684; 103.229, 107.743; 103.022, 109.83; 102.904, 111.941; 102.877, 114.075; 102.942, 116.229; 103.1, 118.4; 105.138, 118.346; 107.16, 118.122; 109.161, 117.739; 111.133, 117.209; 113.07, 116.544; 114.964, 115.755; 116.81, 114.854; 118.599, 113.853; 120.332, 112.762; 122.017, 111.596; 123.659, 110.369; 125.26, 109.089; 126.825, 107.764; 128.358, 106.404; 129.862, 105.017; 131.341, 103.613; 132.8, 102.2; ];
boundaryCurve{10} = [135.1, 106.4; 133.409, 107.736; 131.718, 109.072; 130.027, 110.407; 128.336, 111.741; 126.645, 113.072; 124.955, 114.402; 123.264, 115.729; 121.573, 117.052; 119.882, 118.373; 118.191, 119.689; 116.5, 121; ];
