segmentsStart = [219.29, 360.26; 219.29, 360.26; 522.96, 437.71; 522.96, 437.71; 320.08, 507.57; 320.08, 507.57; 521.83, 440.05; 521.83, 440.05; 222.57, 358.89; 222.57, 358.89; 213.35, 396.66; 213.35, 396.66; 202.43, 391.66; 202.43, 391.66; 294.93, 329.02; 294.93, 329.02; 301.79, 358.34; 301.79, 358.34; 203.69, 449.79; 203.69, 449.79; 193.34, 441.75; 193.34, 441.75; 192.09, 327.96; 192.09, 327.96; 230.59, 294.12; 230.59, 294.12; 378.41, 365.86; 378.41, 365.86; 375.37, 353.04; 375.37, 353.04; 339.3, 491.27; 339.3, 491.27; 355.07, 477.8; 355.07, 477.8; 265.82, 529.44; 265.82, 529.44; 154.53, 379.75; 154.53, 379.75; 153.48, 470.52; 153.48, 470.52; 150.74, 440.17; 150.74, 440.17; 185.61, 503.44; 185.61, 503.44; 192.84, 510.74; 192.84, 510.74; 267.2, 529.6; 267.2, 529.6; 157.36, 374.93; 157.36, 374.93; 200.83, 299.32; 200.83, 299.32; 215.05, 293.08; 215.05, 293.08; 297.75, 255.07; 297.75, 255.07; 323.18, 256.23; 323.18, 256.23; 409.49, 275.55; 409.49, 275.55; 401.75, 276.91; 401.75, 276.91; 463.59, 314.51; 463.59, 314.51; 472.18, 325.95; 472.18, 325.95; 507.12, 398.94; 507.12, 398.94; 337.392, 494.022; 337.392, 494.022; 518.879, 440.141; 518.879, 440.141; 518.88, 440.141; 518.88, 440.141; 334.63, 494.6; 334.63, 494.6; 490.3, 357.61; 490.3, 357.61; 518.57, 426.31; 518.57, 426.31; 371.6, 444.3; 371.6, 444.3; 322.69, 295.23; 322.69, 295.23; 363.76, 464.41; 363.76, 464.41; 211.23, 523.22; 211.23, 523.22; 320.17, 508.69; 320.17, 508.69; 211.44, 454.3; 211.44, 454.3; 296.62, 395.36; 296.62, 395.36; 278.14, 306.54; 278.14, 306.54; 303.79, 362.03; 303.79, 362.03; 235.72, 378.19; 235.72, 378.19; 282.03, 313.72; 282.03, 313.72; 169.05, 382.18; 169.05, 382.18; 251.92, 446.16; 251.92, 446.16; 290.37, 281.18; 290.37, 281.18; 379.35, 367.62; 379.35, 367.62; 235.73, 291.8; 235.73, 291.8; 232.29, 279.89; 232.29, 279.89; 145.67, 422.47; 145.67, 422.47; 621.83, 393.37; 621.83, 393.37; 306.55, 574.15; 306.55, 574.15; 591.23, 390.81; 591.23, 390.81; 614.07, 389.93; 614.07, 389.93; 583.137, 394.481; 583.137, 394.481; 518.561, 447.739; 518.561, 447.739; 518.56, 447.74; 518.56, 447.74; 621.18, 395.85; 621.18, 395.85; 648.53, 438.25; 648.53, 438.25; 648.54, 434.39; 648.54, 434.39; 640.86, 456.51; 640.86, 456.51; 647.96, 442.47; 647.96, 442.47; 572.21, 483.75; 572.21, 483.75; 571.96, 496.44; 571.96, 496.44; 575.33, 480.78; 575.33, 480.78; 554.83, 522.33; 554.83, 522.33; 592.49, 287.19; 592.49, 287.19; 583.93, 410.39; 583.93, 410.39; 598.7, 284.65; 598.7, 284.65; 591.45, 408.38; 591.45, 408.38; 654.02, 296.05; 654.02, 296.05; 610.32, 395.98; 610.32, 395.98; 595.38, 252.39; 595.38, 252.39; 611.46, 276.71; 611.46, 276.71; 660.57, 260.99; 660.57, 260.99; 161.06, 480.01; 161.06, 480.01; 75.48, 519.92; 75.48, 519.92; 548.49, 526.23; 548.49, 526.23; 409.54, 564.73; 409.54, 564.73; 297.88, 575.51; 297.88, 575.51; 411.83, 564.63; 411.83, 564.63; 79.26, 520.45; 79.26, 520.45; 309.93, 569.51; 309.93, 569.51; 156.99, 481.96; 156.99, 481.96; 77.07, 518.56; 77.07, 518.56; 485.43, 344.49; 485.43, 344.49; 519.54, 443.619; 519.54, 443.619; 519.541, 443.62; 519.541, 443.62; 581.78, 393.11; 581.78, 393.11; 592.46, 388.68; 592.46, 388.68; 612.23, 388.22; 612.23, 388.22; 579.75, 396.11; 579.75, 396.11; 519.72, 444.73; 519.72, 444.73; 448.9, 301.77; 448.9, 301.77; 497.41, 368.86; 497.41, 368.86; 369.82, 485.25; 369.82, 485.25; 506.47, 452.89; 506.47, 452.89; 219.81, 363.77; 220.93, 397.14; 220.93, 397.14; 197.25, 342.11; 197.25, 342.11; 294.44, 390.55; 294.44, 390.55; 265.53, 436.58; 265.53, 436.58; 151.41, 387.58; 151.41, 387.58; 240.15, 527.77; 240.15, 527.77; 378.05, 396.97; 378.05, 396.97; 290.44, 520.22; 290.44, 520.22; 229.13, 525.89; 229.13, 525.89; 339.07, 492.46; 339.07, 492.46; 149.04, 463.8; 149.04, 463.8; 208.94, 521.38; 208.94, 521.38; 189.09, 334.13; 189.09, 334.13; 322.86, 292.05; 322.86, 292.05; 365.75, 263.52; 365.75, 263.52; 483.94, 349.93; 483.94, 349.93; 158.81, 478.45; 158.81, 478.45; 71.4409, 520.21; 71.4409, 520.21; 71.4411, 520.21; 71.4411, 520.21; 309.82, 572.86; 309.82, 572.86; 592.36, 280.73; 592.36, 280.73; 588.207, 257.992; 588.207, 257.992; 585.86, 260.47; 585.86, 260.47; 659.092, 261.896; 659.092, 261.896; 596.85, 282.87; 610.22, 400.09; 653.96, 293.6; 653.96, 293.6; 657.05, 295.99; 657.05, 295.99; 599.425, 262.826; 599.425, 262.826; 599.426, 262.828; 599.426, 262.828; 597.832, 269.211; 597.832, 269.211; 595.73, 271.48; 595.73, 271.48; 593.14, 265.48; 593.14, 265.48; 663.7, 269.86; 663.7, 269.86; 661.36, 273.44; 661.36, 273.44; 661.36, 273.438; 661.36, 273.438; 664.219, 269.071; 664.219, 269.071; 664.22, 269.07; 664.22, 269.07; 663.912, 271.225; 663.912, 271.225; 593.68, 438.77; 631.57, 434.23; 601.54, 234.41; 601.54, 234.41; 581.94, 243.32; 581.94, 243.32; 674.65, 247.88; 674.65, 247.88; 690.88, 261.16; 690.88, 261.16; 604.33, 236.37; 576.78, 250.18; 670.54, 244.28; 670.54, 244.28; 599.04, 237.91; 599.04, 237.91; 580.92, 248.82; 580.92, 248.82; 670.21, 245.97; 670.21, 245.97; 689.71, 260.62; 689.71, 260.62; 597.83, 269.214; 597.83, 269.214; 596.871, 270.679; 596.871, 270.679; 663.911, 271.229; 663.911, 271.229; 660.527, 277.85; 660.527, 277.85; 596.87, 270.68; 596.87, 270.68; 595.042, 271.526; 595.042, 271.526; 660.523, 277.852; 660.523, 277.852; 658.571, 278.423; 658.571, 278.423; 595.039, 271.525; 595.039, 271.525; 593.924, 269.897; 593.924, 269.897; 658.568, 278.423; 658.568, 278.423; 661.838, 267.304; 661.838, 267.304; 593.923, 269.893; 593.923, 269.893; 599.342, 267.289; 599.342, 267.289; 661.842, 267.303; 661.842, 267.303; 663.706, 267.632; 663.706, 267.632; 599.34, 267.293; 599.34, 267.293; 594.99, 271.016; 594.99, 271.016; 663.709, 267.634; 663.709, 267.634; 663.716, 274.719; 663.716, 274.719; 594.986, 271.017; 594.986, 271.017; 595.731, 271.479; 595.731, 271.479; 663.714, 274.723; 663.714, 274.723; 657.531, 276.778; 657.531, 276.778; 657.53, 276.775; 657.53, 276.775; 659.026, 271.218; 659.026, 271.218; 659.028, 271.214; 659.028, 271.214; 659.422, 278.866; 659.422, 278.866; 659.418, 278.867; 659.418, 278.867; 658.46, 272.19; 658.46, 272.19; ];
