segmentsStart = [219.29, 360.26; 219.29, 360.26; 522.96, 437.66; 522.96, 437.66; 320.08, 507.57; 320.08, 507.57; 521.85, 440.03; 521.85, 440.03; 222.57, 358.89; 222.57, 358.89; 213.33, 396.66; 213.33, 396.66; 202.43, 391.66; 202.43, 391.66; 294.93, 329.02; 294.93, 329.02; 301.79, 358.34; 301.79, 358.34; 203.64, 449.81; 203.64, 449.81; 193.34, 441.75; 193.34, 441.75; 192.1, 327.95; 192.1, 327.95; 230.59, 294.12; 230.59, 294.12; 378.41, 365.85; 378.41, 365.85; 375.37, 353.04; 375.37, 353.04; 339.29, 491.29; 339.29, 491.29; 355.07, 477.8; 355.07, 477.8; 265.83, 529.44; 265.83, 529.44; 154.53, 379.75; 154.53, 379.75; 153.48, 470.53; 153.48, 470.53; 150.74, 440.17; 150.74, 440.17; 185.58, 503.43; 185.58, 503.43; 192.84, 510.74; 192.84, 510.74; 267.19, 529.6; 267.19, 529.6; 157.36, 374.93; 157.36, 374.93; 200.83, 299.32; 200.83, 299.32; 215.05, 293.08; 215.05, 293.08; 297.77, 255.07; 297.77, 255.07; 323.18, 256.23; 323.18, 256.23; 409.48, 275.57; 409.48, 275.57; 401.75, 276.91; 463.59, 314.51; 463.59, 314.51; 472.18, 325.95; 472.18, 325.95; 507.12, 398.93; 507.12, 398.93; 336.688, 494.167; 336.688, 494.167; 518.889, 440.151; 518.889, 440.151; 518.89, 440.151; 518.89, 440.151; 334.63, 494.6; 334.63, 494.6; 490.3, 357.61; 490.3, 357.61; 518.57, 426.3; 518.57, 426.3; 354.11, 329.66; 371.61, 444.3; 371.61, 444.3; 322.69, 295.23; 322.69, 295.23; 363.77, 464.4; 363.77, 464.4; 211.23, 523.22; 211.23, 523.22; 320.17, 508.69; 320.17, 508.69; 211.44, 454.3; 211.44, 454.3; 296.64, 395.35; 296.64, 395.35; 278.14, 306.54; 278.14, 306.54; 303.8, 362.02; 303.8, 362.02; 235.72, 378.19; 235.72, 378.19; 282.02, 313.69; 282.02, 313.69; 169.05, 382.18; 169.05, 382.18; 251.93, 446.17; 251.93, 446.17; 290.37, 281.18; 290.37, 281.18; 379.36, 367.63; 379.36, 367.63; 235.73, 291.8; 235.73, 291.8; 232.29, 279.89; 232.29, 279.89; 145.66, 422.49; 145.66, 422.49; 621.83, 393.37; 621.83, 393.37; 306.56, 574.15; 306.56, 574.15; 591.23, 390.81; 591.23, 390.81; 614.07, 389.94; 614.07, 389.94; 583.132, 394.482; 583.132, 394.482; 518.562, 447.739; 518.562, 447.739; 518.56, 447.74; 518.56, 447.74; 621.18, 395.85; 621.18, 395.85; 648.54, 438.23; 648.54, 438.23; 648.54, 434.39; 648.54, 434.39; 640.87, 456.52; 640.87, 456.52; 647.96, 442.47; 647.96, 442.47; 572.21, 483.72; 572.21, 483.72; 571.93, 496.43; 571.93, 496.43; 575.33, 480.78; 575.33, 480.78; 554.82, 522.31; 554.82, 522.31; 592.49, 287.19; 592.49, 287.19; 583.93, 410.4; 583.93, 410.4; 598.7, 284.65; 598.7, 284.65; 591.44, 408.36; 591.44, 408.36; 654.02, 296.05; 654.02, 296.05; 610.34, 395.97; 610.34, 395.97; 595.38, 252.39; 595.38, 252.39; 611.48, 276.72; 611.48, 276.72; 660.57, 260.99; 660.57, 260.99; 161.06, 480.01; 161.06, 480.01; 75.49, 519.92; 75.49, 519.92; 548.49, 526.23; 548.49, 526.23; 409.53, 564.74; 409.53, 564.74; 297.88, 575.51; 297.88, 575.51; 411.82, 564.63; 411.82, 564.63; 79.26, 520.45; 79.26, 520.45; 309.94, 569.51; 309.94, 569.51; 156.99, 481.96; 156.99, 481.96; 77.07, 518.55; 77.07, 518.55; 485.43, 344.49; 485.43, 344.49; 519.55, 443.619; 519.55, 443.619; 519.551, 443.62; 519.551, 443.62; 581.79, 393.1; 581.79, 393.1; 592.46, 388.68; 592.46, 388.68; 612.24, 388.2; 612.24, 388.2; 579.75, 396.11; 579.75, 396.11; 519.73, 444.75; 519.73, 444.75; 448.9, 301.77; 448.9, 301.77; 497.42, 368.87; 497.42, 368.87; 369.82, 485.25; 369.82, 485.25; 506.47, 452.92; 506.47, 452.92; 219.81, 363.77; 220.94, 397.13; 220.94, 397.13; 197.25, 342.11; 197.25, 342.11; 294.43, 390.59; 294.43, 390.59; 265.52, 436.57; 265.52, 436.57; 151.41, 387.58; 151.41, 387.58; 240.15, 527.79; 240.15, 527.79; 378.05, 396.97; 378.05, 396.97; 290.45, 520.21; 290.45, 520.21; 229.13, 525.89; 229.13, 525.89; 339.07, 492.46; 339.07, 492.46; 149.04, 463.8; 149.04, 463.8; 208.94, 521.38; 208.94, 521.38; 189.09, 334.13; 189.09, 334.13; 322.85, 292.06; 322.85, 292.06; 365.75, 263.52; 365.75, 263.52; 483.97, 349.92; 483.97, 349.92; 158.81, 478.45; 158.81, 478.45; 71.4408, 520.21; 71.4408, 520.21; 71.4411, 520.21; 71.4411, 520.21; 309.81, 572.9; 309.81, 572.9; 592.35, 280.73; 592.35, 280.73; 587.279, 258.937; 587.279, 258.937; 585.86, 260.47; 585.86, 260.47; 659.36, 261.8; 659.36, 261.8; 596.84, 282.86; 610.22, 400.09; 653.96, 293.59; 653.96, 293.59; 657.05, 295.98; 657.05, 295.98; 594.77, 265.46; 594.77, 265.46; 597.48, 265.73; 597.48, 265.73; 597.48, 265.73; 597.48, 265.73; 597.801, 269.24; 597.801, 269.24; 595.71, 271.48; 595.71, 271.48; 593.14, 265.48; 593.14, 265.48; 659.95, 271.55; 663.77, 269.82; 663.77, 269.82; 663.77, 269.82; 663.77, 269.82; 661.43, 273.41; 661.43, 273.41; 661.43, 273.409; 661.43, 273.409; 664.289, 269.03; 664.289, 269.03; 664.29, 269.03; 664.29, 269.03; 664.23, 269.929; 664.23, 269.929; 593.68, 438.77; 631.56, 434.22; 601.54, 234.41; 601.54, 234.41; 581.93, 243.31; 581.93, 243.31; 674.65, 247.88; 674.65, 247.88; 690.87, 261.15; 690.87, 261.15; 604.33, 236.37; 576.76, 250.19; 670.54, 244.28; 670.54, 244.28; 599.04, 237.91; 599.04, 237.91; 580.93, 248.81; 580.93, 248.81; 670.21, 245.97; 670.21, 245.97; 689.71, 260.6; 689.71, 260.6; 597.801, 269.241; 597.801, 269.241; 596.86, 270.679; 596.86, 270.679; 664.23, 269.931; 664.23, 269.931; 661.051, 277.559; 661.051, 277.559; 596.86, 270.68; 596.86, 270.68; 594.41, 271; 594.41, 271; 661.05, 277.56; 661.05, 277.56; 658.792, 278.404; 658.792, 278.404; 594.41, 271; 594.41, 271; 599.67, 266.279; 599.67, 266.279; 658.792, 278.404; 658.792, 278.404; 661.56, 267.4; 661.56, 267.4; 599.67, 266.281; 599.67, 266.281; 596.62, 270.52; 596.62, 270.52; 661.56, 267.4; 661.56, 267.4; 662.619, 267.25; 662.619, 267.25; 596.619, 270.52; 596.619, 270.52; 595.711, 271.479; 595.711, 271.479; 662.621, 267.25; 662.621, 267.25; 663.259, 267.38; 663.259, 267.38; 663.261, 267.38; 663.261, 267.38; 663.795, 274.724; 663.795, 274.724; 663.795, 274.724; 663.795, 274.724; 658.591, 277.8; 658.591, 277.8; 658.59, 277.8; 658.59, 277.8; 658.55, 272.16; 658.55, 272.16; 658.55, 272.16; 658.55, 272.16; 659.501, 278.88; 659.501, 278.88; 659.5, 278.88; 659.5, 278.88; 658.46, 272.19; 658.46, 272.19; ];
