radius = 4.718576487624971;
cppContour{1} = [595.533456395543 238.7474454846918; 599.04 237.91;600.7187453181965 236.2013309409002;604.33 236.37;601.54 234.41;597.8334807062331 234.5905241780708;594.2004472284865 235.3396093370957;590.7200942519305 236.6213202832685;587.4661974572534 238.4011940957413;584.5132977271768 240.6462829090579;581.9400000000001 243.32;581.2129492755678 244.4900621970259;578.8068510565284 247.1864650253468;576.78 250.18;580.92 248.82;583.3015800761434 246.1134230328248;585.9929590197556 243.7169528424543;588.9510113910355 241.6556465240744;592.1561775498232 240.0046585243569;595.533456395543 238.7474454846918;];
cppContour{2} = [669.5148882495106 295.2555623987159; 671.8375108293405 293.1821385939;675.0546554880278 290.9881348243189;677.8811193952007 288.2908577586427;679.9927100268222 285.0074528530046;681.1649278601443 281.2819025222243;681.4160954735021 277.3839519476501;680.7956787081247 273.5283544801688;679.3400303830196 269.9065215199331;677.0755184931625 266.7310076683581;674.0783508836554 264.2400925947657;670.6021631729318 262.4628681552572;666.8217740019535 261.4731026767712;662.926300884774 261.2124065109122;660.5700000000001 260.99;658.03 262.48;657.8779346815695 262.6325309429767;657.2662593148499 263.0057372355637;654.6126176525235 265.8251349032756;652.6481210810285 269.1629679440137;651.3583712032327 272.8165971261968;650.6267368987649 276.6241356370318;650.309691972889 280.4903187258601;650.2852915810217 284.3699287605335;650.8190132774392 288.1996252047085;652.4320524510993 291.7018998637915;653.96 293.6;652.4183807847639 297.2582346715923;650.8833732252986 300.9192483227207;649.3550965833317 304.5830765839798;647.8323607869953 308.2492112983657;646.3152073278367 311.917659614864;644.8024981030644 315.5879429999486;643.2941163083791 319.2600067114661;641.7901654711678 322.9338876070909;640.289272278067 326.6090189263064;638.7912049375212 330.2853030591756;637.2953965188249 333.9625067331818;635.8017373130965 337.6405841497292;635.411618524711 338.6023614833429;635.2914810370298 338.8771657373237;633.7303207891297 342.4458993079235;632.17 346.015;630.6096792108704 349.5841006920766;629.0485189629702 353.1528342626763;627.4881981738405 356.7219349547529;625.9278773847108 360.2910356468294;624.3669531272255 363.8598723875223;622.8066061759024 367.4289616420329;621.2458392922179 370.9978672470428;619.6850727416673 374.5667729977426;618.1244256584837 378.1357309952429;616.563801387156 381.7046989292478;615.0026411392558 385.2734324998476;612.23 388.22;608.2996210562061 387.489959970726;604.3146418119966 387.171999283624;600.3180439908471 387.2649978632388;596.3521560341993 387.7679761526679;592.46 388.68;591.3433463130419 385.1428597101796;591.5297686456242 381.2714873337644;591.7265966492437 377.4006261306836;591.9309281641964 373.5301537953254;592.1431133178208 369.660104502783;592.3623944843018 365.7904501280117;592.589897771107 361.921270177305;592.8244394545487 358.0525113650504;593.0662037483572 354.1841962072691;593.315441438036 350.3163552248487;593.5731979840352 346.4490727693743;593.837613435961 342.5822405453461;594.109618209167 338.7159338490188;594.3898469880648 334.8502151494706;594.6767642283529 330.9849875244295;594.9711157378916 327.1203188500405;595.2730286352363 323.2562335527774;595.5824203351252 319.3927398256813;595.8992622450949 315.5298498992816;596.2231510660678 311.6675439368456;596.5551094807054 307.8059237280589;596.8938301092443 303.9448909678426;597.2404490399111 300.0845583616413;597.5940283435669 296.2248577398637;597.9557285277804 292.3659088500607;598.3241500660851 288.5075962091122;598.6819407095811 284.8353544299823;599.1892282799157 284.8183174900166;602.9175508851412 283.9507382426619;606.3797619275903 282.320412433177;609.3322310625633 279.8886803352439;611.46 276.71;612.079075485976 275.524116813603;613.6350740381383 271.9533978031471;614.4361923180173 268.1401636707408;614.427321822585 264.2445967759688;613.5577006700659 260.4508744011486;611.7346136453448 257.0195228016233;608.9662117841906 254.2993596133199;605.5358908890694 252.4755368488898;601.7561833496291 251.5653940092072;597.8796990043742 251.6874599333202;595.38 252.39;591.9301568853392 254.0573292814938;588.893864703972 256.3926061162352;586.3519462669011 259.2578951584773;584.3549143164719 262.5263984841349;582.9448748234431 266.0875847423784;582.1741680094652 269.8392875118681;582.1027800753283 273.6681411309518;582.9212746687479 277.4034972728825;584.9700782801767 280.6245800250828;588.026379633892 282.9200582403122;591.5869715146208 284.3215177422507;592.3220036539815 284.4432219610068;592.3201703412799 284.6223838462561;592.2622298070215 288.5145407870348;592.2390123397615 289.7184931264463;592.0964284030014 291.1549083816701;591.7106213093812 295.1205798030609;591.3325696375274 299.0869979620144;590.9621967916506 303.0541404707612;590.5996676492957 307.0220073845385;590.2455381727299 310.9906320539545;589.8986593267903 314.9598979306513;589.559985074994 318.929871286248;589.2293258583932 322.9005205889321;588.9057386107953 326.8717530356084;588.590570428855 330.8436622901991;588.2831276368025 334.8161769608549;587.9840512868794 338.7893296786027;587.6920606839042 342.7630097158469;587.407803184126 346.7372504793339;587.132315329935 350.7121089386328;586.8636050551701 354.6874312578843;586.6035601762234 358.6633298757893;586.3509401989943 362.6397075419886;586.1058048358411 366.616552678402;585.8689957702276 370.5939029522889;585.6399615184044 374.5717085202158;585.4186593998874 378.5499517584345;585.2051149279863 382.5286190152059;584.9994841789425 386.507702873053;584.8022379983264 390.4872119120823;581.78 393.11;578.2176072236225 394.5664831408055;574.7818587099213 396.3006293534042;571.4814703929218 398.2804211887687;568.3164660471741 400.4704020387875;565.2795322630893 402.8350305528926;562.3570802325141 405.3399947436628;559.5330176535676 407.9555682996344;556.7889981565178 410.6551327514895;554.104915852048 413.4144264418599;551.4611888050739 416.2124856532733;548.8379466900868 419.0297936923704;546.2153179004404 421.8476725968047;543.5735193279249 424.6475706481856;540.8910852062702 427.4085288783353;538.1494307460974 430.1105933593014;535.3292925250638 432.7304634920793;532.4135535779344 435.2432454954282;529.3857314493893 437.6194446254883;526.2342058779203 439.8285547261985;522.96 437.71;521.9706454085011 433.8423000945458;520.9656516071443 429.9786347095621;519.9422748477939 426.1197986537385;518.8982244858936 422.2665065108774;517.8325968348269 418.419126191851;516.7410353199649 414.5790236411114;515.6226478523639 410.7466498623778;514.4744929871429 406.9230897523325;513.294255820862 403.1093106199463;512.0799874262669 399.306234583819;510.8284458817462 395.5152658507967;509.5389780224024 391.7370282490572;508.2080414450717 387.9732036271471;506.8340644075038 384.2248742998121;505.4139079053323 380.4938053529871;503.9469247745314 376.7809007837336;502.4303271328541 373.0879824544594;500.8614884769214 369.4169594787816;499.239007674777 365.7693292481022;497.5605497212832 362.1471213139254;495.8252421316278 358.551801085042;494.0291865143265 354.9864491665477;492.1716300086294 351.4527542306427;490.2503342891611 347.953317632069;488.2652431636365 344.4896695326481;486.2141922211919 341.0646721031163;484.0969846515801 337.6801757994681;481.9116612491237 334.3392677613036;479.658447410923 331.0437796204459;477.3358109324112 327.7968493390819;474.9425932680896 324.6015924726585;472.4780106122298 321.4610574158198;469.9416380058011 318.3782299788722;467.3324084224427 315.3568149029488;464.650540224627 312.3997027396808;461.8938476358647 309.5122201200881;459.0641565636112 306.6962670589421;456.1601382243998 303.9570376747523;453.182765723029 301.2977187733733;450.1323486668919 298.722538039198;447.009138074496 296.2361482891943;443.8147475409298 293.841908456863;440.551638122997 291.5421976121516;437.2249666405088 289.3353947920728;433.8411409434382 287.2172478203597;430.405442240371 