radius = 4.738192171041979;
cppContour{1} = [595.534709794966 238.7452749049111; 599.04 237.91;600.716376492769 236.201335100323;604.33 236.37;601.54 234.41;597.8322968304776 234.5879401032417;594.197889435715 235.3358508156615;590.7157696307364 236.6161038529545;587.4589530671769 238.392364056599;584.5028318305008 240.6348736185996;581.9299999999999 243.31;581.1969921137292 244.4972360311385;578.7888813952876 247.1948216172443;576.76 250.19;580.9299999999999 248.81;583.3072243225998 246.1021130024714;585.9960737440484 243.7057703977345;588.9539758743774 241.6470158082809;592.156863451979 239.9956026008476;595.534709794966 238.7452749049111;];
cppContour{2} = [669.5213103079652 295.2632244650671; 671.9187966372913 293.1118132317843;674.9288751546047 291.0845518980076;677.7702832925612 288.4184702477344;679.8959896362105 285.1587335227941;681.1036487249746 281.4594587451998;681.4019374098734 277.5794103471904;680.8277456920978 273.7298857064927;679.4271828004826 270.1001651675636;677.2195774262748 266.9006360351294;674.2834264652571 264.3545733496008;670.8291812997129 262.5655793233046;667.0801262992154 261.5173953643975;663.1997378637981 261.2090744973754;660.5700000000001 260.99;658.03 262.48;657.8851133091846 262.6251765616082;657.2648626143622 263.0029278469658;654.6163951939876 265.8281420555757;652.6395440965427 269.160815928059;651.3606854693232 272.8208199458147;650.6292612473735 276.630586406408;650.3139609360787 280.4988984701902;650.2796768966299 284.3803068988986;650.8111014638076 288.2134211219499;652.4280414090287 291.7194490410428;653.96 293.59;652.4167551442017 297.2478972344194;650.8808102177537 300.9088648260574;649.3520572406358 304.57284201572;647.8302299851487 308.2397012648096;646.3126073907797 311.9083031106403;644.7990723709793 315.5785927321335;643.2909019960807 319.2510901714376;641.7878335573511 322.9256785526127;640.2872296197249 326.6012744187346;638.788401433598 330.2775949070495;637.2916294006141 333.9547529840366;635.7971194996552 337.6328308760123;635.2088677056997 339.0819207376392;633.7404682228702 342.4416332749906;632.1799999999999 346.01;630.6195317771299 349.5783667250094;629.0597974164575 353.1470543660532;627.5006145550713 356.7159827850658;625.9398053258285 360.284200429193;624.3799662762486 363.8528423024274;622.8200223713073 367.4214383350821;621.26 370.99;619.6999776286926 374.5585616649179;618.1400337237513 378.1271576975726;616.5801946741715 381.6957995708069;615.0193854449287 385.2640172149343;612.24 388.2;608.9649065838101 387.5815798993838;605.6509722794463 387.2326996714057;602.3187022189566 387.1600148965005;598.993722429233 387.3921605229048;595.7005277482455 387.9006142589358;592.46 388.68;591.3411296139486 385.1269007752991;591.5301950021659 381.2562610272917;591.7245576092221 377.3858824929537;591.9282441388577 373.5159834311323;592.1424230633252 369.6466510230348;592.3646308635829 365.7777706446583;592.5930300212939 361.9092503956348;592.8270545564189 358.0410663410088;593.0679510697638 354.1733044468626;593.3163316078147 350.3060159909234;593.5750402360738 346.439405102198;593.8375435247557 342.5730490302379;594.1083289271968 338.7072661284681;594.3876959514066 334.8420929927647;594.6740171619907 330.977428277279;594.9675573165043 327.1133052999366;595.2705808770006 323.2499155314901;595.5799925467884 319.3870303390675;595.8950744883716 315.5246056908152;596.2195173953901 311.6629547858359;596.5517487683039 307.8019668703247;596.8932990214877 303.9417913308263;597.2418206701035 300.0822384861744;597.5934396051734 296.2229666678761;597.9534028546873 292.3644651657008;598.3228516870782 288.5068600746194;598.6810161610981 284.8441358553515;599.1989056463927 284.8265838866678;602.9297071125005 283.9605248208832;606.3923158656875 282.3283390465681;609.3457355514779 279.8964205048716;611.48 276.72;612.4395664086886 274.8959840456275;613.8679516460508 271.2128654498179;614.5112018022306 267.3160070191811;614.3497452655577 263.3703214778864;613.2608063373289 259.5767470642126;611.1618758948991 256.241455067848;608.1588956960649 253.6875210837855;604.5486333853268 252.0877973181329;600.6542080470525 251.4372597097532;596.749937491256 251.9475085379772;595.38 252.39;591.9285073620997 254.0586134017535;588.8947965126058 256.4006851878488;586.3517262746072 259.2673488057491;584.3533481158801 262.537804388996;582.942799886671 266.1009799689289;582.1726107072332 269.8549425662773;582.0924439012296 273.6869327790981;582.9172070547471 277.4227234569695;584.9704859931817 280.6385792100911;588.0258172441065 282.9391269156552;591.590696485133 284.3377950158372;592.3147909915274 284.4562695763243;592.3132212584486 284.6223988957367;592.2566975076145 288.5145591327582;592.2321868806371 289.793215835862;592.0972896738725 291.1553131012402;591.7113588990374 295.1212913766133;591.3322917595325 299.0879309569763;590.964786933161 303.0556581395373;590.6033252298214 307.0239417304912;590.2494414910888 310.992907890917;589.9031848498237 314.9625458221603;589.5651571477322 318.9328940109728;589.2335710398078 322.9037848540602;588.9103658797521 326.8753659801257;588.5944509393196 330.8475346192017;588.2849715368592 334.8202092814071;587.9847345714492 338.7935926682941;587.6937243502371 342.7676630994601;587.410076624187 346.7422661950617;587.1328506855338 350.7173220470236;586.8645679285734 354.6929909274759;586.6054996244983 358.6692712222229;586.3538188285689 362.6460262097135;586.1074382261546 366.6231130627262;585.8690085474949 370.6006841145163;585.6402053815791 374.5788205172306;585.4223602857912 378.5575714191069;585.2132909256666 382.5367948321568;585.0070839025767 386.516167622208;584.8058953462109 390.4957971461525;581.79 393.1;578.2278140839148 394.5575596001633;574.7929882247222 396.2938626456878;571.4928489768128 398.2742986920583;568.3293371816203 400.4666937730401;565.2921071722125 402.8312389888468;562.3678540377898 405.3344203937437;559.5422534188008 407.948689394825;556.7981548484273 410.6485292112278;554.1148828310215 413.4089853568788;551.4705732199866 416.2068585567345;548.84799035267 419.0251322777389;546.226298689883 421.8442364326794;543.5826531766621 424.6427404928547;540.9000288908777 427.4038780066707;538.1582891598156 430.1062264844467;535.3386234502373 432.7270221990774;532.4224757411329 435.2397307183943;529.3947138931402 437.6164916408062;526.2442116193938 439.8274907060872;522.96 437.66;521.9734521239762 433.7915860249797;520.9710211648866 429.9272593987827;519.9473469816137 426.0685084660417;518.9040807529025 422.2150074788112;517.8401371039986 418.3671663622148;516.7504478849511 414.5265376920833;515.6315181253772 410.6943270809279;514.4818374039588 406.8712337197545;513.2990233457431 403.0582572703004;512.0841474582493 399.2553835901869;510.8344207372188 395.4638085725647;509.5472197947523 391.6848095884532;508.2153794597513 387.9213077908648;506.8391356279067 384.1738140425012;505.4196193445827 380.4424999104186;503.9526544688824 376.7295967008271;502.4361784618112 373.0366307658762;500.8681380611719 369.3652715596634;499.2403080855458 365.7200275090523;497.5615509072061 362.0979560576563;495.8254562497085 358.5030241471309;494.0262043991213 354.9392857525659;492.1697453970935 351.4050104915547;490.2523704762897 347.9034174876605;488.2692899640107 344.4386307738334;486.2177365479676 341.0139405520429;484.101855843035 337.6286048883853;481.918168707418 334.2866289083911;479.6647546006361 330.9912671609173;477.3436672563115 327.7432355061434;474.9508978954066 324.5476392144524;472.4848016002935 321.40831637992;469.9463883813219 318.3271571471555;467.33727832097 315.3056345936036;464.6542082583121 312.3496136583041;461.8977444450566 309.4619185457366;459.0678516744382 306.6461486999053;456.1641944861561 303.9065237264391;453.1877131727566 301.2462069023513;450.1387882374349 298.6692531110174;447.0167522833373 296.1813826527844;443.8221587923768 293.787448824385;440.5584835011779 291.4885034877518;437.2312762870096 289.2825227464277;433.8480148558636 287.1634581295106;430.4131096214535 