segmentsStart = [1029.46, 880.31; 1029.46, 880.31; 1111.92, 748.95; 1111.92, 748.95; 1061.39, 934.91; 1061.39, 934.91; 1031.12, 881.82; 1031.12, 881.82; 1068.5, 936.93; 1068.5, 936.93; 1122.98, 751.79; 1122.98, 751.79; 1280.92, 850.91; 1280.92, 850.91; 1028.28, 1020.59; 1028.28, 1020.59; 1249.5, 741.99; 1249.5, 741.99; 1314.45, 738.91; 1314.45, 738.91; 1253.52, 752.84; 1253.52, 752.84; 1339.64, 746.65; 1339.64, 746.65; 1024.94, 1020.27; 1024.94, 1020.27; 1054.27, 1037.7; 1054.27, 1037.7; 1195.36, 974.98; 1195.36, 974.98; 1057.42, 1036.64; 1057.42, 1036.64; 1191.32, 983; 1191.32, 983; 1221.44, 905.17; 1221.44, 905.17; 1333.09, 870.03; 1333.09, 870.03; 1303.28, 870.18; 1303.28, 870.18; 1292.36, 837.06; 1292.36, 837.06; 1289.63, 848.38; 1289.63, 848.38; 1443.07, 782.58; 1443.07, 782.58; 1394.93, 785.93; 1394.93, 785.93; 1287.15, 849.37; 1287.15, 849.37; 1324.79, 851.9; 1324.79, 851.9; 1404.41, 837.26; 1404.41, 837.26; 1491.29, 932.24; 1491.29, 932.24; 1446.19, 784.88; 1446.19, 784.88; 1438.01, 793.52; 1438.01, 793.52; 1443.92, 782.42; 1443.92, 782.42; 1321.74, 869.62; 1321.74, 869.62; 1424.25, 893.67; 1424.25, 893.67; 1405.91, 886.26; 1405.91, 886.26; 1492.59, 933.2; 1492.59, 933.2; 1474.41, 931.74; 1474.41, 931.74; 1966.15, 1062.82; 1966.15, 1062.82; 1756.45, 998.77; 1756.45, 998.77; 1987.34, 1082.43; 1987.34, 1082.43; 2012.59, 1103.25; 2012.59, 1103.25; 2035.26, 1115.82; 2035.26, 1115.82; 2035.26, 1115.82; 2035.26, 1115.82; 1959.76, 1062.7; 1959.76, 1062.7; 1770.22, 955.52; 1770.22, 955.52; 1753.91, 929.21; 1753.91, 929.21; 1939.87, 894.59; 1939.87, 894.59; 1768.72, 952.98; 1768.72, 952.98; 1764.75, 924.99; 1764.75, 924.99; 1931.87, 869.45; 1931.87, 869.45; 1951.13, 885.6; 1951.13, 885.6; 1932.81, 865.19; 1932.81, 865.19; 1436.3, 838.87; 1436.3, 838.87; 1633.9, 731.78; 1633.9, 731.78; 1915.16, 797.4; 1915.16, 797.4; 2000.09, 1103.9; 2000.09, 1103.9; 2000.99, 846.92; 2000.99, 846.92; 2020.69, 1114.89; 2020.69, 1114.89; 1981.32, 838.01; 1981.32, 838.01; 2039.61, 1051.95; 2039.61, 1051.95; 2013.82, 947.29; 2013.82, 947.29; 2060.89, 946.18; 2060.89, 946.18; 2007.65, 935.6; 2007.65, 935.6; 1947.38, 820.48; 1947.38, 820.48; 1856.11, 781.63; 1856.11, 781.63; 1240.02, 1015.94; 1240.02, 1015.94; 1120.65, 1007.7; 1120.65, 1007.7; 1228.7, 1017.39; 1228.7, 1017.39; 1305.99, 1025.16; 1305.99, 1025.16; 1329.28, 1002.1; 1329.28, 1002.1; 1328.61, 1031.89; 1328.61, 1031.89; 1343.12, 1000.82; 1343.12, 1000.82; 1330.82, 1018.73; 1330.82, 1018.73; 1336.92, 1051.44; 1336.92, 1051.44; 1357.84, 1002.37; 1357.84, 1002.37; 1395.66, 915.03; 1395.66, 915.03; 1241, 1039.22; 1241, 1039.22; 1288.7, 1049.65; 1288.7, 1049.65; 1184.77, 995.21; 1184.77, 995.21; 1175.48, 1065.21; 1175.48, 1065.21; 1240.3, 1099.39; 1240.3, 1099.39; 1176.3, 1063.44; 1176.3, 1063.44; 1215.91, 1001.15; 1215.91, 1001.15; 1310.24, 1141.51; 1310.24, 1141.51; 1414.88, 1183.24; 1414.88, 1183.24; 1286.75, 1118.02; 1286.75, 1118.02; 1196.39, 1117.49; 1196.39, 1117.49; 1389.23, 1173.47; 1389.23, 1173.47; 1062.03, 1130.01; 1062.03, 1130.01; 1157.15, 1112.9; 1157.15, 1112.9; 1117.09, 1126.2; 1117.09, 1126.2; 1199.95, 1113.97; 1199.95, 1113.97; 1172.37, 1127.26; 1172.37, 1127.26; 1222.19, 1123.53; 1222.19, 1123.53; 1146.49, 1142.11; 1146.49, 1142.11; 1284.04, 1165.62; 1284.04, 1165.62; 1385.88, 1174.33; 1385.88, 1174.33; 1605.67, 1191.41; 1605.67, 1191.41; 1403.21, 1172.94; 1403.21, 1172.94; 1533.5, 1173.79; 1533.5, 1173.79; 1462.39, 1177.41; 1462.39, 1177.41; 1632.49, 1187.02; 1632.49, 1187.02; 1604.84, 1187.64; 1604.84, 1187.64; 1529.33, 1172.12; 1529.33, 1172.12; 1608.72, 1178.63; 1608.72, 1178.63; 1658.83, 1250.3; 1658.83, 1250.3; 1603.82, 1182; 1603.82, 1182; 1660.39, 1255.59; 1660.39, 1255.59; 1604.14, 1188.44; 1604.14, 1188.44; 1647.75, 1256.36; 1647.75, 1256.36; 1602.49, 1194.5; 1602.49, 1194.5; 1642.65, 1252.89; 1642.65, 1252.89; 1628.06, 1236.37; 1628.06, 1236.37; 1650.75, 1256.34; 1650.75, 1256.34; 1543.82, 1062.01; 1543.82, 1062.01; 1541.85, 979.19; 1541.85, 979.19; 1357.06, 1087.61; 1357.06, 1087.61; 1470.16, 1137.53; 1470.16, 1137.53; 1592.1, 1131.22; 1592.1, 1131.22; 1703, 1130.05; 1703, 1130.05; 1691.43, 1135.78; 1691.43, 1135.78; 1729.44, 1124.4; 1729.44, 1124.4; 1635.55, 1166.86; 1635.55, 1166.86; 1705.85, 1155.28; 1705.85, 1155.28; 1640.99, 1176; 1640.99, 1176; 1702.3, 1155.76; 1702.3, 1155.76; 1821.57, 1012.11; 1821.57, 1012.11; 1982.51, 1310.44; 1982.51, 1310.44; 1899.49, 1119.87; 1899.49, 1119.87; 1977.85, 1320.66; 1977.85, 1320.66; 1878.81, 1127.38; 1878.81, 1127.38; 1945.29, 1123.47; 1945.29, 1123.47; 1908.87, 1142.79; 1908.87, 1142.79; 1951.92, 1137.55; 1951.92, 1137.55; 1915.24, 1151.9; 1915.24, 1151.9; 1053.19, 1076.59; 1053.19, 1076.59; 1194.16, 995.22; 1194.16, 995.22; 1062.6, 1059.47; 1062.6, 1059.47; 1039.39, 1123.27; 1039.39, 1123.27; 1087.45, 1116.54; 1087.45, 1116.54; 1107.27, 1116.99; 1107.27, 1116.99; 1542.02, 1065.07; 1542.02, 1065.07; 1541.71, 985.24; 1541.71, 985.24; 1589.25, 1125.58; 1589.25, 1125.58; 1689.68, 1127.78; 1689.68, 1127.78; 1699.44, 1129.83; 1699.44, 1129.83; 1714.93, 1123.5; 1714.93, 1123.5; 1354, 1083.67; 1354, 1083.67; 1461.36, 1135.81; 1461.36, 1135.81; 1548.97, 967.82; 1548.97, 967.82; 1682.2, 985.59; 1682.2, 985.59; 1656.2, 989.63; 1656.2, 989.63; 1756.83, 1010.69; 1756.83, 1010.69; 1769.19, 1008.66; 1769.19, 1008.66; 1835.22, 1032.84; 1835.22, 1032.84; 1489.72, 952.58; 1489.72, 952.58; 1675.98, 996.4; 1675.98, 996.4; 1626.43, 996.72; 1626.43, 996.72; 1782.56, 1024.73; 1782.56, 1024.73; 1735.87, 1003.87; 1735.87, 1003.87; 1791.01, 1045.8; 1791.01, 1045.8; 1782.2, 1018.81; 1782.2, 1018.81; 1813.65, 1048.08; 1813.65, 1048.08; 1803.65, 1017.52; 1803.65, 1017.52; 1969.74, 1256.82; 1969.74, 1256.82; 1863.91, 1123.7; 1863.91, 1123.7; 1935.7, 1116.84; 1935.7, 1116.84; 1873.7, 1111.5; 1873.7, 1111.5; 1900.42, 1114.96; 1900.42, 1114.96; 1904.85, 1151.21; 1904.85, 1151.21; 1933.83, 1153.75; 1933.83, 1153.75; 1888.61, 1143.95; 1888.61, 1143.95; 1925.52, 1136.41; 1925.52, 1136.41; 1913.22, 1144.75; 1913.22, 1144.75; 1968.68, 1252.33; 1968.68, 1252.33; 1921.8, 1154.87; 1921.8, 1154.87; 1967.39, 1302.81; 1967.39, 1302.81; 1962.66, 1350.04; 1962.66, 1350.04; 1979.03, 1280.53; 1979.03, 1280.53; 1654.52, 1240.5; 1654.52, 1240.5; 1805.67, 1227.4; 1805.67, 1227.4; 1667.73, 1237.14; 1667.73, 1237.14; 1767.55, 1206.39; 1767.55, 1206.39; 1647.99, 1247.89; 1647.99, 1247.89; 1737.19, 1204.29; 1737.19, 1204.29; 1349.05, 1066.34; 1349.05, 1066.34; 1421.41, 1128.93; 1421.41, 1128.93; 1341.12, 1052.35; 1341.12, 1052.35; 1331.49, 1016.44; 1331.49, 1016.44; 1326.84, 1034.32; 1326.84, 1034.32; 1345.91, 996.62; 1345.91, 996.62; 1357.82, 1003.41; 1357.82, 1003.41; 1393.19, 907.81; 1393.19, 907.81; 1275.82, 1062.77; 1275.82, 1062.77; 1310.77, 1067.15; 1310.77, 1067.15; 1250.63, 1077.23; 1250.63, 1077.23; 1312.04, 1109.24; 1312.04, 1109.24; 1289.31, 1115.6; 1289.31, 1115.6; 1330.16, 1132.91; 1330.16, 1132.91; 1308.6, 1135.81; 1308.6, 1135.81; 1333.33, 1144.34; 1333.33, 1144.34; 1224.49, 1006.28; 1224.49, 1006.28; 1247.81, 1062.59; 1247.81, 1062.59; 1269.23, 1091.58; 1269.23, 1091.58; 1376.72, 1169.24; 1376.72, 1169.24; 1257.97, 1141.56; 1257.97, 1141.56; 1387.34, 1166.77; 1387.34, 1166.77; 1435.65, 1175.92; 1435.65, 1175.92; 1506.19, 1166.9; 1506.19, 1166.9; 1320.67, 866.56; 1320.67, 866.56; 1412.36, 873.89; 1412.36, 873.89; 1383.87, 873.15; 1383.87, 873.15; 1465.58, 929.46; 1465.58, 929.46; 1361.5, 868.47; 1361.5, 868.47; 1415.58, 925.4; 1415.58, 925.4; 1392.54, 886.87; 1392.54, 886.87; 1450.35, 938.19; 1450.35, 938.19; 1435.52, 917.13; 1435.52, 917.13; 1474.22, 944.72; 1474.22, 944.72; 1481.27, 932.68; 1481.27, 932.68; 1547.53, 991.86; 1547.53, 991.86; 1545.27, 967.7; 1545.27, 967.7; 1603.84, 1017.85; 1603.84, 1017.85; 1578.42, 974.48; 1578.42, 974.48; 1631.13, 1015.2; 1631.13, 1015.2; 1619.83, 982.44; 1619.83, 982.44; 1693.44, 1031.48; 1693.44, 1031.48; 1707, 996.4; 1707, 996.4; 1728.2, 1023.15; 1728.2, 1023.15; 1813.51, 1025.44; 1813.51, 1025.44; 1857.21, 1071.2; 1857.21, 1071.2; 