boundaryCurve{1} = [68.3, 74.9; 66.9453, 76.3809; 65.6595, 77.9182; 64.4432, 79.5087; 63.2968, 81.1492; 62.2211, 82.8365; 61.2165, 84.5673; 60.2835, 86.3384; 59.4229, 88.1467; 58.635, 89.9888; 57.9204, 91.8617; 57.2798, 93.762; 56.7137, 95.6866; 56.2226, 97.6322; 55.8071, 99.5957; 55.4677, 101.574; 55.205, 103.563; 55.0196, 105.561; 54.912, 107.564; 54.8828, 109.568; 54.9324, 111.571; 55.0616, 113.569; 55.2708, 115.56; 55.5607, 117.539; 55.9316, 119.504; 56.3843, 121.452; 56.9192, 123.378; 57.537, 125.281; 58.2382, 127.157; 59.0231, 129.001; 59.8893, 130.807; 60.8341, 132.57; 61.8545, 134.29; 62.9479, 135.963; 64.1113, 137.589; 65.342, 139.166; 66.6372, 140.692; 67.994, 142.165; 69.4097, 143.583; 70.8815, 144.945; 72.4066, 146.249; 73.982, 147.493; 75.6052, 148.676; 77.2731, 149.795; 78.9832, 150.848; 80.7324, 151.835; 82.5181, 152.753; 84.3373, 153.601; 86.1874, 154.376; 88.0656, 155.077; 89.9689, 155.703; 91.8946, 156.251; 93.8399, 156.719; 95.802, 157.107; 97.7781, 157.411; 99.7654, 157.631; 101.761, 157.764; 103.762, 157.81; 105.764, 157.765; 107.759, 157.632; 109.744, 157.411; 111.717, 157.105; 113.674, 156.716; 115.613, 156.245; 117.533, 155.694; 119.429, 155.065; 121.299, 154.359; 123.141, 153.58; 124.952, 152.728; 126.729, 151.804; 128.47, 150.812; 130.172, 149.753; 131.832, 148.629; 133.448, 147.44; 135.017, 146.191; 136.537, 144.881; 138.004, 143.513; 139.417, 142.089; 140.772, 140.61; 142.066, 139.079; 143.299, 137.497; 144.465, 135.866; 145.564, 134.188; 146.592, 132.464; 147.546, 130.697; 148.425, 128.888; 149.224, 127.039; 149.942, 125.155; 150.573, 123.245; 151.118, 121.313; 151.578, 119.363; 151.954, 117.396; 152.247, 115.417; 152.457, 113.427; 152.586, 111.431; 152.633, 109.431; 152.599, 107.431; 152.486, 105.433; 152.295, 103.441; 152.025, 101.457; 151.678, 99.4848; 151.254, 97.5275; 150.754, 95.5881; 150.179, 93.6697; 149.53, 91.7752; 148.807, 89.9078; 148.012, 88.0706; 147.144, 86.2666; 146.205, 84.4989; 145.196, 82.7706; 144.117, 81.0848; 142.968, 79.4444; 141.752, 77.8527; 140.468, 76.3127; 139.117, 74.8274; 137.7, 73.4; ];
boundaryCurve{2} = [68.3, 75.6; 67.0517, 77.2167; 65.8688, 78.8804; 64.7519, 80.5883; 63.7015, 82.3377; 62.7182, 84.1259; 61.8025, 85.9502; 60.9552, 87.8078; 60.1767, 89.6959; 59.4677, 91.612; 58.8287, 93.5531; 58.2602, 95.5167; 57.763, 97.4999; 57.3375, 99.5; 56.9843, 101.514; 56.7041, 103.54; 56.4974, 105.575; 56.3647, 107.615; 56.3067, 109.659; 56.3239, 111.703; 56.417, 113.746; 56.5864, 115.783; 56.8329, 117.813; 57.1569, 119.832; 57.559, 121.838; 58.0398, 123.828; 58.6, 125.8; ];
boundaryCurve{3} = [57.8, 86.2; 56.8929, 87.9979; 56.0635, 89.8295; 55.3115, 91.6919; 54.6366, 93.5821; 54.0385, 95.4972; 53.5169, 97.4345; 53.0716, 99.3908; 52.7023, 101.363; 52.4088, 103.349; 52.1906, 105.346; 52.0476, 107.35; 51.9794, 109.359; 51.9858, 111.369; 52.0665, 113.378; 52.2213, 115.384; 52.4498, 117.382; 52.7517, 119.37; 53.1268, 121.346; 53.5748, 123.306; 54.0955, 125.248; 54.6884, 127.168; 55.3535, 129.063; 56.0903, 130.932; 56.8986, 132.77; 57.7781, 134.575; 58.7285, 136.345; 59.7496, 138.075; 60.841, 139.764; 62.0026, 141.408; 63.2332, 143.003; 64.5292, 144.541; 65.8877, 146.021; 67.3058, 147.441; 68.7807, 148.801; 70.3094, 150.099; 71.8892, 151.336; 73.5172, 152.509; 75.1904, 153.619; 76.906, 154.664; 78.6612, 155.643; 80.453, 156.556; 82.2786, 157.401; 84.1352, 158.179; 86.0197, 158.886; 87.9295, 159.524; 89.8615, 160.091; 91.8129, 160.586; 93.7809, 161.009; 95.7626, 161.357; 97.7551, 161.631; 99.7556, 161.83; 101.761, 161.953; 103.769, 161.998; 105.776, 161.965; 107.779, 161.854; 109.776, 161.662; 111.764, 161.39; 113.739, 161.036; 115.7, 160.6; ];
boundaryCurve{4} = [123.8, 156.3; 125.474, 155.171; 127.104, 153.981; 128.688, 152.732; 130.226, 151.427; 131.717, 150.066; 133.157, 148.654; 134.547, 147.19; 135.885, 145.678; 137.17, 144.12; 138.4, 142.517; 139.573, 140.872; 140.689, 139.187; 141.746, 137.464; 142.743, 135.705; 143.678, 133.912; 144.55, 132.088; 145.358, 130.234; 146.1, 128.352; 146.774, 126.444; 147.381, 124.513; 147.917, 122.561; 148.369, 120.649; 148.736, 118.806; 149.038, 116.952; 149.275, 115.087; 149.446, 113.211; 149.551, 111.325; 149.59, 109.428; 149.562, 107.522; 149.467, 105.606; 149.305, 103.681; 149.074, 101.748; 148.775, 99.8059; 148.408, 97.8564; 147.972, 95.8994; 147.466, 93.9354; 146.89, 91.9647; 146.244, 89.9876; 145.528, 88.0046; 144.74, 86.0161; 143.882, 84.0223; 142.951, 82.0238; 141.949, 80.0209; 140.874, 78.0139; 139.9, 76.3; 140.096, 76.5252; 141.382, 78.0842; 142.599, 79.696; 143.745, 81.3575; 144.82, 83.0655; 145.823, 84.8166; 146.754, 86.6078; 147.612, 88.4358; 148.396, 90.2973; 149.106, 92.1891; 149.741, 94.1081; 150.3, 96.0509; 150.783, 98.0145; 151.189, 99.9955; 151.517, 101.991; 151.767, 103.997; 151.938, 106.011; 152.029, 108.03; 152.041, 110.05; 151.971, 112.068; 151.82, 114.081; 151.587, 116.086; 151.271, 118.079; 150.871, 120.057; 150.388, 122.018; 149.804, 124.006; 149.022, 126.278; 148.133, 128.502; 147.146, 130.674; 146.071, 132.79; 144.918, 134.847; 143.697, 136.84; 142.417, 138.765; 141.089, 140.617; 139.721, 142.394; 138.325, 144.091; 136.908, 145.703; 135.481, 147.227; 134.055, 148.659; 132.637, 149.994; 131.239, 151.229; 129.87, 152.359; 128.54, 153.381; 127.258, 154.29; 126.034, 155.082; 124.878, 155.754; ];
boundaryCurve{5} = [88, 156.9; 89.9737, 157.198; 91.9562, 157.42; 93.9449, 157.565; 95.9374, 157.636; 97.9314, 157.632; 99.9243, 157.556; 101.914, 157.406; 103.898, 157.186; 105.873, 156.894; 107.838, 156.532; 109.79, 156.102; 111.727, 155.603; 113.646, 155.037; 115.544, 154.405; 117.42, 153.707; 119.27, 152.944; 121.093, 152.118; 122.887, 151.228; 124.648, 150.276; 126.374, 149.263; 128.063, 148.189; 129.712, 147.056; 131.32, 145.864; 132.883, 144.614; 134.399, 143.307; 135.867, 141.944; 137.282, 140.525; 138.644, 139.052; 139.948, 137.527; 141.19, 135.953; 142.369, 134.334; 143.483, 132.673; 144.534, 130.972; 145.52, 129.234; 146.441, 127.46; 147.296, 125.655; 148.086, 123.819; 148.809, 121.956; 149.465, 120.068; 150.054, 118.158; 150.576, 116.228; 151.03, 114.28; 151.415, 112.318; 151.732, 110.344; 151.98, 108.359; 152.157, 106.368; 152.265, 104.371; 152.302, 102.373; 152.269, 100.375; 152.164, 98.3791; 151.988, 96.389; 151.739, 94.4066; 151.418, 92.4346; 151.024, 90.4754; 150.557, 88.5315; 150.015, 86.6056; 149.4, 84.7; ];
boundaryCurve{6} = [106.5, 160.2; 108.498, 160.314; 110.497, 160.32; 112.493, 160.219; 114.481, 160.014; 116.457, 159.707; 118.416, 159.3; 120.355, 158.796; 122.268, 158.197; 124.151, 157.506; 126, 156.724; 127.811, 155.855; 129.578, 154.899; 131.298, 153.861; 132.965, 152.741; 134.576, 151.542; 136.126, 150.268; 137.611, 148.919; 139.026, 147.498; 140.367, 146.008; 141.63, 144.451; 142.809, 142.829; 143.9, 141.145; 144.9, 139.4; ];
