boundaryCurve{1} = [68.32, 74.89; 66.9654, 76.3697; 65.6797, 77.9057; 64.4634, 79.4949; 63.3171, 81.1341; 62.2414, 82.8201; 61.2368, 84.5496; 60.3038, 86.3194; 59.4431, 88.1265; 58.6552, 89.9674; 57.9407, 91.8391; 57.3001, 93.7384; 56.734, 95.6619; 56.243, 97.6066; 55.8276, 99.5692; 55.4883, 101.546; 55.2259, 103.535; 55.0407, 105.532; 54.9334, 107.534; 54.9045, 109.539; 54.9547, 111.541; 55.0844, 113.539; 55.2942, 115.53; 55.5847, 117.509; 55.9565, 119.475; 56.4101, 121.423; 56.946, 123.35; 57.5649, 125.254; 58.2673, 127.13; 59.0537, 128.977; 59.9213, 130.785; 60.8667, 132.55; 61.887, 134.272; 62.9796, 135.947; 64.1417, 137.575; 65.3706, 139.154; 66.6635, 140.681; 68.0176, 142.155; 69.4304, 143.575; 70.8989, 144.938; 72.4205, 146.243; 73.9924, 147.488; 75.6118, 148.672; 77.2761, 149.792; 78.9825, 150.847; 80.7282, 151.835; 82.5106, 152.754; 84.3267, 153.602; 86.174, 154.379; 88.0497, 155.082; 89.951, 155.708; 91.8752, 156.258; 93.8196, 156.728; 95.7813, 157.117; 97.7577, 157.424; 99.7461, 157.646; 101.744, 157.782; 103.748, 157.83; 105.754, 157.788; 107.754, 157.657; 109.744, 157.438; 111.721, 157.134; 113.683, 156.746; 115.627, 156.276; 117.551, 155.726; 119.451, 155.098; 121.324, 154.393; 123.169, 153.614; 124.983, 152.762; 126.763, 151.839; 128.506, 150.848; 130.21, 149.789; 131.871, 148.665; 133.488, 147.478; 135.057, 146.229; 136.577, 144.92; 138.044, 143.554; 139.455, 142.132; 140.808, 140.655; 142.101, 139.127; 143.33, 137.547; 144.493, 135.92; 145.587, 134.245; 146.61, 132.526; 147.559, 130.764; 148.431, 128.961; 149.224, 127.118; 149.934, 125.241; 150.559, 123.336; 151.099, 121.408; 151.556, 119.46; 151.929, 117.495; 152.219, 115.515; 152.428, 113.525; 152.556, 111.528; 152.604, 109.526; 152.571, 107.523; 152.46, 105.522; 152.27, 103.526; 152.003, 101.539; 151.659, 99.5626; 151.239, 97.6012; 150.743, 95.6576; 150.172, 93.7351; 149.527, 91.8368; 148.809, 89.9658; 148.018, 88.1254; 147.155, 86.3187; 146.22, 84.5489; 145.215, 82.8192; 144.14, 81.1327; 142.996, 79.4926; 141.783, 77.9022; 140.502, 76.3644; 139.154, 74.8827; 137.74, 73.46; ];
boundaryCurve{2} = [68.3, 75.55; 67.0496, 77.1667; 65.865, 78.8304; 64.7468, 80.5382; 63.6953, 82.2876; 62.7113, 84.0757; 61.7952, 85.8997; 60.9476, 87.757; 60.169, 89.6448; 59.4599, 91.5603; 58.821, 93.5008; 58.2526, 95.4636; 57.7555, 97.4459; 57.33, 99.445; 56.9768, 101.458; 56.6964, 103.482; 56.4893, 105.515; 56.356, 107.554; 56.2972, 109.596; 56.3134, 111.638; 56.405, 113.677; 56.5726, 115.712; 56.8168, 117.738; 57.1381, 119.754; 57.537, 121.756; 58.0142, 123.743; 58.57, 125.71; ];
boundaryCurve{3} = [76.67, 156.62; 75.0751, 155.409; 73.5288, 154.138; 72.0325, 152.809; 70.5877, 151.424; 69.1957, 149.986; 67.8579, 148.497; 66.5757, 146.96; 65.3505, 145.376; 64.1837, 143.749; 63.0767, 142.08; 62.0309, 140.372; 61.0477, 138.627; 60.1285, 136.848; 59.2747, 135.037; 58.4877, 133.196; 57.7689, 131.328; 57.1197, 129.434; 56.5414, 127.518; 56.0355, 125.582; 55.6034, 123.628; 55.2464, 121.659; 54.9657, 119.673; 54.7589, 117.632; 54.632, 115.585; 54.5831, 113.536; 54.6103, 111.487; 54.7116, 109.441; 54.8851, 107.402; 55.1287, 105.372; 55.4406, 103.355; 55.8187, 101.353; 56.2612, 99.3688; 56.766, 97.4063; 57.3313, 95.4682; 57.955, 93.5574; 58.6352, 91.6769; 59.37, 89.8297; 60.1573, 88.0189; 60.9953, 86.2473; 61.882, 84.518; 62.8154, 82.8341; 63.7936, 81.1984; 64.8146, 79.6139; 65.19, 79.06; 64.29, 79.9837; 62.947, 81.4716; 61.6755, 83.0168; 60.4759, 84.616; 59.3488, 86.2657; 58.2946, 87.9626; 57.3137, 89.7034; 56.4066, 91.4846; 55.5736, 93.303; 54.8153, 95.1552; 54.132, 97.0377; 53.5243, 98.9474; 52.9925, 100.881; 52.5372, 102.834; 52.1586, 104.805; 51.8574, 106.789; 51.6339, 108.784; 51.4885, 110.785; 51.4218, 112.79; 51.4341, 114.795; 51.5259, 116.797; 51.6976, 118.792; 51.9497, 120.777; 52.2826, 122.749; 52.6968, 124.705; 53.1927, 126.64; 53.7707, 128.552; 54.4313, 130.438; 55.1749, 132.293; 56.0019, 134.115; 56.9129, 135.9; 57.9079, 137.644; 58.9818, 139.338; 60.1302, 140.978; 61.3499, 142.562; 62.638, 144.09; 63.9911, 145.56; 65.4063, 146.97; 66.8803, 148.32; 68.41, 149.607; 69.9924, 150.832; 71.6242, 151.993; 73.3023, 153.087; 75.0236, 154.115; 76.785, 155.074; 78.5833, 155.964; 80.4154, 156.783; 82.2782, 157.53; 84.1685, 158.204; 86.0832, 158.802; 88.0192, 159.325; 89.9733, 159.771; 91.9425, 160.138; 93.9235, 160.426; 95.9132, 160.632; 97.9086, 160.756; 99.9064, 160.796; 101.904, 160.752; 103.897, 160.621; 105.883, 160.402; 107.86, 160.095; 109.823, 159.698; 111.77, 159.21; ];
boundaryCurve{4} = [57.85, 86.19; 56.9411, 87.9847; 56.1099, 89.8137; 55.3561, 91.6742; 54.6794, 93.563; 54.0796, 95.4773; 53.5563, 97.414; 53.1095, 99.3703; 52.7387, 101.343; 52.4437, 103.33; 52.2243, 105.327; 52.0802, 107.332; 52.0112, 109.341; 52.0169, 111.353; 52.0972, 113.363; 52.2517, 115.369; 52.4803, 117.367; 52.7826, 119.356; 53.1584, 121.332; 53.6075, 123.292; 54.1295, 125.233; 54.7242, 127.151; 55.3914, 129.045; 56.1308, 130.912; 56.9421, 132.747; 57.8251, 134.548; 58.7796, 136.313; 59.8051, 138.038; 60.9016, 139.721; 62.0687, 141.358; 63.3057, 142.946; 64.6075, 144.478; 65.9708, 145.952; 67.3927, 147.369; 68.8706, 148.725; 70.4016, 150.022; 71.9828, 151.257; 73.6115, 152.43; 75.2849, 153.54; 77.0001, 154.585; 78.7543, 155.566; 80.5448, 156.48; 82.3687, 157.327; 84.2233, 158.106; 86.1056, 158.816; 88.013, 159.455; 89.9426, 160.024; 91.8915, 160.521; 93.8571, 160.945; 95.8364, 161.295; 97.8267, 161.571; 99.8252, 161.77; 101.829, 161.893; 103.835, 161.938; 105.842, 161.904; 107.845, 161.79; 109.842, 161.596; 111.83, 161.32; 113.807, 160.962; 115.77, 160.52; ];
boundaryCurve{5} = [123.8, 156.31; 125.47, 155.177; 127.097, 153.984; 128.68, 152.732; 130.216, 151.425; 131.704, 150.063; 133.144, 148.649; 134.533, 147.185; 135.87, 145.673; 137.154, 144.116; 138.383, 142.514; 139.555, 140.871; 140.67, 139.188; 141.726, 137.468; 142.722, 135.712; 143.655, 133.922; 144.525, 132.101; 145.33, 130.251; 146.069, 128.373; 146.74, 126.47; 147.342, 124.544; 147.873, 122.597; 148.319, 120.69; 148.682, 118.852; 148.98, 117.001; 149.215, 115.138; 149.384, 113.263; 149.489, 111.377; 149.528, 109.48; 149.501, 107.573; 149.407, 105.657; 149.246, 103.731; 149.017, 101.797; 148.721, 99.854; 148.356, 97.9039; 147.922, 95.9467; 147.418, 93.983; 146.845, 92.0132; 146.201, 90.0379; 145.486, 88.0576; 144.7, 86.0728; 143.842, 84.0841; 142.912, 82.0919; 141.909, 80.0968; 140.833, 78.0994; 139.86, 76.4; 140.059, 76.6288; 141.344, 78.1854; 142.56, 79.7947; 143.706, 81.4535; 144.78, 83.1586; 145.784, 84.9068; 146.715, 86.695; 147.573, 88.5198; 148.357, 90.3782; 149.068, 92.2668; 149.703, 94.1826; 150.263, 96.1222; 150.747, 98.0826; 151.154, 100.06; 151.483, 102.053; 151.734, 104.056; 151.905, 106.067; 151.998, 108.083; 152.01, 110.1; 151.941, 112.116; 151.79, 114.126; 151.557, 116.129; 151.242, 118.12; 150.842, 120.097; 150.358, 122.056; 149.776, 124.036; 148.994, 126.295; 148.105, 128.51; 147.118, 130.674; 146.044, 132.785; 144.891, 134.837; 143.671, 136.827; 142.392, 138.751; 141.064, 140.603; 139.697, 142.381; 138.301, 144.079; 136.886, 145.693; 135.46, 147.22; 134.035, 148.654; 132.619, 149.993; 131.223, 151.23; 129.856, 152.364; 128.528, 153.388; 127.249, 154.299; 126.028, 155.092; 124.875, 155.764; ];
