segmentsStart = [274.8, 7.72547; 274.8, 7.72547; 240.7, 23.3255; 240.7, 23.3255; 256.2, 19.0255; 256.2, 19.0255; 210.7, 41.2255; 210.7, 41.2255; 231, 26.8255; 231, 26.8255; 207.7, 41.2255; 207.7, 41.2255; 191, 89.7255; 191, 89.7255; 206.5, 59.2255; 206.5, 59.2255; 217.9, 280.825; 217.9, 280.825; 202.3, 68.1255; 202.3, 68.1255; 180.1, 241.725; 180.1, 241.725; 186.7, 95.7255; 186.7, 95.7255; 170.5, 235.825; 170.5, 235.825; 175.4, 126.225; 175.4, 126.225; 186.505, 258.658; 186.505, 258.658; 186.507, 258.658; 186.507, 258.658; 186.2, 251.825; 186.2, 251.825; 165.2, 190.925; 165.2, 190.925; 204.7, 281.925; 204.7, 281.925; 168.2, 225.025; 168.2, 225.025; 220.9, 283.026; 220.9, 283.026; 197.5, 274.125; 197.5, 274.125; 224.4, 282.525; 224.4, 282.525; 293.9, 102.925; 293.9, 102.925; 260.4, 198.825; 260.4, 198.825; 273.6, 150.225; 273.6, 150.225; 258, 231.625; 258, 231.625; 260.4, 179.525; 260.4, 179.525; 204.8, 279.525; 204.8, 279.525; 199.3, 271.725; 199.3, 271.725; 276, 132.825; 276, 132.825; 262.8, 178.325; 262.8, 178.325; 292.7, 107.625; 292.7, 107.625; 292.1, 104.725; 292.1, 104.725; 258, 242.425; 258, 242.425; 258.6, 183.125; 258.6, 183.125; 252.6, 266.925; 252.6, 266.925; 258, 219.625; 258, 219.625; 243.6, 271.725; 243.6, 271.725; 293.9, 107.125; 293.9, 107.125; 344.2, 164.025; 344.2, 164.025; 290.9, 105.325; 290.9, 105.325; 507.1, 286.925; 507.1, 286.925; 296.9, 108.925; 296.9, 108.925; 400.5, 202.925; 400.5, 202.925; 296.9, 110.025; 296.9, 110.025; 426.8, 215.925; 426.8, 215.925; 323.3, 133.425; 323.3, 133.425; 441.2, 221.425; 441.2, 221.425; 336.4, 147.825; 336.4, 147.825; 435.8, 220.925; 435.8, 220.925; 363.4, 161.525; 363.4, 161.525; 470.601, 245.425; 470.601, 245.425; 387.3, 183.725; 387.3, 183.725; 483.1, 266.425; 483.1, 266.425; 332.2, 155.625; 332.2, 155.625; 302.3, 122.725; 302.3, 122.725; 304.1, 123.225; 304.1, 123.225; 362.2, 169.925; 362.2, 169.925; 305.9, 121.425; 305.9, 121.425; 486.2, 260.425; 486.2, 260.425; 437.6, 223.225; 437.6, 223.225; 507.7, 292.725; 507.7, 292.725; 472.4, 248.425; 472.4, 248.425; 504.662, 291.469; 504.662, 291.469; 504.137, 289.988; 504.137, 289.988; 504.7, 295.225; 504.7, 295.225; 409.5, 231.025; 409.5, 231.025; 405.56, 229.38; 405.56, 229.38; 405.561, 229.381; 405.561, 229.381; 479, 282.525; 479, 282.525; 419.1, 228.625; 419.1, 228.625; 502.899, 285.526; 502.899, 285.526; 450.8, 258.025; 450.8, 258.025; 496.826, 287.314; 496.826, 287.314; 461, 267.525; 461, 267.525; 499.801, 283.025; 499.801, 283.025; 494.5, 289.125; 494.5, 289.125; 497.5, 286.725; 497.5, 286.725; 412.5, 231.025; 412.5, 231.025; 405.481, 227.219; 405.481, 227.219; 405.482, 227.221; 405.482, 227.221; 477.2, 277.725; 477.2, 277.725; 414.9, 232.225; 414.9, 232.225; 496.3, 285.525; 496.3, 285.525; 398.7, 250.825; 398.7, 250.825; 392.644, 248.637; 392.644, 248.637; 392.645, 248.638; 392.645, 248.638; 473.6, 293.425; 473.6, 293.425; 365.8, 229.825; 365.8, 229.825; 472.3, 292.625; 472.3, 292.625; 370.6, 232.225; 370.6, 232.225; 492.1, 302.325; 492.1, 302.325; 444.2, 280.725; 444.2, 280.725; 510.7, 301.725; 510.7, 301.725; 498.7, 290.925; 498.7, 290.925; 453.301, 284.926; 453.301, 284.926; 450.2, 282.525; 450.2, 282.525; 509.401, 308.224; 509.401, 308.224; 511.3, 309.525; 511.3, 309.525; 393.999, 271.825; 393.999, 271.825; 382.5, 266.325; 382.5, 266.325; 484.3, 317.826; 484.3, 317.826; 393.3, 269.925; 393.3, 269.925; 518.904, 325.511; 518.904, 325.511; 462.8, 305.325; 462.8, 305.325; 514.4, 311.325; 514.4, 311.325; 510.7, 309.525; 510.7, 309.525; 388.6, 269.325; 388.6, 269.325; 352.104, 286.751; 352.104, 286.751; 506.5, 326.826; 506.5, 326.826; 508.3, 325.625; 508.3, 325.625; 353.1, 280.725; 353.1, 280.725; 341.2, 276.525; 341.2, 276.525; 521.941, 339.026; 521.941, 339.026; 521.941, 339.025; 521.941, 339.025; 517.301, 337.625; 517.301, 337.625; 483.1, 332.825; 483.1, 332.825; 523.801, 340.026; 523.801, 340.026; 525.1, 344.225; 525.1, 344.225; 389.099, 301.127; 389.099, 301.127; 257.4, 248.425; 257.4, 248.425; 373, 325.025; 373, 325.025; 257.4, 253.225; 257.4, 253.225; 441.9, 343.725; 441.9, 343.725; 337.6, 307.125; 337.6, 307.125; 440.67, 331.137; 440.67, 331.137; 259.2, 252.625; 259.2, 252.625; 426.238, 332; 426.238, 332; 263.362, 252.48; 263.362, 252.48; 431.1, 330.425; 431.1, 330.425; 335.8, 305.325; 335.8, 305.325; 447.8, 335.826; 447.8, 335.826; 383.1, 328.625; 383.1, 328.625; 450.1, 331.026; 450.1, 331.026; 455, 330.425; 455, 330.425; 350.2, 315.526; 350.2, 315.526; 344.8, 312.425; 344.8, 312.425; 450.2, 335.826; 450.2, 335.826; 449, 334.625; 449, 334.625; 370, 318.425; 370, 318.425; 450.2, 335.825; 450.2, 335.825; 446, 413.625; 446, 413.625; 446, 414.225; 446, 414.225; 448.106, 334.141; 448.106, 334.141; 448.106, 334.143; 448.106, 334.143; 447.265, 412.765; 447.265, 412.765; 447.264, 412.767; 447.264, 412.767; 453.9, 371.027; 453.9, 371.027; 380.492, 354.189; 412.999, 407.125; 412.999, 407.125; 386.7, 355.025; 386.7, 355.025; 411.899, 407.124; 411.899, 407.124; 388.5, 358.625; 388.5, 358.625; 424.5, 414.325; 424.5, 414.325; 420.304, 413.334; 420.304, 413.334; 387.999, 354.326; 387.999, 354.326; 384.9, 353.225; 384.9, 353.225; 417.801, 410.625; 417.801, 410.625; 462.2, 362.125; 462.2, 362.125; 490.9, 338.725; 490.9, 338.725; 483.676, 345.499; 483.676, 345.499; 465.985, 362.255; 465.985, 362.255; 465.986, 362.254; 465.986, 362.254; 483.1, 343.625; 483.1, 343.625; 489.1, 337.625; 489.1, 337.625; 460.811, 357.993; 460.811, 357.993; 460.811, 357.993; 460.811, 357.993; 487.608, 339.031; 487.608, 339.031; 488.5, 339.425; 488.5, 339.425; 477.7, 356.825; 477.7, 356.825; 478.3, 350.825; 478.3, 350.825; 494.099, 402.129; 494.099, 402.129; 494.098, 402.13; 494.098, 402.13; 487.2, 394.525; 487.2, 394.525; 489.7, 395.725; 489.7, 395.725; 480.7, 355.025; 480.7, 355.025; 494.064, 406.909; 494.064, 406.909; 494.063, 406.909; 494.063, 406.909; 491, 402.224; 491, 402.224; 477.7, 350.825; 477.7, 350.825; 489.749, 397.235; 489.749, 397.235; 480.1, 355.625; 480.1, 355.625; 490.405, 397.572; 490.405, 397.572; 481.9, 381.925; 481.9, 381.925; 493.3, 407.625; 493.3, 407.625; 482.5, 381.925; 482.5, 381.925; 514.301, 436.925; 514.301, 436.925; 487.9, 393.325; 487.9, 393.325; 514.533, 444.043; 514.533, 444.043; 506.5, 465.125; 506.5, 465.125; 538.2, 476.525; 538.2, 476.525; 428, 460.325; 428, 460.325; 648.4, 553.125; 648.4, 553.125; 647.8, 550.825; 647.8, 550.825; 419.481, 455.114; 419.481, 455.114; 419.481, 455.114; 419.481, 455.114; 613.7, 525.224; 613.7, 525.224; 429.8, 456.225; 429.8, 456.225; 634.6, 540.025; 634.6, 540.025; 433.4, 444.225; 433.4, 444.225; 501.1, 444.826; 501.1, 444.826; 445.4, 442.425; 445.4, 442.425; 522, 453.825; 522, 453.825; 498.1, 444.225; 498.1, 444.225; 562.8, 470.526; 562.8, 470.526; 511.3, 445.425; 511.3, 445.425; 502.9, 446.625; 502.9, 446.625; 565.2, 475.425; 565.2, 475.425; 529.8, 454.425; 529.8, 454.425; 614.3, 512.425; 614.3, 512.425; 545.4, 463.325; 545.4, 463.325; 636.4, 529.825; 636.4, 529.825; 561.6, 471.125; 561.6, 471.125; 655.661, 546.895; 655.661, 546.895; 656.2, 545.425; 656.2, 545.425; 562.8, 470.525; 562.8, 470.525; 656.2, 544.825; 656.2, 544.825; 504.7, 443.025; 504.7, 443.025; 573.6, 480.125; 573.6, 480.125; 478.999, 441.224; 478.999, 441.224; 525.1, 452.625; 525.1, 452.625; 484.4, 442.425; 484.4, 442.425; 471.2, 440.625; 471.2, 440.625; 453.2, 438.225; 453.2, 438.225; 395.7, 457.425; 395.7, 457.425; 438.659, 441.22; 438.659, 441.22; 498.699, 446.624; 498.699, 446.624; 440, 463.925; 440, 463.925; 438.293, 459.785; 438.293, 459.785; 438.293, 459.785; 438.293, 459.785; 447.801, 489.125; 447.801, 489.125; 439.119, 464.47; 439.119, 464.47; 446.924, 487.143; 446.924, 487.143; 445.93, 486.942; 459.8, 499.824; 459.8, 499.824; 444.8, 486.125; 444.8, 486.125; 468.199, 504.125; 468.199, 504.125; 449.6, 490.325; 449.6, 490.325; 467.593, 501.221; 467.593, 501.221; 465.8, 502.925; 465.8, 502.925; 463.4, 484.325; 463.4, 484.325; 466.825, 499.875; 466.825, 499.875; 459.657, 463.559; 459.657, 463.559; 459.657, 463.559; 459.657, 463.559; 