radius = 13.755593;
cppContour{1} = [559.2 550.225; 561.1147311266016 553.732574246196;560.5765534217172 556.9860343679208;559.011233762548 557.141345210739;559.1807218222777 554.2584172838348;558.5545085489485 550.3121096232418;557.4904017564583 546.4595312107488;557.0819260530754 545.2606615804996;556.6161535918714 543.7384934248535;555.2848512785794 540.0448866282521;554.0059606496104 536.3331192903972;552.7975891122483 532.5974067469068;551.5357777505615 528.8794252554262;550.2203992777111 525.1800494683019;548.8587708286469 521.4974347765595;547.4557962869935 517.8303626537164;546.0186770503283 514.1765287310652;544.5526792789216 510.5341776205999;543.0643814990266 506.9008747548216;541.5605392122477 503.2739756278074;540.0477323895467 499.6508039561862;538.6047545285128 495.9997442417378;537.2831659496552 492.3025710025294;535.951449372152 488.6090692878561;534.5015999657682 484.9607478764148;533.6956809186656 483.3196672176656;533.4 481.925;535.6164944959866 478.7785998382084;539.3101835272553 480.2415108600762;542.9860256644836 481.7487005632569;546.6429117402802 483.3013257467373;550.279766303855 484.9003033440314;553.8965342665047 486.5442012801599;557.4908759311716 488.2365921000525;560.7587876397899 489.8276132132964;562.543265572386 490.7917528436014;566.0174150256275 492.7168748884114;569.4713264817036 494.6780908628326;572.906371349022 496.6721597679545;576.3231604701602 498.6973593974012;579.7220805839009 500.7524176196447;583.1054537781489 502.8329700748275;586.4658229825476 504.9503559838844;589.776815394482 507.1441061382704;593.0435636704887 509.4032602779047;596.2717991918395 511.7171751816725;599.4675471992497 514.0757744303609;602.6387138347413 516.4673410603959;605.7922482476008 518.8821297951218;613.7 525.224;624.7584001059643 533.3101273932194;627.997511952971 535.6088079091602;631.2758793740485 537.8510973718274;634.6 540.025;638.848503387019 543.0101560550804;641.8446661235977 545.6009557895344;648.4 553.125;655.6613130000001 546.894528;656.2 545.425;656.2 544.825;654.2720501636676 541.4026024523494;651.9022226430773 538.2683815790454;649.274411754702 535.3462499893709;646.4809289804975 532.5812940930659;643.5778535453619 529.9313991571738;640.60588600689 527.3587692846713;637.594643024303 524.8321220260722;634.5746799811396 522.3158668499077;631.5873713116584 519.7611027777268;628.6638331489099 517.1335777377983;625.733417197876 514.5136205388119;622.7774363384749 511.9225318083331;619.7965477683325 509.3601415990854;616.790611697616 506.8271808369647;613.7595692010548 504.324314193663;610.7038369322781 501.8516536093542;607.62340284121 499.4098344810732;604.5181610202476 496.9996391259363;601.3886555836963 494.6210398122925;598.2352884114453 492.2741613236948;595.0572852390981 489.9607449324416;591.8555018924844 487.6803542140028;588.6299829602069 485.4336596259559;585.3809949363214 483.2210314670866;582.1075484866822 481.0447565222431;578.8120937307767 478.901963884301;575.4930518071469 476.7958861009149;572.151125152959 474.7263258537463;568.7867832737192 472.6934170372631;565.4003776907227 470.6974674744533;561.9914924425877 468.7401744003706;558.561120384624 466.8207974365586;555.1091426511314 464.9405383506092;551.6355315961124 463.1005668067307;548.1411236938827 461.3004063897985;544.6262580402563 459.5405166006595;541.0908646289316 457.8222516668442;539.4979813724426 457.0710000901485;541.8 457.425;539.4979813724426 457.0710000901485;537.535600157164 456.1454821803767;533.9604889527055 454.511447275151;530.3659788444652 452.9205543298437;526.7530893904408 451.3718473903791;523.1211655459982 449.8683054896255;517.6688605592623 444.4052048473512;514.301 436.925;506.1752645239714 426.332036852091;504.4372861780491 422.8215309760725;502.7274132686027 419.297286115895;501.0937087438505 415.7372539892594;499.6026735503842 412.1155069031188;498.2984254948842 408.4222079294759;497.0589522552004 404.7063414966374;495.8640364392139 400.9759031092641;494.713344138674 397.2315917958074;494.1793034844981 395.4198176028362;494.2359145714161 394.5106353580738;493.4882070186626 393.057667568733;492.5414678283012 389.7045138135761;491.5215007666805 385.9225029133859;490.5429262769535 382.1295641809459;489.6087244415553 378.3254489531108;488.7173787706569 374.51107266485;487.8699301718535 370.6866990589979;487.0667485787295 366.8527763441433;486.2994794525632 363.0114928081465;485.5561050444513 359.1656542834921;485.064215071332 355.8725496158356;484.9 353.225;489.7456091043344 342.4122504632815;490.3635378986673 340.4385184789647;492.89584580331 341.0567727958877;496.7727304870883 341.944805303201;500.6625796534955 342.7741923000804;504.552163233882 343.6034086353234;508.4134537970308 344.5571249329129;512.2845388324739 345.4698178828819;516.1808267396376 346.2670015190885;520.1107048503105 346.8741320247972;524.0747781877672 347.1664436706483;528.0258056887452 346.8506964258227;531.3709582930646 344.906433876443;529.9226487721979 341.6659948850722;526.8935774891005 339.091271888925;525.3263091825008 337.9400081791838;524.7062479174052 336.6207008000759;518.904489 325.511122;520.1756264819188 321.6385990331343;519.6110794461135 319.5783628418754;519.5980609181055 317.0946254626143;519.1687217763194 316.5994028360332;519.1953630118746 316.4751253044143;517.8685232500767 312.856674570778;509.401 308.224;513.2487985702513 306.4020474740707;514.1818884938552 303.4947932901404;507.7 292.725;507.1 286.925;505.3343697574259 283.3661427283092;503.3670986056538 279.9147261045785;501.2159080932873 276.5749242338352;498.8986484759237 273.3479680523881;496.4258204145578 270.2386060415531;493.8212828463514 267.2387337009029;491.0998122656779 264.3443564930543;488.2719945067938 261.5537652009389;485.356836305486 258.8545317102382;482.3650326622332 256.2404018401794;479.3055100016234 253.7058388077765;470.601 245.425;467.4570903294995 243.1322595418299;464.3191691177378 240.8313312104318;461.1868594439539 238.5227695458133;458.0609853224349 236.2055002953901;454.9411133970262 233.8801570134896;451.827088826271 231.5469879957414;448.7192747008484 229.2055544489832;441.2 221.425;438.340677595913 218.6434912794035;435.3476851030771 216.0061426294577;432.2434565481527 213.5005665267235;429.0567390991263 211.1007250510453;425.8083946892012 208.7848487183395;422.5168241850309 206.5307330842858;419.1991298712372 204.3152049857739;415.8713569993154 202.1148168667675;412.5496735907775 199.9052594384497;409.2502240538339 197.6626979385916;405.9790845458251 195.3789940565838;404.2369573016067 194.1600237048838;402.8982687973993 193.0585860504121;399.9003505389426 190.5780015180451;396.9110433429938 188.087045967732;393.9064248033053 185.6147391847103;390.8420479195107 183.2169831797773;387.728843206057 180.8828209771761;384.5865195778227 178.5879417050843;381.4348999271875 176.3058103047919;378.2910513401483 174.0130074711144;375.174759390517 171.6829724391567;372.1041970965455 169.2930901359327;369.1035730526025 166.8160400652866;366.1941964258722 164.2326384332876;363.4 161.525;353.510731728752 159.0302627490044;350.1694946006477 156.8503781104846;346.8418112181261 154.6498869820298;343.5438915385419 152.40512623231;340.2921118012068 150.0941058152724;337.1073007038782 147.6917933018089;334.0104667946491 145.1772321564571;331.0369683874417 142.5181509605366;328.2231908951707 139.6911189323293;325.6200938572846 136.6691703189696;323.3 133.425;313.6913862185631 126.4549261012317;310.8955778589161 123.7137907593862;308.096853290059 120.9756324582434;305.2970812185949 118.2385455598406;302.4973454702782 115.5014212021337;299.6977244515002 112.7641798192626;297.28074789125 106.6455824347422;297.952252925005 102.6254935405536;301.6821597829564 103.9514767634526;305.5760119976932 104.6740117752136;309.5257778534792 104.9820975984118;313.4883062284404 104.9996676905464;317.4484441996343 104.8489887626973;321.407892591752 104.677244784351;325.3689065006521 104.546450156975;329.3310431325612 104.4559436593766;333.2938637153861 104.4032927382861;