boundaryCurve{1} = [5.771, 147.085; 6.18896, 145.141; 6.62872, 143.201; 7.0902, 141.265; 7.5733, 139.333; 8.07793, 137.406; 8.60399, 135.484; 9.15138, 133.566; 9.72001, 131.654; 10.3098, 129.747; 10.9206, 127.845; 11.5524, 125.948; 12.205, 124.058; 12.8784, 122.173; 13.5725, 120.295; 14.2872, 118.422; 15.0223, 116.556; 15.7778, 114.697; 16.5536, 112.845; 17.3496, 110.999; 18.1657, 109.161; 19.0018, 107.329; 19.8578, 105.506; 20.7336, 103.69; 21.6292, 101.881; 22.5444, 100.081; 23.479, 98.2891; 24.4332, 96.5053; 25.4066, 94.7301; 26.3994, 92.9635; 27.4112, 91.2058; 28.4421, 89.4571; 29.492, 87.7176; 30.5607, 85.9875; 31.6482, 84.267; 32.7544, 82.5561; 33.8792, 80.8552; 35.0224, 79.1643; 36.1841, 77.4836; 37.364, 75.8134; 38.5621, 74.1537; 39.7783, 72.5048; 41.0125, 70.8669; 42.2647, 69.24; 43.5346, 67.6245; 44.8223, 66.0203; 46.1276, 64.4278; 47.4505, 62.8471; 48.7908, 61.2784; 50.1484, 59.7218; 51.5233, 58.1775; 52.9153, 56.6458; 54.3244, 55.1266; 55.7504, 53.6204; 57.1933, 52.1271; 58.653, 50.647; ];
boundaryCurve{2} = [5.011, 156.335; 4.92047, 154.326; 5.01882, 152.319; 5.27338, 150.319; 5.6515, 148.327; 6.1205, 146.346; 6.64772, 144.378; 7.19412, 142.455; 7.75619, 140.546; 8.33652, 138.641; 8.93504, 136.742; 9.55169, 134.846; 10.1864, 132.956; 10.8391, 131.071; 11.5096, 129.191; 12.198, 127.316; 12.9042, 125.446; 13.628, 123.582; 14.3695, 121.724; 15.1285, 119.871; 15.905, 118.024; 16.6988, 116.183; 17.51, 114.349; 18.3385, 112.52; 19.1841, 110.698; 20.0468, 108.883; 20.9265, 107.074; 21.8232, 105.272; 22.7368, 103.477; 23.6672, 101.688; 24.6144, 99.9073; 25.5782, 98.1336; 26.5586, 96.3672; 27.5555, 94.6083; 28.5689, 92.8571; 29.5986, 91.1137; 30.6447, 89.3782; 31.707, 87.6507; 32.7854, 85.9313; 33.88, 84.2203; 34.9905, 82.5177; 36.117, 80.8236; 37.2593, 79.1381; 38.4175, 77.4615; 39.5913, 75.7938; 40.7809, 74.1351; 41.9859, 72.4856; 43.2065, 70.8455; 44.4426, 69.2147; 45.6939, 67.5935; 46.9606, 65.982; 48.2425, 64.3802; 49.5395, 62.7884; 50.8516, 61.2067; 52.1787, 59.6352; 53.5207, 58.074; 54.8775, 56.5232; 56.2492, 54.983; 57.6355, 53.4534; 59.0365, 51.9347; 60.452, 50.427; ];
boundaryCurve{3} = [0.478, 155.341; 1.06826, 153.452; 1.67194, 151.567; 2.28897, 149.685; 2.91934, 147.807; 3.56299, 145.932; 4.21989, 144.062; 4.89001, 142.195; 5.57329, 140.332; 6.2697, 138.473; 6.97921, 136.618; 7.70176, 134.767; 8.43734, 132.92; 9.18588, 131.077; 9.94736, 129.239; 10.7217, 127.405; 11.509, 125.576; 12.309, 123.751; 13.1218, 121.931; 13.9474, 120.115; 14.7857, 118.304; 15.6366, 116.498; 16.5001, 114.696; 17.3763, 112.9; 18.2649, 111.109; 19.1661, 109.322; 20.0797, 107.541; 21.0058, 105.765; 21.9443, 103.995; 22.895, 102.23; 23.8581, 100.47; 24.8335, 98.7154; 25.8211, 96.9666; 26.8209, 95.2234; 27.8328, 93.486; 28.8568, 91.7543; 29.8929, 90.0285; 30.9411, 88.3086; 32.0012, 86.5947; 33.0733, 84.8868; 34.1573, 83.1851; 35.2532, 81.4895; 36.3609, 79.8003; 37.4804, 78.1173; 38.6117, 76.4408; 39.7546, 74.7707; 40.9093, 73.1072; 42.0756, 71.4503; 43.2535, 69.8; 44.443, 68.1566; 45.6439, 66.5199; 46.8564, 64.8902; 48.0803, 63.2674; 49.3156, 61.6517; 50.5623, 60.043; 51.8203, 58.4415; 53.0895, 56.8473; 54.3701, 55.2604; 55.6618, 53.6809; 56.9647, 52.1088; 58.2787, 50.5442; 59.6038, 48.9873; 60.94, 47.438; ];
boundaryCurve{4} = [14.609, 110.262; 13.8332, 108.541; 13.0902, 106.797; 12.38, 105.03; 11.7027, 103.242; 11.0582, 101.433; 10.4467, 99.6042; 9.86794, 97.7563; 9.32212, 95.8902; 8.80919, 94.0068; 8.32915, 92.107; 7.88203, 90.1917; 7.46781, 88.2617; 7.08653, 86.3179; 6.73817, 84.3612; 6.42275, 82.3924; 6.14028, 80.4124; 5.89077, 78.4221; 5.67421, 76.4223; 5.49063, 74.4139; 5.34003, 72.3979; 5.22242, 70.375; 5.1378, 68.3461; 5.08618, 66.3121; 5.06757, 64.2739; 5.08199, 62.2324; 5.12943, 60.1883; 5.2099, 58.1426; 5.32342, 56.0962; 5.46999, 54.0498; 5.64961, 52.0045; 5.86231, 49.961; 6.10808, 47.9203; 6.38693, 45.8831; 6.69887, 43.8505; 7.04391, 41.8231; 7.42206, 39.802; 7.83332, 37.7879; 8.27771, 35.7818; 8.75522, 33.7845; 9.26587, 31.7969; 9.80967, 29.8199; 10.3866, 27.8542; 10.9967, 25.9009; 11.64, 23.9608; 12.3165, 22.0346; 13.0262, 20.1234; 13.769, 18.228; ];
boundaryCurve{5} = [17.07, 112.96; 15.9975, 111.345; 15.0402, 109.621; 14.1809, 107.808; 13.4025, 105.926; 12.6876, 103.993; 12.0191, 102.031; 11.3888, 100.086; 10.7926, 98.1972; 10.2087, 96.2998; 9.6384, 94.3936; 9.08288, 92.4788; 8.54337, 90.5552; 8.02109, 88.623; 7.51724, 86.6821; 7.03305, 84.7325; 6.56973, 82.7741; 6.12851, 80.8071; 5.71059, 78.8312; 5.31721, 76.8467; 4.94957, 74.8533; 4.60889, 72.8513; 4.29639, 70.8404; 4.01329, 68.8208; 3.7608, 66.7923; 3.54014, 64.7551; 3.35254, 62.7091; 3.1992, 60.6542; 3.08135, 58.5905; 3.0015, 56.5514; 2.96046, 54.5354; 2.95763, 52.5124; 2.99365, 50.484; 3.06917, 48.4524; 3.18484, 46.4192; 3.34131, 44.3865; 3.53922, 42.3561; 3.77923, 40.3299; 4.06198, 38.3098; 4.38811, 36.2976; 4.75829, 34.2953; 5.17315, 32.3047; 5.63334, 30.3278; 6.13952, 28.3663; 6.69232, 26.4223; 7.2924, 24.4976; 7.94041, 22.594; 8.63699, 20.7135; 9.38279, 18.858; 10.1785, 17.0293; 11.0246, 15.2294; 11.922, 13.46; ];
boundaryCurve{6} = [15.158, 116.325; 14.342, 114.609; 13.5564, 112.87; 12.8012, 111.109; 12.0765, 109.327; 11.3822, 107.525; 10.7184, 105.703; 10.085, 103.862; 9.4822, 102.003; 8.90989, 100.126; 8.36812, 98.233; 7.85691, 96.3239; 7.37628, 94.3997; 6.92625, 92.461; 6.50684, 90.5087; 6.11806, 88.5435; 5.75993, 86.5661; 5.43248, 84.5774; 5.13572, 82.5779; 4.86966, 80.5686; 4.63434, 78.5501; 4.42976, 76.5232; 4.25594, 74.4886; 4.11291, 72.4472; 4.00068, 70.3996; 3.91927, 68.3466; 3.86869, 66.2889; 3.84898, 64.2273; 3.86014, 62.1626; 3.90219, 60.0954; 3.97516, 58.0266; 4.07906, 55.957; 4.2139, 53.8871; 4.37972, 51.8179; 4.57652, 49.75; 4.80432, 47.6842; 5.06315, 45.6212; 5.35303, 43.5619; 5.67396, 41.5069; 6.02597, 39.457; 6.40908, 37.4129; 6.8233, 35.3754; 7.26866, 33.3453; 7.74517, 31.3233; 8.25286, 29.3102; 8.79173, 27.3066; 9.36181, 25.3134; 9.96312, 23.3314; 10.5957, 21.3611; 11.2595, 19.4035; 11.9546, 17.4592; 12.681, 15.529; ];
boundaryCurve{7} = [19.765, 73.981; 19.871, 71.8655; 19.9633, 69.7435; 20.0404, 67.6165; 20.101, 65.486; 20.1437, 63.3533; 20.1671, 61.22; 20.1698, 59.0875; 20.1505, 56.9571; 20.1078, 54.8304; 20.0402, 52.7088; 19.9465, 50.5938; 19.8252, 48.4868; 19.675, 46.3892; 19.4944, 44.3025; 19.2822, 42.2281; 19.0369, 40.1675; 18.7571, 38.1221; 18.4414, 36.0934; 18.0886, 34.0828; 17.6971, 32.0918; 17.2657, 30.1217; 16.7929, 28.1741; 16.2774, 26.2504; 15.7177, 24.352; 15.1126, 22.4804; 14.4606, 20.637; 13.7603, 18.8233; 13.0104, 17.0407; 12.2094, 15.2906; 11.3561, 13.5746; 10.449, 11.894; ];
boundaryCurve{8} = [20.141, 81.024; 19.8925, 79.0051; 19.6435, 76.9858; 19.3935, 74.9665; 19.1421, 72.9472; 18.8887, 70.9283; 18.633, 68.9098; 18.3745, 66.8921; 18.1128, 64.8753; 17.8473, 62.8597; 17.5777, 60.8454; 17.3035, 58.8326; 17.0243, 56.8216; 16.7395, 54.8125; 16.4488, 52.8056; 16.1517, 50.8011; 15.8477, 48.7991; 15.5365, 46.7999; 15.2174, 44.8038; 14.8902, 42.8108; 14.5543, 40.8212; 14.2093, 38.8352; 13.8547, 36.853; 13.4901, 34.8748; 13.1151, 32.9009; 12.7291, 30.9313; 12.3318, 28.9665; 11.9227, 27.0064; 11.5013, 25.0514; 11.0672, 23.1017; 10.6199, 21.1574; 10.159, 19.2188; 9.684, 17.286; ];
boundaryCurve{9} = [8.94, 13.327; 9.86923, 14.9802; 10.7242, 16.6844; 11.5086, 18.4364; 12.2258, 20.2332; 12.8794, 22.0718; 13.473, 23.9491; 14.0101, 25.862; 14.4942, 27.8076; 14.9288, 29.7826; 15.3176, 31.7841; 15.664, 33.809; 15.9716, 35.8543; 16.244, 37.9168; 16.4846, 39.9936; 16.697, 42.0816; 16.8847, 44.1777; 17.0514, 46.2788; 17.2004, 48.3819; 17.3355, 50.484; 17.46, 52.5819; 17.5776, 54.6727; 17.6898, 56.7083; 17.8016, 58.7369; 17.9134, 60.7654; 18.0252, 62.7939; 18.137, 64.8225; 18.2488, 66.8511; 18.3606, 68.8798; 18.4724, 70.9085; 18.5842, 72.9372; 18.696, 74.966; ];
