boundaryCurve{1} = [14.112, 153.895; 14.53, 151.951; 14.9697, 150.011; 15.4312, 148.075; 15.9143, 146.143; 16.4189, 144.216; 16.945, 142.294; 17.4924, 140.376; 18.061, 138.464; 18.6508, 136.557; 19.2616, 134.655; 19.8934, 132.758; 20.546, 130.868; 21.2194, 128.983; 21.9135, 127.105; 22.6282, 125.232; 23.3633, 123.366; 24.1188, 121.507; 24.8946, 119.655; 25.6906, 117.809; 26.5067, 115.971; 27.3428, 114.139; 28.1988, 112.316; 29.0746, 110.5; 29.9702, 108.691; 30.8854, 106.891; 31.82, 105.099; 32.7742, 103.315; 33.7476, 101.54; 34.7404, 99.7735; 35.7522, 98.0158; 36.7831, 96.2671; 37.833, 94.5276; 38.9017, 92.7975; 39.9892, 91.077; 41.0954, 89.3661; 42.2202, 87.6652; 43.3634, 85.9743; 44.5251, 84.2936; 45.705, 82.6234; 46.9031, 80.9637; 48.1193, 79.3148; 49.3535, 77.6769; 50.6057, 76.05; 51.8756, 74.4345; 53.1633, 72.8303; 54.4686, 71.2378; 55.7915, 69.6571; 57.1318, 68.0884; 58.4894, 66.5318; 59.8643, 64.9875; 61.2563, 63.4558; 62.6654, 61.9366; 64.0914, 60.4304; 65.5343, 58.9371; 66.994, 57.457; ];
boundaryCurve{2} = [13.352, 163.145; 13.2615, 161.136; 13.3598, 159.129; 13.6144, 157.129; 13.9925, 155.137; 14.4615, 153.156; 14.9887, 151.188; 15.5351, 149.265; 16.0972, 147.356; 16.6775, 145.451; 17.276, 143.552; 17.8927, 141.656; 18.5274, 139.766; 19.1801, 137.881; 19.8506, 136.001; 20.539, 134.126; 21.2452, 132.256; 21.969, 130.392; 22.7105, 128.534; 23.4695, 126.681; 24.246, 124.834; 25.0398, 122.993; 25.851, 121.159; 26.6795, 119.33; 27.5251, 117.508; 28.3878, 115.693; 29.2675, 113.884; 30.1642, 112.082; 31.0778, 110.287; 32.0082, 108.498; 32.9554, 106.717; 33.9192, 104.944; 34.8996, 103.177; 35.8965, 101.418; 36.9099, 99.6671; 37.9396, 97.9237; 38.9857, 96.1882; 40.048, 94.4607; 41.1264, 92.7413; 42.221, 91.0303; 43.3315, 89.3277; 44.458, 87.6336; 45.6003, 85.9481; 46.7585, 84.2715; 47.9323, 82.6038; 49.1219, 80.9451; 50.3269, 79.2956; 51.5475, 77.6555; 52.7836, 76.0247; 54.0349, 74.4035; 55.3016, 72.792; 56.5835, 71.1902; 57.8805, 69.5984; 59.1926, 68.0167; 60.5197, 66.4452; 61.8617, 64.884; 63.2185, 63.3332; 64.5902, 61.793; 65.9765, 60.2634; 67.3775, 58.7447; 68.793, 57.237; ];
boundaryCurve{3} = [8.819, 162.151; 9.40931, 160.262; 10.013, 158.377; 10.6301, 156.495; 11.2605, 154.617; 11.9042, 152.742; 12.5611, 150.872; 13.2313, 149.005; 13.9146, 147.142; 14.611, 145.283; 15.3205, 143.428; 16.0431, 141.577; 16.7787, 139.73; 17.5273, 137.887; 18.2888, 136.049; 19.0632, 134.215; 19.8504, 132.386; 20.6505, 130.561; 21.4633, 128.74; 22.2889, 126.925; 23.1271, 125.114; 23.978, 123.308; 24.8416, 121.506; 25.7177, 119.71; 26.6064, 117.918; 27.5075, 116.132; 28.4212, 114.351; 29.3472, 112.575; 30.2857, 110.804; 31.2364, 109.039; 32.1995, 107.279; 33.1749, 105.525; 34.1625, 103.776; 35.1622, 102.033; 36.1741, 100.296; 37.1982, 98.5639; 38.2343, 96.8381; 39.2824, 95.1182; 40.3425, 93.4043; 41.4146, 91.6964; 42.4986, 89.9946; 43.5944, 88.2991; 44.7021, 86.6098; 45.8216, 84.9269; 46.9528, 83.2503; 48.0958, 81.5803; 49.2505, 79.9167; 50.4167, 78.2599; 51.5946, 76.6096; 52.7841, 74.9662; 53.985, 73.3296; 55.1975, 71.6998; 56.4214, 70.0771; 57.6567, 68.4613; 58.9033, 66.8527; 60.1613, 65.2513; 61.4306, 63.6571; 62.7111, 62.0702; 64.0028, 60.4907; 65.3057, 58.9187; 66.6197, 57.3542; 67.9448, 55.7972; 69.281, 54.248; ];
boundaryCurve{4} = [23.492, 117.695; 22.0277, 116.153; 20.6175, 114.572; 19.2619, 112.955; 17.9611, 111.301; 16.7158, 109.614; 15.5262, 107.894; 14.3928, 106.144; 13.316, 104.365; 12.2963, 102.558; 11.334, 100.726; 10.4297, 98.8689; 9.58362, 96.9894; 8.79631, 95.089; 8.06815, 93.1691; 7.39958, 91.2315; 6.79102, 89.2776; 6.24287, 87.3092; 5.75558, 85.3279; 5.32956, 83.3352; 4.96523, 81.3327; 4.66302, 79.3222; 4.42335, 77.3051; 4.24664, 75.2831; 4.13331, 73.2578; 4.08378, 71.2308; 4.09848, 69.2038; 4.17784, 67.1782; 4.32226, 65.1559; 4.53219, 63.1383; 4.80802, 61.127; 5.1502, 59.1238; 5.55914, 57.1301; 6.03527, 55.1476; 6.579, 53.178; ];
boundaryCurve{5} = [26.386, 119.283; 24.7491, 118.035; 23.2509, 116.655; 21.8661, 115.172; 20.5696, 113.617; 19.336, 112.018; 18.1221, 110.381; 16.9145, 108.715; 15.7274, 107.035; 14.5634, 105.342; 13.4254, 103.634; 12.3161, 101.911; 11.2384, 100.173; 10.1951, 98.4196; 9.18881, 96.6504; 8.22247, 94.8651; 7.29882, 93.0632; 6.42064, 91.2443; 5.59073, 89.4082; 4.81188, 87.5544; 4.08685, 85.6825; 3.41846, 83.7923; 2.80804, 81.8783; 2.25419, 79.9128; 1.77124, 77.9285; 1.36182, 75.9287; 1.02855, 73.9168; 0.774068, 71.8962; 0.601004, 69.8702; 0.511988, 67.8424; 0.50965, 65.8159; 0.596621, 63.7943; 0.77553, 61.7808; 1.04901, 59.7789; 1.41969, 57.792; 1.89019, 55.8233; 2.46316, 53.8763; 3.14122, 51.9544; 3.927, 50.061; ];
boundaryCurve{6} = [25.092, 121.884; 23.6171, 120.399; 22.1891, 118.878; 20.8083, 117.324; 19.4751, 115.737; 18.1899, 114.118; 16.9529, 112.47; 15.7646, 110.792; 14.6253, 109.087; 13.5355, 107.356; 12.4953, 105.6; 11.5053, 103.82; 10.5658, 102.018; 9.67706, 100.194; 8.83955, 98.3505; 8.05358, 96.4882; 7.31954, 94.6086; 6.63777, 92.7128; 6.00863, 90.8021; 5.4325, 88.8779; 4.90973, 86.9413; 4.44068, 84.9936; 4.02571, 83.0362; 3.66518, 81.0702; 3.35946, 79.0969; 3.1089, 77.1177; 2.91387, 75.1337; 2.77473, 73.1463; 2.69183, 71.1567; 2.66555, 69.1661; 2.69624, 67.1759; 2.78425, 65.1873; 2.92997, 63.2016; 3.13373, 61.2201; 3.39591, 59.244; 3.71687, 57.2745; 4.09696, 55.313; 4.53655, 53.3608; 5.036, 51.419; ];
boundaryCurve{7} = [22.227, 91.578; 21.866, 89.5573; 21.4776, 87.5322; 21.0591, 85.5058; 20.6078, 83.4807; 20.121, 81.4601; 19.5961, 79.4467; 19.0302, 77.4435; 18.4208, 75.4533; 17.7649, 73.4792; 17.0601, 71.5239; 16.3035, 69.5904; 15.4925, 67.6816; 14.6243, 65.8004; 13.6963, 63.9497; 12.7057, 62.1324; 11.6497, 60.3514; 10.5259, 58.6097; 9.33126, 56.91; 8.06325, 55.2554; 6.71913, 53.6486; 5.29619, 52.0927; 3.79172, 50.5905; 2.203, 49.145; ];
boundaryCurve{8} = [23.829, 96.477; 23.0322, 94.628; 22.2341, 92.7789; 21.4337, 90.9301; 20.6302, 89.0822; 19.8224, 87.2355; 19.0095, 85.3906; 18.1905, 83.5479; 17.3644, 81.7079; 16.5302, 79.8712; 15.6871, 78.0381; 14.8339, 76.2091; 13.9698, 74.3848; 13.0937, 72.5655; 12.2047, 70.7518; 11.3019, 68.9442; 10.3843, 67.1431; 9.45081, 65.349; 8.50059, 63.5623; 7.53264, 61.7836; 6.54599, 60.0133; 5.53967, 58.252; 4.51271, 56.5; 3.46414, 54.7578; 2.393, 53.026; ];
boundaryCurve{9} = [0.969, 50.339; 2.55575, 51.7387; 4.03075, 53.2166; 5.40092, 54.7664; 6.67322, 56.3822; 7.85459, 58.0578; 8.95196, 59.7871; 9.97227, 61.5641; 10.9225, 63.3827; 11.8095, 65.2367; 12.6403, 67.1202; 13.4218, 69.0269; 14.161, 70.9508; 14.8647, 72.8858; 15.54, 74.8258; 16.1938, 76.7648; 16.8341, 78.7001; 17.479, 80.6576; 18.1238, 82.6152; 18.7687, 84.5728; 19.4135, 86.5303; 20.0583, 88.4879; 20.7032, 90.4454; 21.348, 92.403; ];
boundaryCurve{10} = [87.658, 10.357; 85.7665, 11.0589; 83.9237, 11.8773; 82.1347, 12.8073; 80.405, 13.8439; 78.7399, 14.9822; 77.1446, 16.2173; 75.6244, 17.5443; 74.1848, 18.9582; 72.831, 20.4541; 71.5683, 22.027; 70.402, 23.6721; 69.3375, 25.3844; 68.3801, 27.1589; 67.5351, 28.9908; 66.8078, 30.8726; 66.1999, 32.7952; 65.7114, 34.7513; 65.342, 36.7337; 65.0915, 38.7352; 64.9598, 40.7485; 64.9467, 42.7663; 65.0521, 44.7814; 65.2757, 46.7865; 65.6175, 48.7745; 66.0771, 50.7379; 66.6546, 52.6697; 67.3496, 54.5625; 68.162, 56.409; ];
boundaryCurve{11} = [81.628, 37.805; 82.4741, 35.8686; 83.2499, 33.9032; 83.9548, 31.9112; 84.5883, 29.8953; 85.1499, 27.8582; 85.6391, 25.8024; 86.0553, 23.7306; 86.3981, 21.6454; 86.6668, 19.5494; 86.861, 17.4453; 86.9801, 15.3356; 87.0236, 13.2229; 86.991, 11.11; ];
