boundaryCurve{1} = [53.8, 156.3; 53.8425, 154.325; 53.9387, 152.353; 54.0879, 150.386; 54.2895, 148.424; 54.5426, 146.467; 54.8467, 144.516; 55.2009, 142.571; 55.6047, 140.634; 56.0572, 138.704; 56.5577, 136.783; 57.1057, 134.87; 57.7002, 132.967; 58.3407, 131.074; 59.0265, 129.191; 59.7568, 127.32; 60.5308, 125.46; 61.348, 123.612; 62.2076, 121.777; 63.1089, 119.956; 64.0512, 118.148; 65.0338, 116.355; 66.0559, 114.577; 67.1169, 112.814; 68.216, 111.068; 69.3526, 109.338; 70.5259, 107.626; 71.7353, 105.932; 72.9799, 104.256; 74.2592, 102.599; 75.5724, 100.961; 76.9188, 99.3442; 78.2977, 97.7477; 79.7083, 96.1725; 81.1501, 94.6192; 82.6221, 93.0882; 84.1239, 91.5803; 85.6546, 90.0959; 87.2135, 88.6356; 88.8, 87.2; ];
boundaryCurve{2} = [54, 179; 53.7969, 177.054; 53.6304, 175.106; 53.5003, 173.157; 53.4064, 171.206; 53.3486, 169.254; 53.3268, 167.302; 53.3406, 165.351; 53.3901, 163.399; 53.4749, 161.449; 53.5949, 159.499; 53.75, 157.552; 53.94, 155.607; 54.1646, 153.664; 54.4238, 151.725; 54.7174, 149.789; 55.0451, 147.857; 55.4069, 145.929; 55.8025, 144.006; 56.2318, 142.089; 56.6946, 140.177; 57.1907, 138.271; 57.72, 136.372; 58.2823, 134.479; 58.8774, 132.594; 59.5051, 130.717; 60.1653, 128.848; 60.8578, 126.988; 61.5825, 125.136; 62.3391, 123.295; 63.1274, 121.463; 63.9474, 119.642; 64.7989, 117.831; 65.6816, 116.032; 66.5954, 114.244; 67.5402, 112.469; 68.5157, 110.706; 69.5218, 108.956; 70.5583, 107.22; 71.625, 105.497; 72.7218, 103.789; 73.8485, 102.095; 75.005, 100.416; 76.191, 98.7534; 77.4064, 97.1064; 78.651, 95.4758; 79.9246, 93.8621; 81.2271, 92.2657; 82.5583, 90.687; 83.918, 89.1265; 85.3061, 87.5845; 86.7224, 86.0615; 88.1667, 84.558; 89.6388, 83.0744; 91.1386, 81.611; 92.6659, 80.1684; 94.2809, 78.8491; 96.1, 78.8; ];
boundaryCurve{3} = [49.3, 173.7; 49.2235, 171.703; 49.2304, 169.709; 49.3166, 167.717; 49.478, 165.729; 49.7105, 163.744; 50.0101, 161.763; 50.3725, 159.787; 50.7937, 157.817; 51.2697, 155.851; 51.7963, 153.892; 52.3695, 151.939; 52.985, 149.992; 53.639, 148.053; 54.3272, 146.122; 55.0455, 144.199; 55.79, 142.284; 56.5563, 140.378; 57.3302, 138.504; 58.1055, 136.665; 58.8958, 134.831; 59.7009, 133.002; 60.5209, 131.178; 61.3556, 129.359; 62.2051, 127.545; 63.0693, 125.737; 63.9481, 123.934; 64.8415, 122.136; 65.7495, 120.344; 66.672, 118.558; 67.6089, 116.777; 68.5603, 115.002; 69.5261, 113.233; 70.5061, 111.471; 71.5005, 109.714; 72.5091, 107.963; 73.5319, 106.219; 74.5688, 104.482; 75.6198, 102.75; 76.6849, 101.026; 77.764, 99.3075; 78.857, 97.5963; 79.964, 95.8919; 81.0848, 94.1944; 82.2195, 92.504; 83.3679, 90.8207; 84.5301, 89.1446; 85.7059, 87.4759; 86.8954, 85.8145; 88.0985, 84.1606; 89.3152, 82.5144; 90.5453, 80.8758; 91.7889, 79.2449; 93.0459, 77.622; 94.3163, 76.007; 95.6, 74.4; ];
boundaryCurve{4} = [50.6, 167.3; 50.6985, 165.316; 50.8835, 163.338; 51.148, 161.365; 51.4849, 159.398; 51.8873, 157.437; 52.3481, 155.483; 52.8603, 153.536; 53.4168, 151.597; 54.0108, 149.666; 54.6351, 147.743; 55.2828, 145.828; 55.9476, 143.957; 56.6308, 142.108; 57.3329, 140.264; 58.0539, 138.427; 58.7936, 136.595; 59.5521, 134.77; 60.3292, 132.95; 61.1249, 131.137; 61.9391, 129.33; 62.7718, 127.53; 63.6228, 125.736; 64.4921, 123.949; 65.3797, 122.168; 66.2854, 120.395; 67.2092, 118.628; 68.1511, 116.869; 69.111, 115.117; 70.0887, 113.372; 71.0843, 111.635; 72.0977, 109.906; 73.1288, 108.184; 74.1775, 106.47; 75.2437, 104.764; 76.3275, 103.066; 77.4287, 101.376; 78.5473, 99.6942; 79.6831, 98.0209; 80.8362, 96.3561; 82.0065, 94.7; 83.1938, 93.0525; 84.3982, 91.4139; 85.6195, 89.7842; 86.8578, 88.1635; 88.1128, 86.552; 89.3847, 84.9498; 90.6732, 83.357; 91.9783, 81.7737; 93.3, 80.2; ];
boundaryCurve{5} = [59.6, 129.4; 58.1241, 128.104; 56.6869, 126.761; 55.2892, 125.372; 53.9317, 123.939; 52.6153, 122.462; 51.3407, 120.944; 50.1088, 119.386; 48.9204, 117.79; 47.7762, 116.156; 46.6771, 114.487; 45.6238, 112.783; 44.6171, 111.047; 43.6579, 109.28; 42.747, 107.483; 41.8851, 105.659; 41.073, 103.807; 40.3115, 101.93; 39.6015, 100.03; 38.9437, 98.1071; 38.3389, 96.1637; 37.788, 94.201; 37.2917, 92.2207; 36.8507, 90.224; 36.466, 88.2126; 36.1384, 86.1879; 35.873, 84.1744; 35.6672, 82.1782; 35.5142, 80.18; 35.4122, 78.1801; 35.3597, 76.1791; 35.3548, 74.1775; 35.3959, 72.1757; 35.4812, 70.1742; 35.6091, 68.1736; 35.7779, 66.1742; 35.9857, 64.1766; 36.2311, 62.1813; 36.5121, 60.1887; 36.8271, 58.1994; 37.1745, 56.2137; 37.5524, 54.2323; 37.9592, 52.2555; 38.3932, 50.2839; 38.8527, 48.3179; 39.336, 46.358; 39.8413, 44.4048; 40.3669, 42.4586; 40.9112, 40.52; 41.4724, 38.5895; 42.0488, 36.6674; 42.5, 35.2; 42.3616, 35.6477; 41.7907, 37.5732; 41.2556, 39.5099; 40.7562, 41.457; 40.2925, 43.4136; 39.8646, 45.3793; 39.4722, 47.3532; 39.1153, 49.3345; 38.794, 51.3227; 38.508, 53.317; 38.2575, 55.3167; 38.0423, 57.321; 37.8624, 59.3293; 37.7177, 61.3408; 37.6082, 63.3549; 37.5338, 65.3708; 37.4945, 67.3878; 37.4902, 69.4051; 37.5208, 71.4222; 37.5864, 73.4382; 37.6868, 75.4525; 37.822, 77.4643; 37.9919, 79.473; 38.1966, 81.4777; 38.4358, 83.4779; 38.7097, 85.4727; 39.0181, 87.4616; 39.361, 89.4437; 39.7383, 91.4183; 40.1499, 93.3848; 40.5959, 95.3425; 41.0762, 97.2905; 41.5907, 99.2283; 42.1393, 101.155; 42.722, 103.07; 43.3388, 104.973; 43.9896, 106.862; 44.6743, 108.738; 45.3929, 110.599; 46.1453, 112.444; 46.9316, 114.274; 47.6649, 115.905; 48.3719, 117.377; 49.1564, 118.848; 50.0516, 120.321; 51.0905, 121.8; 52.3062, 123.288; 53.7319, 124.789; 55.4007, 126.305; 57.3457, 127.841; ];
boundaryCurve{6} = [56.1, 127.6; 55.0559, 125.88; 54.0126, 124.152; 52.9726, 122.417; 51.9383, 120.674; 50.9123, 118.922; 49.8971, 117.162; 48.895, 115.393; 47.9086, 113.614; 46.9404, 111.825; 45.9929, 110.026; 45.0684, 108.216; 44.1696, 106.395; 43.2989, 104.562; 42.4588, 102.717; 41.6517, 100.86; 40.8801, 98.9894; 40.1466, 97.106; 39.4536, 95.2089; 38.8035, 93.2977; 38.199, 91.3721; 37.6423, 89.4316; 37.1361, 87.4758; 36.6828, 85.5043; 36.2849, 83.5167; 35.9449, 81.5125; 35.6652, 79.4915; 35.4492, 77.4551; 35.3014, 75.4178; 35.2176, 73.3815; 35.1948, 71.3468; 35.2301, 69.3143; 35.3206, 67.2849; 35.4633, 65.2593; 35.6554, 63.238; 35.8939, 61.2219; 36.1758, 59.2116; 36.4983, 57.2079; 36.8583, 55.2114; 37.2531, 53.223; 37.6796, 51.2431; 38.1349, 49.2727; 38.6162, 47.3124; 39.1203, 45.3628; 39.6446, 43.4248; 40.174, 41.4827; 40.727, 39.493; 41.4166, 37.5676; 42.2386, 35.713; 43.1885, 33.9357; 44.262, 32.2422; 45.4547, 30.6391; 45.9, 30.1; 45.5309, 31.322; 45.3692, 33.2787; 45.5881, 35.2897; 46.0602, 37.3126; 46.6561, 39.2935; 47.2657, 41.2224; 47.8753, 43.1535; 48.4849, 45.0864; 49.0945, 47.0208; 49.7041, 48.9564; 50.3136, 50.8927; 50.9232, 52.8295; 51.5328, 54.7664; 52.1424, 56.7031; 52.752, 58.6393; 53.3616, 60.5746; 53.9712, 62.5086; 54.5808, 64.4411; 55.1904, 66.3717; 55.8, 68.3; ];
boundaryCurve{7} = [43.8, 31.6; 44.7498, 33.4004; 45.6411, 35.2339; 46.4783, 37.0975; 47.2659, 38.9879; 48.0084, 40.902; 48.71, 42.8365; 49.3754, 44.7882; 50.0088, 46.7539; 50.6147, 48.7305; 51.1976, 50.7148; 51.7618, 52.7034; 52.3118, 54.6934; 52.852, 56.6814; 53.3868, 58.6663; 53.9119, 60.6609; 54.4116, 62.6666; 54.8691, 64.682; 55.2678, 66.7056; 55.5913, 68.7362; 55.8229, 70.7723; 55.9459, 72.8126; 55.9438, 74.8556; 55.8, 76.9; ];
boundaryCurve{8} = [44.3, 36; 45.1349, 37.8333; 45.9275, 39.686; 46.6788, 41.5572; 47.3896, 43.4459; 48.0609, 45.3513; 48.6936, 47.2723; 49.2888, 49.208; 49.8472, 51.1575; 50.3699, 53.1199; 50.8578, 55.0942; 51.3117, 57.0794; 51.7328, 59.0748; 52.1219, 61.0792; 52.4799, 63.0918; 52.8077, 65.1116; 53.1064, 67.1377; 53.3768, 69.1692; 53.6199, 71.2051; 53.8366, 73.2445; 54.0279, 75.2864; 54.1947, 77.33; 54.3, 78.8; 54.2486, 78.2291; 54.0544, 76.1988; 53.8426, 74.1718; 53.6126, 72.1483; 53.3639, 70.1282; 53.0959, 68.1114; 52.8083, 66.0981; 52.5005, 64.0882; 52.1719, 62.0816; 51.8221, 60.0785; 51.4505, 58.0788; 51.0566, 56.0824; 50.64, 54.0895; 50.2, 52.1; ];
