boundaryCurve{1} = [16.407, 135.406; 16.4465, 133.377; 16.5344, 131.352; 16.6699, 129.332; 16.8524, 127.317; 17.0813, 125.308; 17.356, 123.306; 17.6758, 121.311; 18.0401, 119.324; 18.4482, 117.345; 18.8995, 115.375; 19.3934, 113.415; 19.9293, 111.466; 20.5064, 109.527; 21.1242, 107.599; 21.782, 105.684; 22.4792, 103.781; 23.2152, 101.892; 23.9892, 100.016; 24.8008, 98.1551; 25.6491, 96.3092; 26.5337, 94.479; 27.4538, 92.6651; 28.4088, 90.8681; 29.3982, 89.0886; 30.4212, 87.3273; 31.4772, 85.5847; 32.5655, 83.8614; 33.6856, 82.1581; 34.8368, 80.4754; 36.0185, 78.8138; 37.23, 77.174; 38.4707, 75.5566; 39.7399, 73.9622; 41.037, 72.3913; 42.3615, 70.8447; 43.7125, 69.3229; 45.0896, 67.8264; 46.492, 66.356; ];
boundaryCurve{2} = [16.599, 158.035; 16.4203, 156.024; 16.2751, 154.011; 16.1632, 151.996; 16.0845, 149.979; 16.0389, 147.962; 16.0261, 145.945; 16.046, 143.928; 16.0985, 141.911; 16.1833, 139.896; 16.3004, 137.882; 16.4496, 135.871; 16.6306, 133.862; 16.8434, 131.855; 17.0877, 129.853; 17.3635, 127.854; 17.6706, 125.86; 18.0087, 123.87; 18.3778, 121.886; 18.7777, 119.908; 19.2082, 117.936; 19.6691, 115.971; 20.1604, 114.013; 20.6818, 112.063; 21.2332, 110.121; 21.8144, 108.188; 22.4252, 106.264; 23.0656, 104.349; 23.7353, 102.445; 24.4341, 100.551; 25.162, 98.6676; 25.9188, 96.7961; 26.7042, 94.9366; 27.5182, 93.0894; 28.3606, 91.2552; 29.2311, 89.4343; 30.1298, 87.6272; 31.0563, 85.8345; 32.0105, 84.0565; 32.9924, 82.2938; 34.0016, 80.5467; 35.0381, 78.8159; 36.1017, 77.1017; 37.1923, 75.4046; 38.3096, 73.7252; 39.4535, 72.0637; 40.6239, 70.4209; 41.8205, 68.797; 43.0433, 67.1926; 44.2921, 65.6082; 45.5667, 64.0442; 46.8669, 62.5011; 48.1926, 60.9793; 49.5437, 59.4794; 50.9713, 58.0078; 52.749, 57.751; ];
boundaryCurve{3} = [12.627, 152.788; 12.566, 150.785; 12.576, 148.786; 12.6536, 146.791; 12.7953, 144.8; 12.9975, 142.814; 13.2567, 140.832; 13.5694, 138.856; 13.9322, 136.886; 14.3414, 134.922; 14.7937, 132.964; 15.2854, 131.013; 15.8132, 129.07; 16.3734, 127.134; 16.9626, 125.206; 17.5773, 123.287; 18.2139, 121.377; 18.869, 119.475; 19.5392, 117.583; 20.223, 115.697; 20.9204, 113.815; 21.6313, 111.939; 22.3557, 110.068; 23.0936, 108.202; 23.8449, 106.341; 24.6096, 104.486; 25.3875, 102.636; 26.1788, 100.792; 26.9832, 98.9541; 27.8008, 97.1217; 28.6316, 95.2951; 29.4754, 93.4746; 30.3322, 91.6602; 31.2021, 89.852; 32.0849, 88.05; 32.9805, 86.2544; 33.889, 84.4653; 34.8103, 82.6827; 35.7444, 80.9068; 36.6912, 79.1376; 37.6506, 77.3752; 38.6226, 75.6198; 39.6072, 73.8714; 40.6043, 72.1301; 41.6139, 70.396; 42.6358, 68.6691; 43.6702, 66.9497; 44.7169, 65.2377; 45.7759, 63.5333; 46.8471, 61.8366; 47.9305, 60.1476; 49.026, 58.4665; 50.1336, 56.7932; 51.2533, 55.1281; 52.385, 53.471; ];
boundaryCurve{4} = [13.737, 146.366; 13.8264, 144.338; 13.9913, 142.316; 14.2258, 140.302; 14.5243, 138.295; 14.881, 136.296; 15.2901, 134.305; 15.7458, 132.322; 16.2425, 130.347; 16.7742, 128.381; 17.3354, 126.423; 17.9201, 124.474; 18.524, 122.533; 19.1459, 120.597; 19.7857, 118.667; 20.4433, 116.743; 21.1187, 114.826; 21.8117, 112.914; 22.5222, 111.009; 23.2503, 109.111; 23.9958, 107.219; 24.7586, 105.335; 25.5387, 103.457; 26.336, 101.587; 27.1504, 99.7237; 27.9819, 97.8683; 28.8303, 96.0205; 29.6956, 94.1806; 30.5777, 92.3487; 31.4765, 90.525; 32.392, 88.7096; 33.3241, 86.9026; 34.2727, 85.1042; 35.2377, 83.3147; 36.2191, 81.534; 37.2167, 79.7624; 38.2306, 78; 39.2606, 76.247; 40.3066, 74.5036; 41.3685, 72.7698; 42.4464, 71.0459; 43.5401, 69.332; 44.6495, 67.6282; 45.7746, 65.9348; 46.9153, 64.2517; 48.0714, 62.5794; 49.243, 60.9177; 50.43, 59.267; ];
boundaryCurve{5} = [21.404, 108.463; 19.8448, 107.19; 18.336, 105.858; 16.8791, 104.47; 15.4754, 103.029; 14.1263, 101.536; 12.8332, 99.9939; 11.5974, 98.4055; 10.4202, 96.7727; 9.30312, 95.0981; 8.24744, 93.384; 7.25455, 91.6328; 6.3258, 89.8468; 5.46256, 88.0283; 4.66621, 86.1799; 3.9381, 84.3037; 3.2796, 82.4023; 2.69207, 80.4779; 2.17689, 78.533; 1.73542, 76.5698; 1.36902, 74.5909; 1.07887, 72.5993; 0.862726, 70.6036; 0.717319, 68.6058; 0.63977, 66.6067; 0.627198, 64.607; 0.676722, 62.6073; 0.785459, 60.6085; 0.950529, 58.6112; 1.16905, 56.6162; 1.43814, 54.6242; 1.75492, 52.6358; 2.1165, 50.652; 2.52001, 48.6732; 2.96256, 46.7004; 3.44128, 44.7341; 3.95327, 42.7752; 4.49567, 40.8243; 5.06558, 38.8822; 5.66012, 36.9495; 6.27642, 35.0271; 6.751, 33.593; 6.5919, 34.0712; 5.98639, 35.9911; 5.42901, 37.9249; 4.91969, 39.8717; 4.45835, 41.8302; 4.04492, 43.7992; 3.67933, 45.7778; 3.3615, 47.7646; 3.09136, 49.7586; 2.86882, 51.7586; 2.69383, 53.7635; 2.5663, 55.7722; 2.48617, 57.7835; 2.45335, 59.7962; 2.46776, 61.8093; 2.52935, 63.8216; 2.63803, 65.8319; 2.79373, 67.8391; 2.99637, 69.8421; 3.24589, 71.8397; 3.5422, 73.8308; 3.88523, 75.8142; 4.27491, 77.7889; 4.71116, 79.7536; 5.19391, 81.7072; 5.72309, 83.6486; 6.29862, 85.5766; 6.92042, 87.4902; 7.58843, 89.3881; 8.30256, 91.2692; 9.06274, 93.1324; 9.86891, 94.9765; 10.721, 96.8005; 11.4686, 98.3005; 12.2569, 99.7287; 13.1695, 101.156; 14.258, 102.589; 15.5741, 104.03; 17.1694, 105.487; 19.0955, 106.962; ];
boundaryCurve{6} = [18.447, 107.021; 17.3348, 105.323; 16.2237, 103.617; 15.1181, 101.901; 14.022, 100.176; 12.9396, 98.4395; 11.8751, 96.6921; 10.8326, 94.9329; 9.81627, 93.1612; 8.83032, 91.3764; 7.87888, 89.5778; 6.96612, 87.7649; 6.09621, 85.9368; 5.2733, 84.0931; 4.50155, 82.233; 3.78513, 80.3559; 3.12821, 78.4612; 2.53494, 76.5483; 2.00948, 74.6164; 1.55601, 72.6651; 1.17867, 70.6935; 0.881644, 68.7011; 0.66868, 66.6824; 0.542705, 64.6518; 0.500391, 62.6223; 0.536665, 60.595; 0.646456, 58.5712; 0.824689, 56.5521; 1.06629, 54.5389; 1.36619, 52.5327; 1.71932, 50.5348; 2.12059, 48.5463; 2.56495, 46.5685; 3.04731, 44.6025; 3.56261, 42.6496; 4.10576, 40.7109; 4.67002, 38.7868; 5.24279, 36.8458; 6.00073, 34.9692; 6.93494, 33.1736; 8.03653, 31.4757; 9.2966, 29.8921; 9.652, 29.498; 9.25189, 30.9011; 9.2713, 32.8882; 9.71765, 34.8964; 10.3509, 36.8448; 11.0026, 38.7631; 11.6544, 40.6815; 12.3062, 42.5998; 12.9579, 44.5182; 13.6097, 46.4365; 14.2614, 48.3549; 14.9132, 50.2732; 15.565, 52.1916; 16.2167, 54.1099; 16.8685, 56.0283; 17.5202, 57.9466; 18.172, 59.865; ];
boundaryCurve{7} = [7.83, 30.701; 8.86477, 32.5281; 9.81731, 34.3956; 10.696, 36.2987; 11.5092, 38.2329; 12.2653, 40.1933; 12.9728, 42.1752; 13.6399, 44.1739; 14.2751, 46.1847; 14.8867, 48.2028; 15.4831, 50.2236; 16.0726, 52.2444; 16.6486, 54.2786; 17.1823, 56.3274; 17.6429, 58.3886; 17.9999, 60.4598; 18.2225, 62.5387; 18.2801, 64.6228; 18.142, 66.71; ];
boundaryCurve{8} = [8.315, 34.256; 9.20683, 36.0767; 10.0411, 37.9216; 10.8197, 39.7892; 11.5442, 41.6779; 12.2164, 43.5862; 12.8382, 45.5126; 13.4112, 47.4555; 13.9372, 49.4134; 14.418, 51.3848; 14.8554, 53.3681; 15.251, 55.3617; 15.6066, 57.3642; 15.924, 59.3741; 16.205, 61.3896; 16.4513, 63.4095; 16.6647, 65.432; 16.8469, 67.4556; 16.913, 68.286; 16.8006, 67.0946; 16.5877, 65.0763; 16.3469, 63.0612; 16.0783, 61.0496; 15.782, 59.042; 15.458, 57.0387; 15.1063, 55.0401; 14.7272, 53.0465; 14.3205, 51.0584; 13.8864, 49.0761; 13.425, 47.1; ];
