radius = 4.73463526773118;
cppContour{1} = [708.78 424.98; 711.89 424.01;711.77 423.21;708.1831487844534 421.4905581603612;704.6223343640671 419.7178261360984;701.0879397958263 417.8930028839385;698.96 416.1;697.5809713403194 416.0160077386202;694.1017580573599 414.0880553376429;690.6508629100231 412.1098624565514;687.2300275158588 410.0801425894051;683.8387500999611 408.0014033444074;680.4783977827333 405.8730396468252;677.1496079400314 403.6956453892919;673.8528781231425 401.4700181999241;670.5890209544793 399.1964583932834;667.3585551799151 396.8756989607758;667.0881542708228 396.6753811005468;666.2571671099964 395.9986099597236;663.2192414395062 393.4379026617692;660.223221028567 390.8282774278402;657.2675179577158 388.1730638637517;654.3495066965785 385.4764719327837;651.4667840983517 382.7421835942451;648.6174957636122 379.9730562677843;645.7994139546837 377.1721742894158;643.0097485566392 374.3429779258959;640.2461496851141 371.4883093535439;637.5057317019006 368.6113711023023;634.7858776513032 365.7149830633756;632.0838149332253 362.8019856902782;629.3966953774064 359.8751951579142;626.7217603179506 356.9372604548986;624.0566699066535 353.9903908659163;621.397367362074 351.0382957446812;618.7420697946628 348.0825976021299;616.0877522937594 345.1260190075647;613.4312917661638 342.1713658927648;610.7696717896915 339.2213616111358;608.1003099401114 336.2783609454308;605.4202464644075 333.3451050442594;602.726253286045 330.4246384938243;600.0159199185056 327.5193357492043;597.2860857847752 324.6323491321972;594.533884974099 321.7666851178591;591.7568310601805 318.9250980608277;588.952068254199 316.11086937365;586.1166347392033 313.3275487448307;583.2484814890396 310.5779700063588;580.3454112171753 307.8652919970509;577.4037503712757 305.1945166352675;574.4222908829522 302.568259059341;571.3979708087351 299.9915019940365;568.3233966370408 297.4749463670707;565.1943422340522 295.0265122596642;562.0042584789466 292.658184627819;558.7484834580414 290.3810561995544;555.4233733723826 288.2064697968285;554.2106303423288 287.4714228791451;553.1012657095947 286.6610868391147;549.832779837035 284.3943241993601;546.5063579018259 282.2134939199279;543.1223120122701 280.1231831888775;542.5529205108094 279.7935592498634;542.6799999999999 278.03;543 274.59;542.1326884702684 278.4449648888342;541.8670286455397 279.3964925957458;539.6799508728541 278.1303809862232;536.1800676706076 276.2404426704704;532.6236936050021 274.4591124957599;529.0132888938249 272.7899837860136;525.3504751221815 271.2392867666078;521.638396479127 269.8105279935227;517.8808432109939 268.5061031790934;514.0829470401769 267.3242618939909;510.2486332241627 266.2664432273976;506.3826404316312 265.3310170049544;502.4896382680658 264.515175316256;498.5735409622031 263.8184870880107;494.6385940337451 263.237556686291;490.6884840057641 262.7706892841629;486.7270445642314 262.4125204882853;482.7574177339976 262.1608808011806;478.7826313003844 262.0111463825988;474.8053430130636 261.9607588883376;470.8279688092306 262.0042337118455;466.8526069534834 262.1385604018916;462.8811535235537 262.3602147503412;458.9152277667405 262.665323519428;454.9560892066306 263.0485946292404;451.0049423054523 263.5070917006956;447.0628165285372 264.0376588798004;446.7592897688834 264.0838959001536;444.2201848711879 264.1997790949508;440.2559479160505 264.4656817601449;436.2985812857071 264.8191672091021;432.3501635890328 265.2615853997406;428.4131146190667 265.7957923695944;424.4898387972401 266.4230807368991;420.5828454816312 267.1448698280913;416.6949658487906 267.9633572523271;412.8291335425836 268.8803153652956;408.9881775561125 269.8963934749701;405.1751713070767 271.012802876638;401.3931305705638 272.2299817198465;397.6448235412854 273.5474158279325;393.9296024330062 274.9555745810298;390.2939385199561 276.4226933001065;390.0497457476705 276.4862071556103;386.206571637515 277.554110208447;382.382161864753 278.6873519077744;378.5786869836766 279.8889901158169;374.7983884914561 281.1616603611794;371.0431137841181 282.5063586705117;367.316359380455 283.928181928432;363.6203832350328 285.4281586057391;359.958596245948 287.009727677587;356.3344371172441 288.6756878261425;352.7513534513197 290.4281874282814;349.2139389991638 292.2711051442387;345.7258137922435 294.2056134314979;342.2920688660085 296.2350811291783;338.9175326921207 298.3614822289059;335.6071378036144 300.5864202799777;332.3666575316929 302.9120199123603;329.201345 305.338947;325.4738965619234 305.3758596438162;325.1998252448121 301.4027254858961;324.9498354929181 297.4279972099342;324.7144393428274 293.4523755546595;324.4840664430224 289.4764570597492;324.2506388647128 285.5007173805897;324.0059044920783 281.5256612925709;323.7390270631217 277.5520364227168;323.4418853696407 273.5805674087424;323.1065181769177 269.6121530605277;322.7227814963621 265.6481412646677;322.2818058948072 261.6900983781985;321.7749538518498 257.7399758009965;321.1938242179917 253.800116165291;320.5265368794426 249.8739692131962;319.7636693897661 245.96528952685;318.8988792802632 242.0779138516307;317.9270884626309 238.2159240185559;316.8403795254184 234.3847151188596;315.6921478857975 230.7755637209898;314.8143744530095 227.5196380141432;313.5174776257884 223.7382449729958;311.9210731191345 220.0738178086785;310.0102987269726 216.5629113779651;308.8084352656233 214.7243814474244;307.5516613212524 212.4270388729425;305.4824645747636 209.0248305235899;303.2496524477207 205.7277452140371;300.8524303181322 202.548288469635;298.2890272532489 199.5012812367424;295.5610228501996 196.6007957375759;292.6744389431507 193.8580736529899;289.6388789029333 191.2811843060956;286.4642429067286 188.8776911578501;283.1600225503524 186.6557078878533;279.7367441973031 184.6219704728915;276.2044391590031 182.7839979588803;272.5735815027516 181.1495305921798;268.8524726153829 179.7326076312224;265.0511084081522 178.5478187777877;262.9040706909034 178.0250507337809;260.5606031144228 176.1953814613692;257.5027973352278 174.2380138690706;256.6744566749492 173.4447988717184;254.08 171.2;253.88 172.35;253.3002015526464 176.5066515799538;249.3214072363289 176.3549845698008;249.2033315065602 176.35792605366;248.4125978056696 176.2782432309671;244.4177455873441 176.113547124503;240.4199267139907 176.1765685104015;236.4315239301104 176.4587083679714;232.4639570012285 176.954448980756;228.5274498601996 177.6555560866679;225.7274399852955 178.3030003169544;225.4781438331078 177.1163356110425;225.5957248688457 174.9290438226676;223.6238082631634 171.8490582333618;220.370017081964 170.2021666165722;216.6903648005176 170.1929570058718;214.7947205765975 170.8462041903592;214.7269682501562 170.3947451067611;216.7977776467619 167.6444133054958;219.6677644531914 165.6636993261134;222.9387384097503 164.4388512972391;226.4121636644616 164.3154498149351;229.332924792791 166.0780030286255;231.2394832035576 168.9949113069733;232.93 172.06;231.2394832035576 168.9949113069733;229.332924792791 166.0780030286255;226.4121636644616 164.3154498149351;222.9387384097503 164.4388512972391;219.6677644531914 165.6636993261134;216.7977776467619 167.6444133054958;214.7269682501562 170.3947451067611;214.7947205765975 170.8462041903592;213.1908964776017 171.3988888997903;208.67 170.96;208.9239230579655 173.9582070606978;209.1205562901485 174.4363933504924;207.4727487745727 176.0774639025162;205.2622162761992 179.0613387069054;203.392545070484 182.2718971005631;201.7687378001985 185.6150998272354;200.4132704523054 188.7666396595128;199.0060430541533 189.5799585515328;195.6137794568718 191.6973036303083;192.2897864676425 193.9203098025453;189.0340570726376 196.24221782775;185.8447372343877 198.6545484631596;182.72 201.15;178.9057814596984 203.9160857929505;174.9884305503581 203.3618084611367;171.0333681811609 203.2558829677406;167.0899161702302 203.5788531869605;163.20048800023 204.3057053989249;159.4014094301519 205.4117614455855;155.7248932499424 206.8744865472635;152.1991586016319 208.6702656582393;148.8525372487836 210.7810078004;