radius = 5.532354648821967;
cppContour{1} = [711.2928490214947 429.9928228313108; 715.6 428.97;717.012136674731 424.7763178156263;719.76 422.05;716.05 423.37;712.5056147892722 421.9922120706141;711.5385987900208 421.5964752259465;708.4686266527746 419.7262623332259;705.0697657975498 417.6318037225191;701.681361551373 415.5204716808404;700.15 411.46;699.67 408.01;696.6372780962331 409.6070966896697;693.146743006629 407.7127391858523;689.679856109845 405.7754559808923;686.2358136948181 403.797836505728;682.8129316839548 401.783822709595;679.4150690326406 399.7278806791362;676.0383671404343 397.6373544627714;672.6849814031531 395.5096500619317;669.3576840538636 393.341386170807;666.0579156213759 391.1314412986686;662.7822641034592 388.8858920956582;659.5313299757553 386.6047245128279;656.3077457076787 384.2850438693935;653.1106664169973 381.9289857288143;649.938649766112 379.5392749134229;646.7964827313668 377.1104577409799;643.6817775848813 374.6465110397123;640.5967385776669 372.1455137698929;637.54 369.61;633.1695754979703 367.2657493921226;630.0391909766502 364.7879121401419;626.9228748023355 362.2924035519728;623.8189995208767 359.7814391994783;620.7259988776614 357.257089402987;617.6470797774803 354.7155848674852;614.5815849192055 352.1579065555867;611.5295909714129 349.5841290590393;608.4882448908417 346.9977776911982;605.4561470735119 344.4005867966665;603.14 342.22;599.4114031680443 339.1835827676178;597.17 336.12;594.5868159044803 333.0847943541832;591.9132593503194 330.1289695742921;589.1522882391378 327.254659972141;587.87 322.83;584.8602259205867 320.3049979027799;581.8161892837759 317.8214105139221;578.7404665987592 315.3771856277022;575.631320336499 312.9756264566073;572.4903913901137 310.6157928551031;569.3166354823302 308.3003010194376;566.1135009027057 306.0256135667459;562.8809106133028 303.7930039876716;559.6171586509687 301.6062072617839;556.3234224165518 299.4648206415536;553.0039971199814 297.363468893775;549.6569244965197 295.3064662802536;546.2807365957906 293.297616172688;542.05 289.92;538.9883432418866 287.6100828316788;535.8522389119024 285.4023809513292;532.6468518826834 283.2965962047343;529.3756957027427 281.294554193366;526.041287530959 279.3996993731289;522.6463735348506 277.6154885854426;519.1979755320051 275.9367861127959;517.15 273.47;513.4442562630703 272.2061541970313;509.7101311462479 271.0288442534385;505.9497110059307 269.9384687772858;502.1650245071367 268.9356563085365;498.3586953990284 268.0183939756744;494.5330331217011 267.1854109048568;490.6900083007507 266.4366721995362;486.8313638353372 265.773129402334;482.9585657307664 265.1979088495612;479.073807028958 264.7098791010146;475.1792908031663 264.3070236450315;471.2765068007404 263.9940342907601;467.3678903530732 263.7649172512687;463.4552186018205 263.6205541101512;459.5403052346362 263.5626411301594;455.6250766918624 263.5920443060295;451.7114747685107 263.7079518224885;447.8014203594132 263.9107720754258;443.8968122765783 264.1998690779876;439.9996108052584 264.5758359561878;436.1118127451151 265.0389571723147;432.234941453846 265.5862169358706;428.3708572263855 266.2172100145648;424.5225162854142 266.9381254958925;420.6915693808645 267.7464231868386;416.8800212467784 268.6417964141256;413.0892397457922 269.621410571397;412.6955124365408 269.7327761977277;410.4493308749722 270.2942125505104;406.5971099138426 271.3423834686508;402.7679095336072 272.4717463416992;398.9628418224991 273.6799904414099;395.1827185335165 274.9641283374351;391.4288575436619 276.3231432387253;387.7032290764789 277.7577576778605;384.0051172530821 279.2618993024409;380.3338946796794 280.8305523984836;376.6909610906665 282.4638063346616;373.0775304092201 284.1613425121577;369.4943588755975 285.9218984883861;365.9395152786233 287.738944895741;362.4154884394629 289.6150830706291;358.9210274031648 291.5457551336447;355.455585806281 293.5280367504262;352.0538772943871 295.5413819614695;351.1164220896861 296.0157039607492;347.6644370314127 297.8333856200085;344.2414520165809 299.7050976084469;340.8493888083487 301.6322704992919;337.4880107354426 303.6124774395966;334.1574185523302 305.644050507979;330.8596352492425 307.728428724002;327.5967609562142 309.8670451661267;324.9697478915803 311.6506415822267;321.8438151908101 313.2886231698778;318.46 315.06;314.9002177003067 318.9357160674915;311.82 321.33;307.0896783292482 323.2004562914676;305.5462642287798 319.5268297556695;304.0781784423579 315.8224490183202;302.6798154612364 312.0911756367378;301.3483473160154 308.3354976449494;300.0737292240449 304.5601176767985;298.844591899735 300.7696813466878;297.655524213435 296.9664718390618;296.497975608491 293.1535427317159;295.3640929883517 289.3335035506682;294.2491423295958 285.5078930187804;293.1435360263708 281.6795682780892;292.0407866028326 277.8504200783186;290.9349622027144 274.0221607212667;290.471340316861 272.4344226369823;290.3739957531356 271.4081801300767;289.8331999817003 267.5541642593113;289.1215361168072 263.7280325673491;288.2430670671775 259.936762834413;287.2009163394189 256.1871528673183;285.9965091138381 252.4864542389726;284.6325539337897 248.8414868036257;283.1157066424728 245.257349779698;281.4499034813386 241.7398802967277;279.6256249994808 238.3019294078149;278.85 235.2;276.6370263124468 231.8787533766161;274.2553961295828 228.6762756898215;271.7152433822719 225.5980442300678;269.0257713958599 222.6494116168486;266.196554663771 219.8346126987651;264.7071436337742 218.4903966572205;263.0314088139907 216.8254463809945;260.1493229054456 214.2101460772221;257.15 211.73;253.6279690689842 210.0289061804617;250.2168195022143 207.9573744683236;246.7118503931788 206.0489023003476;243.1225487005719 204.3042440782794;239.4551783223279 202.7303879812669;239.1722766444414 202.6241267935059;238.9514742704185 202.5041663043498;235.5148507664748 200.794412653146;232.0177234035817 199.2119773301409;228.4651376368024 197.7582699230137;224.86 196.44;219.8248818240429 197.2973422544964;216.48 196.19;213.4192405866147 193.7068854943136;209.9610438646949 191.8207496139197;206.225353914915 190.5748421200649;202.3279844433624 190.0040202282883;198.39 190.16;202.3279844433624 190.0040202282883;206.225353914915 190.5748421200649;209.9610438646949 191.8207496139197;213.4192405866147 193.7068854943136;216.48 196.19;215.9686179854673 196.6973113789797;212.0842312156885 196.3201586504316;208.1845999619278 196.1684179364989;204.2826113165924 196.2355961757839;200.3902099673925 196.5169801382197;196.5190534330516 197.0106319875093;192.6807491629697 197.7155672242715;188.8857865845175 198.6254229961147;185.1455160416895 199.7389719149768;181.4706522784594 201.052344136766;177.872403785782 202.5630810076011;176.3071941771678 203.3224162062729;174.8921570493082 200.3527970998294;173.4431316749016 199.1450737540017;173.3999383427193 199.0864153130172;173.339065271411 199.0583372294165;171.9679462315219 197.9155467002576;168.2911229842476 196.9300956417206;166.0205885560498 197.4498928695945;165.963513410166 197.4498172551064;165.9041929709298 197.476539504735;164.5795701886663 197.7797876042345;163.6586327559875 198.4881035017724;162.4006246845845 199.0548020318522;160.9953886005431 200.3706934357438;161.4506647008252 198.0573411966992;162.9016230484365 194.5689095835953;165.3497540215628 191.7133795759373;168.7667539176661 190.2093246082334;172.5124027266428 190.4866779394969;175.9520318093907 192.0425797573115;178.95 194.35;175.9520318093907 192.0425797573115;172.5124027266428 190.4866779394969;168.7667539176661 190.2093246082334;165.3497540215628 191.7133795759373;162.9016230484365 194.5689095835953;161.4506647008252 198.0573411966992;160.9953886005431 200.3706934357438;159.5446523711985 201.7291920931497;154.55 199.36;156.1621857248898 202.9133174918231;157.6821227255778 204.7366797100444;157.4809238507593 205.0615621225056;156.1832453016422 208.7668662109652;155.4604161789181 212.6287121865468;155.07 216.54;153.8098305586468 218.3214528215025;150.9019957139714 221.0549600374609;148.1307340869456 