segmentsStart = [701.88, 438.48; 701.88, 438.48; 276.56, 232.67; 276.56, 232.67; 309.89, 325.79; 309.89, 325.79; 715.3, 423.86; 715.3, 423.86; 350.9, 376.06; 350.9, 376.06; 451.06, 456.33; 451.06, 456.33; 461.15, 496.25; 461.15, 496.25; 552.55, 488.42; 552.55, 488.42; 257.96, 388.45; 257.96, 388.45; 286.94, 435.42; 286.94, 435.42; 581.65, 488.08; 581.65, 488.08; 690.72, 508.23; 690.72, 508.23; 643.02, 467.71; 643.02, 467.71; 692.37, 507.41; 692.37, 507.41; 278.85, 235.2; 278.85, 235.2; 138.57, 236.68; 138.57, 236.68; 334.08, 357.06; 334.08, 357.06; 637.29, 448.07; 637.29, 448.07; 175.7, 202.21; 175.7, 202.21; 155.11, 216.56; 155.11, 216.56; 165.5, 209.52; 165.5, 209.52; 195.578, 203.092; 195.578, 203.092; 194.51, 204.5; 194.51, 204.5; 193.489, 225.853; 193.489, 225.853; 195.738, 225.437; 195.738, 225.437; 160.73, 201.78; 160.73, 201.78; 104.12, 285.53; 104.12, 285.53; 186.72, 202.9; 186.72, 202.9; 222.18, 212.02; 222.18, 212.02; 320.22, 347.05; 320.22, 347.05; 384.48, 370.4; 384.48, 370.4; 408.09, 380.67; 408.09, 380.67; 479.76, 430.88; 479.76, 430.88; 504.98, 448.95; 504.98, 448.95; 584.66, 456.17; 584.66, 456.17; 387.85, 278.37; 387.85, 278.37; 435.61, 266.47; 435.61, 266.47; 450.59, 265.13; 450.59, 265.13; 535.95, 294.45; 535.95, 294.45; 547.18, 297.78; 547.18, 297.78; 605.14, 345.51; 605.14, 345.51; 649.69, 440.82; 649.69, 440.82; 682.67, 420.43; 682.67, 420.43; 623.84, 448.71; 623.84, 448.71; 628.03, 364.64; 628.03, 364.64; 639.81, 374.54; 639.81, 374.54; 674.28, 422.67; 674.28, 422.67; 322.25, 349.66; 322.25, 349.66; 388.36, 366.33; 388.36, 366.33; 427.12, 316.09; 427.12, 316.09; 409.58, 372.11; 409.58, 372.11; 466.54, 317.4; 466.54, 317.4; 485.88, 388.81; 485.88, 388.81; 481.54, 379.97; 481.54, 379.97; 479.56, 423.6; 479.56, 423.6; 524.9, 342.64; 524.9, 342.64; 505.3, 397.17; 505.3, 397.17; 504.82, 403.36; 504.82, 403.36; 506, 444.01; 506, 444.01; 539.92, 342.52; 539.92, 342.52; 570.05, 402.08; 575.99, 413.71; 575.99, 413.71; 584.37, 443.03; 584.37, 443.03; 451.7, 270.44; 451.7, 270.44; 479.55, 306.77; 479.55, 306.77; 491.49, 309.74; 491.49, 309.74; 534.12, 295.21; 534.12, 295.21; 551.21, 298.84; 551.21, 298.84; 555.37, 335.4; 555.37, 335.4; 564.91, 338.31; 564.91, 338.31; 603.14, 342.23; 603.14, 342.23; 619.57, 359.72; 619.57, 359.72; 600.9, 394.54; 600.9, 394.54; 607.49, 411.57; 607.49, 411.57; 622.27, 455.02; 622.27, 455.02; 633.56, 370.36; 633.56, 370.36; 676.12, 420.92; 676.12, 420.92; 600.31, 376.01; 600.31, 376.01; 257.15, 211.73; 257.15, 211.73; 290.94, 279.16; 290.94, 279.16; 289.16, 272.12; 289.16, 272.12; 328.62, 358.95; 328.62, 358.95; 292.74, 285.04; 292.74, 285.04; 315.43, 340.74; 315.43, 340.74; 139.78, 238.88; 139.78, 238.88; 347.35, 473.76; 347.35, 473.76; 264.08, 383.4; 264.08, 383.4; 299.69, 519.78; 299.69, 519.78; 289.1, 431.66; 289.1, 431.66; 307.51, 513.43; 307.51, 513.43; 208.48, 420.11; 208.48, 420.11; 191.91, 493.89; 191.91, 493.89; 197.87, 494.9; 197.87, 494.9; 256.76, 530; 256.76, 530; 259.84, 390.7; 259.84, 390.7; 217.6, 420.51; 217.6, 420.51; 288.02, 431.65; 288.02, 431.65; 304.94, 503.91; 304.94, 503.91; 261.56, 523.88; 300.54, 515.29; 300.54, 515.29; 226.51, 326.75; 226.51, 326.75; 342.84, 472.9; 342.84, 472.9; 233.12, 329.29; 233.12, 329.29; 353.04, 479.13; 353.04, 479.13; 292.17, 284.84; 292.17, 284.84; 352.34, 380.91; 352.34, 380.91; 353.39, 375.17; 353.39, 375.17; 353.04, 454.29; 353.04, 454.29; 350.6, 445.17; 350.6, 445.17; 373.69, 530.05; 373.69, 530.05; 370.36, 521.61; 370.36, 521.61; 409.77, 577.11; 409.77, 577.11; 345.66, 427.22; 345.66, 427.22; 365.59, 522.52; 365.59, 522.52; 451.04, 448.55; 451.04, 448.55; 479.44, 527.1; 479.44, 527.1; 457.96, 481.96; 457.96, 481.96; 487.43, 548.51; 487.43, 548.51; 465.47, 503.07; 465.47, 503.07; 497.77, 556.73; 497.77, 556.73; 370.77, 524.4; 370.77, 524.4; 412.62, 579.13; 412.62, 579.13; 390.35, 546.79; 428.56, 589.9; 428.56, 589.9; 379.85, 548.65; 379.85, 548.65; 429.81, 597.85; 429.81, 597.85; 392.38, 558.97; 392.38, 558.97; 449.91, 605.28; 449.91, 605.28; 436.46, 598.56; 436.46, 598.56; 492.88, 619.08; 492.88, 619.08; 459.02, 605.27; 459.02, 605.27; 496.16, 616.43; 496.16, 616.43; 471.01, 611.4; 471.01, 611.4; 509.28, 610.07; 509.28, 610.07; 501.48, 558.67; 501.48, 558.67; 515.99, 609.61; 515.99, 609.61; 466.64, 498.67; 466.64, 498.67; 504.99, 499.09; 504.99, 499.09; 510.86, 498; 510.86, 498; 554.1, 490.15; 554.1, 490.15; 346.98, 375.65; 346.98, 375.65; 580.85, 486.09; 580.85, 486.09; 328.27, 357.03; 328.27, 357.03; 395.56, 376.11; 395.56, 376.11; 408.31, 386.14; 408.31, 386.14; 556.5, 461.06; 556.5, 461.06; 572.8, 461.23; 572.8, 461.23; 621.29, 457.74; 621.29, 457.74; 634.37, 446.82; 634.37, 446.82; 679.42, 422.12; 679.42, 422.12; 559.39, 307.29; 559.39, 307.29; 715.6, 428.99; 715.6, 428.99; 538.01, 485.75; 538.01, 485.75; 649.44, 463.37; 649.44, 463.37; 570.45, 481.06; 570.45, 481.06; 680.37, 443.6; 680.37, 443.6; 629.54, 476.39; 629.54, 476.39; 701.26, 437.55; 701.26, 437.55; 653.59, 460.44; 719.76, 422.06; 719.76, 422.06; 624.69, 452.9; 624.69, 452.9; 699.68, 408.02; 699.68, 408.02; 579.77, 487.64; 579.77, 487.64; 621.86, 519.14; 621.86, 519.14; 641.84, 467.2; 641.84, 467.2; 695.43, 498.31; 695.43, 498.31; 605.42, 517.07; 605.42, 517.07; 688.88, 508.39; 688.88, 508.39; 625.6, 521.18; 625.6, 521.18; 694.41, 505.05; 694.41, 505.05; 645.32, 472.78; 645.32, 472.78; 693.44, 495.44; 693.44, 495.44; 621.85, 518.24; 621.85, 518.24; 461.6, 493.9; 461.6, 493.9; 523.31, 490.34; 523.31, 490.34; 476.09, 498.23; 476.09, 498.23; 541.81, 489.22; 541.81, 489.22; 351.97, 375.24; 351.97, 375.24; 428.1, 419.22; 428.1, 419.22; 372.79, 382.79; 372.79, 382.79; 454.24, 445.9; 454.24, 445.9; 360.57, 374.87; 360.57, 374.87; 476.51, 461.66; 476.51, 461.66; 312.671, 322.689; 312.671, 322.689; 386.79, 284.35; 386.79, 284.35; 373.82, 288.27; 373.82, 288.27; 455.8, 267.62; 455.8, 267.62; 396.99, 276.58; 396.99, 276.58; 487.76, 271.69; 487.76, 271.69; 405.58, 271.84; 405.58, 271.84; 517.14, 273.46; 517.14, 273.46; 453.54, 266.58; 453.54, 266.58; 539.34, 292.28; 539.34, 292.28; 518.36, 278.9; 518.36, 278.9; 587.86, 322.83; 587.86, 322.83; 691.76, 408.78; 691.76, 408.78; 605.39, 344.82; 605.39, 344.82; 689.74, 417.47; 689.74, 417.47; 603.73, 459.41; 603.73, 459.41; 499.73, 449.93; 499.73, 449.93; 591.33, 462.25; 591.33, 462.25; 511.17, 451.54; 511.17, 451.54; 597.17, 336.12; 597.17, 336.12; 550.21, 299.94; 550.21, 299.94; 583.84, 323.82; 583.84, 323.82; 511.51, 276.44; 511.51, 276.44; 542.05, 289.92; 542.05, 289.92; 490.05, 266.65; 490.05, 266.65; 525.22, 281.86; 525.22, 281.86; 479.35, 267.87; 479.35, 267.87; 382.74, 281.38; 382.74, 281.38; 318.46, 315.05; 318.46, 315.05; 359.46, 377.47; 359.46, 377.47; 421.8, 412.01; 421.8, 412.01; 403.24, 403.33; 403.24, 403.33; 487.16, 471.23; 487.16, 471.23; 440.74, 438.96; 440.74, 438.96; 526.66, 482.84; 526.66, 482.84; 515.56, 480.44; 515.56, 480.44; 599.52, 483.39; 599.52, 483.39; 566.63, 485.8; 566.63, 485.8; 641, 471.84; 641, 471.84; 630.03, 471.35; 630.03, 471.35; 690.9, 438.16; 690.9, 438.16; 683.1, 446.45; 683.1, 446.45; 708.21, 425.52; 708.21, 425.52; 143.5, 241.81; 143.5, 241.81; 149.45, 337.45; 149.45, 337.45; 155.01, 338.08; 155.01, 338.08; 218.9, 326.75; 218.9, 326.75; 226.02, 326.82; 226.02, 326.82; 255.56, 364.1; 255.56, 364.1; 191.99, 282.92; 191.99, 282.92; 214.84, 297.43; 214.84, 297.43; 142.08, 239.98; 142.08, 239.98; 97.89, 273.59; 97.89, 273.59; 97.49, 280.57; 97.49, 280.57; 113.46, 319.7; 113.46, 319.7; 125.53, 328.28; 125.53, 328.28; 140.61, 335.88; 140.61, 335.88; 99.68, 279.73; 99.68, 279.73; 131.28, 296.85; 131.28, 296.85; 161.31, 300.46; 161.31, 300.46; 101.3, 280.16; 101.3, 280.16; 186.74, 294.94; 186.74, 294.94; 151.91, 299.23; 151.91, 299.23; 188.48, 292.93; 188.48, 292.93; 191.93, 284.09; 191.93, 284.09; 214.04, 299.7; 214.04, 299.7; 193.35, 288.48; 193.35, 288.48; 203.71, 295.83; 203.71, 295.83; 185.94, 203.62; 185.94, 203.62; 222.27, 211.6; 222.27, 211.6; 140.6, 239.84; 140.6, 239.84; 231.95, 200.25; 231.95, 200.25; 