segmentsStart = [182.72, 201.15; 182.72, 201.15; 348.14, 378.28; 348.14, 378.28; 236.98, 180.69; 236.98, 180.69; 269.59, 198.88; 269.59, 198.88; 268.95, 184.12; 268.95, 184.12; 253.88, 172.35; 253.88, 172.35; 225.96, 179.41; 225.96, 179.41; 202.2, 186.34; 202.2, 186.34; 214.74, 180.43; 214.74, 180.43; 208.67, 170.96; 208.67, 170.96; 215.22, 173.68; 215.22, 173.68; 252.869, 182.43; 252.869, 182.43; 251.06, 183.01; 251.06, 183.01; 240.86, 204.381; 240.86, 204.381; 241.252, 205.598; 241.252, 205.598; 252.43, 181.67; 252.43, 181.67; 260.73, 183.13; 260.73, 183.13; 225.4, 178.57; 225.4, 178.57; 200.3, 189.03; 200.3, 189.03; 182.73, 204.93; 182.73, 204.93; 278.72, 426.3; 278.72, 426.3; 131.93, 240.92; 131.93, 240.92; 221.44, 271.35; 221.44, 271.35; 129.39, 236.45; 129.39, 236.45; 226.71, 274.14; 226.71, 274.14; 129.3, 238.69; 129.3, 238.69; 222.87, 270.78; 222.87, 270.78; 220.3, 262.52; 220.3, 262.52; 248.19, 283.19; 248.19, 283.19; 250.33, 282.35; 250.33, 282.35; 223.67, 264.29; 223.67, 264.29; 251.34, 284.11; 251.34, 284.11; 345.688, 475.401; 345.688, 475.401; 250.21, 312.841; 250.21, 312.841; 250.211, 312.841; 250.211, 312.841; 347.48, 475.41; 347.48, 475.41; 250.102, 312.152; 250.102, 312.152; 184.019, 205.63; 184.019, 205.63; 184.019, 205.63; 184.019, 205.63; 252.18, 311.88; 252.18, 311.88; 249.98, 315.83; 249.98, 315.83; 344.12, 477.97; 344.12, 477.97; 181.41, 205.08; 181.41, 205.08; 348.9, 383.66; 348.9, 383.66; 254.08, 171.2; 254.08, 171.2; 269.54, 189.41; 269.54, 189.41; 349.91, 377.31; 349.91, 377.31; 421.75, 615.93; 446.78, 439.34; 446.78, 439.34; 412.31, 615.28; 412.31, 615.28; 351.5, 379.67; 351.5, 379.67; 430.33, 624.39; 430.33, 624.39; 446.38, 445; 446.38, 445; 468.78, 613.67; 350.47, 386.54; 350.47, 386.54; 427.84, 627.19; 427.84, 627.19; 445.61, 441.43; 445.61, 441.43; 471.5, 617.69; 471.5, 617.69; 268.4, 390.43; 268.4, 390.43; 294.44, 552.77; 294.44, 552.77; 285.72, 439.01; 285.72, 439.01; 300.5, 553.57; 300.5, 553.57; 289.51, 440.6; 289.51, 440.6; 268.009, 389.161; 268.009, 389.161; 268.01, 389.161; 268.01, 389.161; 288.317, 442.508; 288.317, 442.508; 450.46, 489.09; 450.46, 489.09; 528.35, 492.77; 528.35, 492.77; 345.52, 375.06; 345.52, 375.06; 693.98, 430.9; 693.98, 430.9; 325.42, 309.65; 325.42, 309.65; 711.77, 423.21; 711.77, 423.21; 338.53, 356.18; 338.53, 356.18; 683.09, 423.79; 683.09, 423.79; 328.88, 332.72; 328.88, 332.72; 382.99, 371.7; 382.99, 371.7; 409.03, 382.33; 409.03, 382.33; 479.36, 435.31; 479.36, 435.31; 514.97, 456.1; 514.97, 456.1; 591.63, 460.88; 591.63, 460.88; 623.73, 456.34; 623.73, 456.34; 633.97, 370.19; 633.97, 370.19; 549.61, 288.6; 549.61, 288.6; 614.42, 347.71; 614.42, 347.71; 445.01, 265.91; 445.01, 265.91; 543, 274.59; 385.73, 278.63; 385.73, 278.63; 437.27, 266.62; 437.27, 266.62; 580.07, 491.65; 580.07, 491.65; 690.84, 498.77; 690.84, 498.77; 643.31, 469.39; 643.31, 469.39; 690.23, 494.73; 690.23, 494.73; 579.7, 493.96; 579.7, 493.96; 693.39, 501.71; 693.39, 501.71; 642.88, 469.09; 642.88, 469.09; 694.82, 506.54; 583.32, 494.5; 583.32, 494.5; 686.69, 508.46; 686.69, 508.46; 343.01, 375.62; 343.01, 375.62; 703.46, 422.45; 703.46, 422.45; 349.93, 375.61; 349.93, 375.61; 708.78, 424.98; 708.78, 424.98; 339.09, 357.6; 339.09, 357.6; 692.89, 414.79; 692.89, 414.79; 698.96, 416.1; 698.96, 416.1; 711.89, 424.01; 711.89, 424.01; 329.201, 305.339; 329.201, 305.339; 329.2, 305.34; 329.2, 305.34; 709.95, 423.2; 709.95, 423.2; 627.53, 458.44; 627.53, 458.44; 641.2, 374.45; 641.2, 374.45; 548.82, 288.72; 548.82, 288.72; 612.74, 350.07; 612.74, 350.07; 443.32, 265.09; 443.32, 265.09; 542.68, 278.03; 542.68, 278.03; 385.74, 279.54; 385.74, 279.54; 440.5, 267.01; 440.5, 267.01; 329.77, 331.56; 329.77, 331.56; 385.39, 367.82; 385.39, 367.82; 409.54, 384.41; 409.54, 384.41; 480.7, 428.69; 480.7, 428.69; 513.83, 456.08; 513.83, 456.08; 592.14, 466.26; 592.14, 466.26; 629.09, 454.52; 629.09, 454.52; 620.65, 367.82; 620.65, 367.82; 546.25, 288.06; 546.25, 288.06; 442.83, 268.62; 442.83, 268.62; 539.08, 290.08; 539.08, 290.08; 384.39, 280.48; 384.39, 280.48; 437.68, 267.02; 437.68, 267.02; 483.03, 431.5; 483.03, 431.5; 408.89, 376.57; 408.89, 376.57; 385.39, 370.04; 385.39, 370.04; 330.36, 332.18; 330.36, 332.18; 520.02, 457.09; 520.02, 457.09; 594.3, 466.45; 594.3, 466.45; 626.51, 456.84; 626.51, 456.84; 626.31, 372.15; 626.31, 372.15; 340.77, 374.13; 340.77, 374.13; 704.01, 425.62; 704.01, 425.62; 458.58, 415.32; 458.58, 415.32; 450.98, 490.47; 450.98, 490.47; 504.8, 491.76; 504.8, 491.76; 250.46, 312.58; 250.46, 312.58; 349.06, 478.84; 349.06, 478.84; 450.25, 494.13; 450.25, 494.13; 515.77, 493.64; 515.77, 493.64; 350.26, 387.97; 350.26, 387.97; 354, 378.14; 354, 378.14; 354, 378.141; 354, 378.141; 471.26, 587.3; 471.26, 587.3; 265.25, 389.23; 265.25, 389.23; 305.31, 545.47; 305.31, 545.47; 269.14, 181.58; 269.14, 181.58; 349.3, 376.27; 349.3, 376.27; 181.96, 205.22; 181.96, 205.22; 206.35, 186.05; 206.35, 186.05; 241.251, 205.601; 241.251, 205.601; 239.009, 208.926; 239.005, 208.927; 239.005, 208.927; 236.932, 210.896; 236.932, 210.896; 236.93, 210.895; 236.93, 210.895; 240.86, 201.889; 240.86, 201.889; 240.863, 201.892; 240.863, 201.892; 241.553, 203.687; 241.553, 203.687; 241.554, 203.691; 241.554, 203.691; 236.628, 212.077; 236.628, 212.077; 236.624, 212.079; 236.624, 212.079; 233.03, 212.382; 233.03, 212.382; 233.028, 212.379; 233.028, 212.379; 238.557, 200.73; 238.557, 200.73; 238.561, 200.73; 238.561, 200.73; 241.725, 207.036; 241.725, 207.036; 241.724, 207.04; 241.724, 207.04; 240.17, 201.49; 240.17, 201.49; ];
