segmentsStart = [701.88, 438.48; 701.88, 438.48; 276.52, 232.67; 276.52, 232.67; 309.89, 325.79; 309.89, 325.79; 715.3, 423.86; 715.3, 423.86; 350.9, 376.06; 350.9, 376.06; 451.07, 456.35; 451.07, 456.35; 461.15, 496.25; 461.15, 496.25; 552.56, 488.42; 552.56, 488.42; 257.96, 388.45; 257.96, 388.45; 286.91, 435.43; 286.91, 435.43; 581.65, 488.08; 581.65, 488.08; 690.71, 508.23; 690.71, 508.23; 643.02, 467.71; 643.02, 467.71; 692.36, 507.37; 692.36, 507.37; 278.85, 235.2; 278.85, 235.2; 138.57, 236.68; 138.57, 236.68; 334.08, 357.06; 334.08, 357.06; 637.3, 448.07; 637.3, 448.07; 175.7, 202.21; 175.7, 202.21; 155.07, 216.54; 155.07, 216.54; 165.5, 209.52; 165.5, 209.52; 154.55, 199.36; 195.59, 203.09; 195.59, 203.09; 194.51, 204.5; 194.51, 204.5; 191.37, 226.11; 191.37, 226.11; 192.829, 225.97; 192.829, 225.97; 160.72, 201.77; 160.72, 201.77; 104.12, 285.53; 104.12, 285.53; 186.72, 202.9; 186.72, 202.9; 222.18, 212.03; 222.18, 212.03; 320.22, 347.05; 320.22, 347.05; 384.47, 370.41; 384.47, 370.41; 408.09, 380.67; 408.09, 380.67; 479.74, 430.88; 479.74, 430.88; 504.98, 448.95; 504.98, 448.95; 584.68, 456.19; 584.68, 456.19; 387.85, 278.37; 387.85, 278.37; 435.59, 266.44; 435.59, 266.44; 450.59, 265.13; 450.59, 265.13; 535.95, 294.45; 535.95, 294.45; 547.18, 297.78; 547.18, 297.78; 605.09, 345.52; 605.09, 345.52; 649.69, 440.82; 649.69, 440.82; 682.67, 420.43; 682.67, 420.43; 623.84, 448.71; 623.84, 448.71; 628.01, 364.64; 628.01, 364.64; 639.81, 374.54; 639.81, 374.54; 674.27, 422.67; 674.27, 422.67; 322.25, 349.66; 322.25, 349.66; 388.35, 366.33; 388.35, 366.33; 427.12, 316.09; 427.12, 316.09; 409.59, 372.12; 409.59, 372.12; 466.54, 317.4; 466.54, 317.4; 485.88, 388.8; 485.88, 388.8; 481.54, 379.97; 481.54, 379.97; 479.56, 423.61; 479.56, 423.61; 524.9, 342.64; 524.9, 342.64; 505.31, 397.17; 505.31, 397.17; 504.82, 403.36; 504.82, 403.36; 505.98, 444.01; 505.98, 444.01; 539.92, 342.52; 539.92, 342.52; 575.99, 413.71; 575.99, 413.71; 584.39, 443.02; 584.39, 443.02; 451.7, 270.44; 451.7, 270.44; 479.53, 306.74; 479.53, 306.74; 491.49, 309.74; 491.49, 309.74; 534.11, 295.2; 534.11, 295.2; 551.21, 298.84; 551.21, 298.84; 555.38, 335.4; 555.38, 335.4; 564.91, 338.31; 564.91, 338.31; 603.14, 342.22; 603.14, 342.22; 619.57, 359.72; 619.57, 359.72; 600.89, 394.54; 600.89, 394.54; 607.49, 411.57; 607.49, 411.57; 622.27, 455.02; 622.27, 455.02; 633.56, 370.36; 633.56, 370.36; 676.11, 420.92; 676.11, 420.92; 600.31, 376.01; 600.31, 376.01; 257.15, 211.73; 257.15, 211.73; 290.93, 279.17; 290.93, 279.17; 289.16, 272.12; 289.16, 272.12; 328.62, 358.95; 328.62, 358.95; 292.74, 285.04; 292.74, 285.04; 315.43, 340.73; 315.43, 340.73; 139.78, 238.88; 139.78, 238.88; 347.36, 473.77; 347.36, 473.77; 264.08, 383.4; 264.08, 383.4; 299.72, 519.77; 299.72, 519.77; 289.1, 431.66; 289.1, 431.66; 307.54, 513.43; 307.54, 513.43; 208.48, 420.11; 208.48, 420.11; 191.91, 493.9; 191.91, 493.9; 197.87, 494.9; 197.87, 494.9; 256.75, 530; 256.75, 530; 259.84, 390.7; 259.84, 390.7; 217.61, 420.51; 217.61, 420.51; 288.02, 431.65; 288.02, 431.65; 304.95, 503.92; 304.95, 503.92; 261.56, 523.88; 300.55, 515.28; 300.55, 515.28; 226.51, 326.75; 226.51, 326.75; 342.85, 472.89; 342.85, 472.89; 233.12, 329.29; 233.12, 329.29; 353.05, 479.12; 353.05, 479.12; 292.17, 284.84; 292.17, 284.84; 352.33, 380.92; 352.33, 380.92; 353.39, 375.17; 353.39, 375.17; 353.04, 454.29; 353.04, 454.29; 350.6, 445.17; 350.6, 445.17; 373.67, 530.05; 373.67, 530.05; 370.36, 521.61; 370.36, 521.61; 409.76, 577.1; 409.76, 577.1; 345.66, 427.22; 345.66, 427.22; 365.59, 522.51; 365.59, 522.51; 451.04, 448.55; 451.04, 448.55; 479.43, 527.1; 479.43, 527.1; 457.96, 481.96; 457.96, 481.96; 487.43, 548.52; 487.43, 548.52; 465.47, 503.07; 465.47, 503.07; 497.77, 556.74; 497.77, 556.74; 370.77, 524.4; 370.77, 524.4; 412.63, 579.14; 412.63, 579.14; 390.35, 546.79; 428.55, 589.88; 428.55, 589.88; 379.85, 548.65; 379.85, 548.65; 429.82, 597.85; 429.82, 597.85; 392.38, 558.97; 392.38, 558.97; 449.92, 605.27; 449.92, 605.27; 436.46, 598.56; 436.46, 598.56; 492.88, 619.08; 492.88, 619.08; 459.02, 605.27; 459.02, 605.27; 496.16, 616.43; 496.16, 616.43; 471.01, 611.4; 471.01, 611.4; 509.31, 610.06; 509.31, 610.06; 501.48, 558.67; 501.48, 558.67; 515.99, 609.62; 515.99, 609.62; 466.64, 498.67; 466.64, 498.67; 504.99, 499.09; 504.99, 499.09; 510.86, 498; 510.86, 498; 554.1, 490.14; 554.1, 490.14; 346.98, 375.65; 346.98, 375.65; 580.85, 486.09; 580.85, 486.09; 328.27, 357.03; 328.27, 357.03; 395.55, 376.12; 395.55, 376.12; 408.31, 386.14; 408.31, 386.14; 556.52, 461.06; 556.52, 461.06; 572.8, 461.23; 572.8, 461.23; 621.29, 457.75; 621.29, 457.75; 634.37, 446.82; 634.37, 446.82; 679.43, 422.11; 679.43, 422.11; 559.39, 307.29; 559.39, 307.29; 715.6, 428.97; 715.6, 428.97; 538.01, 485.75; 538.01, 485.75; 649.43, 463.37; 649.43, 463.37; 570.45, 481.06; 570.45, 481.06; 680.36, 443.6; 680.36, 443.6; 629.54, 476.39; 629.54, 476.39; 701.26, 437.56; 701.26, 437.56; 653.59, 460.44; 719.76, 422.05; 719.76, 422.05; 624.69, 452.9; 624.69, 452.9; 699.67, 408.01; 699.67, 408.01; 579.77, 487.64; 579.77, 487.64; 621.86, 519.13; 621.86, 519.13; 641.84, 467.2; 641.84, 467.2; 695.42, 498.31; 695.42, 498.31; 605.42, 517.07; 605.42, 517.07; 688.87, 508.39; 688.87, 508.39; 625.6, 521.18; 625.6, 521.18; 694.41, 505.05; 694.41, 505.05; 645.32, 472.78; 645.32, 472.78; 693.43, 495.44; 693.43, 495.44; 621.85, 518.23; 621.85, 518.23; 461.6, 493.9; 461.6, 493.9; 523.31, 490.36; 523.31, 490.36; 476.09, 498.23; 476.09, 498.23; 541.81, 489.23; 541.81, 489.23; 351.97, 375.24; 351.97, 375.24; 428.1, 419.22; 428.1, 419.22; 372.79, 382.79; 372.79, 382.79; 454.24, 445.9; 454.24, 445.9; 360.57, 374.87; 360.57, 374.87; 476.51, 461.65; 476.51, 461.65; 312.66, 322.66; 312.66, 322.66; 312.661, 322.659; 312.661, 322.659; 386.78, 284.33; 386.78, 284.33; 373.82, 288.27; 373.82, 288.27; 455.81, 267.61; 455.81, 267.61; 396.99, 276.58; 396.99, 276.58; 487.76, 271.69; 487.76, 271.69; 405.58, 271.84; 405.58, 271.84; 517.15, 273.47; 517.15, 273.47; 453.54, 266.58; 453.54, 266.58; 539.34, 292.28; 539.34, 292.28; 518.36, 278.9; 518.36, 278.9; 587.87, 322.83; 587.87, 322.83; 691.76, 408.78; 691.76, 408.78; 605.39, 344.82; 605.39, 344.82; 689.74, 417.47; 689.74, 417.47; 603.73, 459.41; 603.73, 459.41; 499.73, 449.93; 499.73, 449.93; 591.33, 462.23; 591.33, 462.23; 511.16, 451.53; 511.16, 451.53; 597.17, 336.12; 597.17, 336.12; 550.2, 299.94; 550.2, 299.94; 583.84, 323.82; 583.84, 323.82; 511.52, 276.44; 511.52, 276.44; 542.05, 289.92; 542.05, 289.92; 490.04, 266.66; 490.04, 266.66; 525.22, 281.86; 525.22, 281.86; 479.34, 267.88; 479.34, 267.88; 382.74, 281.38; 382.74, 281.38; 318.46, 315.06; 318.46, 315.06; 359.46, 377.47; 359.46, 377.47; 421.81, 412.01; 421.81, 412.01; 403.24, 403.33; 403.24, 403.33; 487.16, 471.25; 487.16, 471.25; 440.74, 438.96; 440.74, 438.96; 526.66, 482.83; 526.66, 482.83; 515.56, 480.44; 515.56, 480.44; 599.52, 483.39; 599.52, 483.39; 566.63, 485.8; 566.63, 485.8; 641, 471.84; 641, 471.84; 630.03, 471.35; 630.03, 471.35; 690.89, 438.15; 690.89, 438.15; 683.1, 446.45; 683.1, 446.45; 708.22, 425.49; 708.22, 425.49; 143.5, 241.81; 143.5, 241.81; 149.46, 337.46; 149.46, 337.46; 155.01, 338.08; 155.01, 338.08; 218.91, 326.75; 218.91, 326.75; 226.02, 326.82; 226.02, 326.82; 255.57, 364.11; 255.57, 364.11; 191.99, 282.92; 191.99, 282.92; 214.84, 297.43; 214.84, 297.43; 142.08, 239.98; 142.08, 239.98; 97.88, 273.59; 97.88, 273.59; 97.49, 280.57; 97.49, 280.57; 113.46, 319.7; 113.46, 319.7; 125.53, 328.28; 125.53, 328.28; 140.6, 335.89; 140.6, 335.89; 99.68, 279.73; 99.68, 279.73; 131.27, 296.85; 131.27, 296.85; 161.3, 300.46; 161.3, 300.46; 101.3, 280.16; 101.3, 280.16; 186.75, 294.93; 186.75, 294.93; 151.91, 299.23; 151.91, 299.23; 188.49, 292.93; 188.49, 292.93; 191.93, 284.09; 191.93, 284.09; 214.03, 299.72; 214.03, 299.72; 193.35, 288.48; 193.35, 288.48; 203.72, 295.83; 203.72, 295.83; 185.94, 203.62; 185.94, 203.62; 222.25, 211.6; 222.25, 211.6; 140.6, 239.84; 140.6, 