radius = 5.540064612671013;
cppContour{1} = [711.2906573991111 429.9994539458606; 715.6 428.99;717.0094065616306 424.7831837238418;719.76 422.06;716.04 423.36;712.4969284982278 421.9818399977436;711.5222975427268 421.5832122042932;708.4698789982937 419.7242487160823;705.0705792103648 417.6305419037073;701.6822997762367 415.5190449190372;700.15 411.46;699.6799999999999 408.02;696.6384814105835 409.6047891123481;693.1483492958312 407.7096660949243;689.6803546045654 405.7743312349833;686.2346607119146 403.7995731370339;682.8119784023694 401.7851987993548;679.4125809276347 399.7317780161262;676.0366346364999 397.6400238931923;672.6854054420447 395.5089004096649;669.3582914525437 393.3403203884881;666.0565324967213 391.1333283858806;662.7800792387949 388.8889421819215;659.5298695335923 386.6067133924427;656.3056394278468 384.2879239030776;653.1084199159637 381.9320349891658;649.9384750859155 379.5395618705409;646.7960366939355 377.1110737121938;643.6819836985194 374.6462878780896;640.5964498408212 372.1458816868315;637.54 369.61;633.1656031108257 367.272198765427;630.0358131380696 364.7936394797279;626.9185541615572 362.2993423076876;623.8143063049343 359.7888684453673;620.7228573943685 357.2626520036366;617.6443788216939 354.72064672182;614.5790578762792 352.1627889034793;611.5268723103806 349.5892707473894;608.4855547644964 347.0029143579528;605.4539760580919 344.4051481780737;603.14 342.23;599.4089555916365 339.1885249694946;597.17 336.12;594.5867020380086 333.0855995368551;591.9129372202585 330.1306427263362;589.152099104567 327.2568890380614;587.86 322.83;584.8509666816884 320.3047819542609;581.8083384651247 317.8201513095636;578.7320412761145 315.3773268283308;575.6229334900021 312.9764197276486;572.4823548816838 310.6168267572151;569.3098933560451 308.3002882190081;566.1068436994232 306.0262236287391;562.8734287683471 303.7955542961739;559.6103231868891 301.6085501712012;556.3183499253469 299.4652451381729;552.9978280597028 297.3664338732575;549.6493631257689 295.3125050236932;546.273874946227 293.3032970324506;542.05 289.92;538.9878455854341 287.6114887771277;535.8528452919874 285.4030195360787;532.6474403428223 283.2980959229075;529.3763236109316 281.2968819686777;526.0425107627101 279.4019224699272;522.6500823058784 277.6139399233001;519.2024769231354 275.9347161505785;517.14 273.46;513.4338949246438 272.1982983082146;509.6997579707163 271.0222063945182;505.9396484693024 269.932014681412;502.1557065205389 268.9277364459425;498.3499568095552 268.0095682339072;494.5245944896936 267.176906466128;490.6815674139892 266.4300140953391;486.8227203616377 265.7697081894917;482.9501676232026 265.1952039627348;479.0658341844037 264.7066578291192;475.1715989265334 264.3044575566003;471.2693857341055 263.9888421593525;467.3611770409873 263.7588862683153;463.4488554393797 263.6145818900466;459.5342736995407 263.5576240387725;455.6194093961098 263.5879768873338;451.7061607336607 263.7040004664242;447.7964502539844 263.9066796043813;443.8921873377073 264.195671548151;439.9952653864187 264.5709347582801;436.1076678103943 265.0327164104859;432.2313080257953 265.5809378423557;428.3681910828219 266.2157974700871;424.5202209857894 266.9367824978291;420.6894051806319 267.7440208743368;416.8779155014565 268.6380817180986;413.0879603040616 269.619488943762;412.7480426141608 269.715787085649;410.4483089460895 270.2900151725738;406.5963083174809 271.3389131878508;402.7671777754434 272.4684737391469;398.9620936611026 273.6765555121632;395.182417245001 274.9619275283621;391.4294813569303 276.3234390396231;387.7035607486417 277.7572603144205;384.005075145052 279.2604388549809;380.334945687554 280.8315857292112;376.6931072675598 282.4672383193735;373.0803785930473 284.1662370165812;369.4967066799635 285.9257102881707;365.9426522330699 287.7442758301422;362.4184136918012 289.6199694192161;358.9239575736506 291.5505891178316;355.4590420764994 293.5337411327835;352.1402480075311 295.4975116827469;351.120160560892 296.0137888682542;347.6673124922713 297.8306333374553;344.243758915244 299.7020856439489;340.8503716895917 301.6276888725113;337.488161303812 303.6072162473153;334.1581910439448 305.6405028900273;330.8609210193104 307.7264095019611;327.5975341568694 309.864930801236;325.0295453487173 311.6075063021889;321.8427768617172 313.2771673333889;318.46 315.05;314.9003708730705 318.9353137690318;311.82 321.33;307.1213692044231 323.1983060581493;305.5790344019615 319.5244469455141;304.1105142460835 315.8204459897869;302.7116715682656 312.089561312756;301.3786504783415 308.3346395220401;300.1021458588862 304.560106931363;298.8721918843945 300.7701374936003;297.6820264478603 296.9674758981214;296.5239186509611 293.154924310938;295.3901041792181 289.3350707286932;294.2752086592821 285.5096474437813;293.1706787796915 281.6812169411963;292.0695682359974 277.851800475155;290.9654039721987 274.0232647542344;290.4671348886009 272.3134203073906;290.3801213093848 271.3990971759916;289.8381385898445 267.5455832668708;289.1244166134695 263.7201814698948;288.2441428648051 259.9296392169433;287.1989309693986 256.1812357940568;285.9938614287624 252.4810809035624;284.6312071132822 248.8359755194426;283.1145764530212 245.2521095549913;281.4469360320408 241.7358758148681;279.6285002216736 238.2952041871647;278.85 235.2;276.6360114921562 231.8792862169136;274.2542633464435 228.6767794683744;271.7140027560122 225.598523919408;269.0239099305335 222.6503110121758;266.1925571993561 219.8375248701294;264.8238351568142 218.6025764799517;263.0317045740157 216.8241756009679;260.1490742455015 214.2099349868982;257.15 211.73;253.6266964516146 210.0274313255316;250.2150748900459 207.9564836127416;246.7108513937192 206.0464580940408;243.1216120125061 204.3014167062972;239.4548530793145 202.7258792983107;239.186166241251 202.6250203034437;238.9516806091646 202.4975836506065;235.5146287187137 200.7879080231472;232.0172141758246 199.2053393616158;228.4642456036843 197.7516656500707;224.86 196.43;219.8255996123213 197.2942745798082;216.48 196.18;213.419510197337 193.6976734301274;209.96059652236 191.8148613806366;206.2248063999048 190.571117574172;202.3275287281874 190.0054300161242;198.39 190.16;202.3275287281874 190.0054300161242;206.2248063999048 190.571117574172;209.96059652236 191.8148613806366;213.419510197337 193.6976734301274;216.48 196.18;215.9692466851116 196.6946315853725;212.0845676056818 196.3206964894403;208.184922137997 196.1685765403401;204.282943405641 196.2358415749455;200.3906250206468 196.5182092276524;196.5196248305245 197.0132127461872;192.6810755981398 197.7168020233816;188.8859763740628 198.6261037141233;185.1453803856948 199.7385238961674;181.4701092451813 201.0507968088381;177.8715337991004 202.5607338508225;176.3042074726062 203.3213854585334;174.8788560985267 200.3631813571731;173.5022042825358 199.2289927894782;173.3953976357865 199.084124282564;173.2407753626252 199.0136081230119;171.9495551117743 197.9498044582943;168.291404904605 197.0015075484128;165.9896149075821 197.5052592068359;165.9719899072857 197.5054216182468;165.9558886517849 197.5126402699703;164.5993886400151 197.8095131955908;163.6045620821238 198.566806983484;162.4209287628955 199.0974635338056;161.0023613917285 200.4278718566357;161.4769144062979 198.0719708148412;162.9284451632248 194.5898626260801;165.3495021542277 191.7179327848079;168.7679319096875 190.2257425763624;172.5037727011059 190.5120924697287;175.9358863865754 192.0669086452657;178.95 194.35;175.9358863865754 192.0669086452657;172.5037727011059 190.5120924697287;168.7679319096875 190.2257425763624;165.3495021542277 191.7179327848079;162.9284451632248 194.5898626260801;161.4769144062979 198.0719708148412;161.0023613917285 200.4278718566357;159.5727244800534 201.7686617863751;157.7337859809501 204.7467002618385;156.1862816970935 202.891223445854;154.55 199.35;156.1862816970935 202.891223445854;157.7337859809501 204.7467002618385;157.5173314378283 205.0972339843746;156.2201855128506 208.7959527701338;155.4912428379127 212.6520308904497;155.1517490936547 