radius = 46;
cppContour{1} = [1680.714762709202 723.0860434571312; 1681.313656859928 719.2857754702096;1681.589091415255 715.4484292372327;1681.548681941171 711.6013699335441;1681.184280370561 707.7710719147192;1680.47 703.99;1669.18 681.95;1665.798733185856 680.0947118030437;1662.321774107858 678.4258968753267;1658.759357022999 676.9483177722897;1655.122517476249 675.6648329712483;1651.422503026414 674.5770995265445;1647.66984627445 673.6877699587812;1643.875466116325 672.9978217593035;1640.049668991334 672.5111685541767;1636.203232923333 672.2307357886053;1632.347199539256 672.1589420980337;1628.492925572962 672.2977811936684;1624.785359975055 672.9127132576803;1624.571587639634 676.7574463955295;1625.060644505337 680.5809256850396;1625.913886688363 684.3421911588987;1626.796014534997 688.0971016389864;1627.440808351314 691.8983117083415;1627.714545619324 695.7437024870201;1627.630814934129 699.5978173371601;1627.184261077377 703.427078856009;1626.398684262079 707.2014572971493;1625.257986713396 710.8842072074983;1623.78640047251 714.4477053939181;1622.910345182342 716.1135493062063;1620.003637758142 716.0298542206264;1616.071275469579 715.9444540556309;1612.138441544487 715.8845565126353;1608.205285183595 715.8521720626992;1604.272000288301 715.8465683159753;1600.338761938068 715.8671706738805;1596.405764024309 715.9152891203829;1592.473179422819 715.9899389988581;1588.541193817782 716.0913934601384;1584.61 716.22;1572.980988242427 715.5846616782836;1571.463325694302 711.9347374237193;1568.742516345956 709.0867143484887;1565.079886559456 707.6337003950354;1549.72 705.45;1545.777440911186 705.0011226729871;1541.855192180456 704.4002663932566;1537.958897159014 703.6493463589825;1534.093412311211 702.7532804243315;1530.2625959173 701.718923408814;1526.472019807236 700.5455477078682;1522.724527777662 699.2412972812821;1519.022847752102 697.8121391008407;1515.371080655588 696.2597885915237;1511.769952788813 694.5933072061057;1508.224417360002 692.8116570156437;1504.736403774902 690.9198384655706;1501.303688485332 688.9294009093785;1498.420171403977 687.1404027823812;1498.28 687.03;1480.091551488167 669.8802367755236;1480.342442708787 665.9116399664136;1480.524178881984 661.939309658463;1480.636687235602 657.964472581656;1480.67906850255 653.9882063403576;1480.653132943021 650.0118628680764;1480.565832276009 646.0362910403779;1480.411646177543 642.0628039453969;1480.195847068841 638.0921285243727;1479.913984576491 634.1256344560367;1479.581895194171 630.1630366552953;1479.549735452872 629.8373870934886;1480.082260352783 628.1734935758117;1481.227181037812 624.3991239187449;1482.316215846929 620.6083496764147;1483.34706737782 616.8013306142191;1484.320602264765 612.9792515949805;1485.234274742114 609.1423388195718;1486.092756303714 605.2927251459822;1486.894104657602 601.4308172065126;1487.632302471927 597.5563877589587;1488.309784167551 593.670846989615;1488.93469388316 589.7764700099864;1489.502449245088 585.8734220706242;1490.007919698047 581.9617785200501;1490.446206672844 578.042044829882;1490.83710832619 574.1172903575408;1491.160822413203 570.1864353642382;1493.02 565.53;1495.122575791104 562.2426600198344;1497.15996144402 558.9144921704356;1499.133252036569 555.5479826058719;1501.041840961978 552.1444288396012;1502.883239261186 548.7039949403768;1504.658795030739 545.2291109828165;1506.364338905032 541.7193890593121;1508.004631516826 538.1786925921153;1509.574993834816 534.6063893340533;1511.076719731327 531.0047592951306;1512.513553972189 527.3767075535973;1513.877886364394 523.7207485156955;1515.175531545521 520.0406469164486;1516.39896631951 516.335209411198;1517.556539669353 512.6086088137819;1518.640103651401 508.8598330740415;1519.649645230415 505.0904593805468;1520.591727602124 501.3036287637979;1521.455649381386 497.4982949357706;1522.252077813588 493.6782503021558;1522.974300734796 489.8434778200599;1523.622276518815 485.9954565013122;1524.196059946582 482.1356659522349;1524.695424599314 478.2655303477316;1525.120536846797 474.3865227757742;1525.471338048587 470.5000743733361;1525.689822439476 467.3169751792448;1526.156127908032 466.1892411179314;1527.65 462.49;1526.156127908032 466.1892411179314;1525.689822439476 467.3169751792448;1525.738555155181 466.606988221117;1525.94 462.71;1525.738555155181 466.606988221117;1525.689822439476 467.3169751792448;1524.631683117586 469.8760267782009;1523.059952055365 473.5429115911372;1521.449353361817 477.192888073844;1519.800057938079 480.8255394787878;1518.111870112835 484.4402771429622;1516.385065015224 488.0367231218376;1514.619783087317 491.6144374405772;1512.815719302707 495.1727510209898;1510.973044095416 498.7112189880081;1509.091761187489 502.2293104599171;1507.172359087637 505.7267499780936;1505.217875154027 509.2046694093575;1503.225810470859 512.6612590633185;1501.198825784064 516.0974656826389;1499.126464203392 519.5064876680484;1497.026317631618 522.8984918774578;1494.889370279186 526.2673766397346;1492.712899841653 529.6109194307033;1490.502876002542 532.9323474015258;1488.25520209304 536.2284067014928;1485.976787849611 539.5033156590126;1483.660666598869 542.7516678807218;1483.316488591831 543.2227765182499;1484.17 541.77;1451.332978767639 510.4128580594913;1450.175650059149 506.6084622647705;1449.025773722567 502.8017953811212;1447.876717437728 498.994880888472;1446.73845146056 495.1847379124878;1445.610078448264 491.3716446659069;1444.499905328933 487.5532099443819;1443.391333206514 483.7343122824818;1442.311467145742 479.9072093674581;1441.241834366061 476.0772220074761;1440.201032952376 472.2393112725075;1439.17093534826 468.3985010019063;1438.17 464.55;1422.397382320727 422.5011849015211;1421.480434717668 418.620061709799;1420.547054386716 414.7428514103598;1419.610617649437 410.8663842008372;1418.657296589164 406.9940286576904;1417.700881047542 403.1224413890058;1416.727704881475 399.2550279578565;1415.742170129052 395.3907574617555;1414.748738419892 391.5284974997013;1413.743687331836 387.6692564675027;1412.728757223678 383.8125942575677;1411.695971606804 379.9606710492168;1410.6612703841 376.1092655358537;1409.608703532573 372.2627006330744;1408.545866346212 368.4189726671216;1407.480488733018 364.5759531494393;1406.397810336312 360.7377668353053;1405.304338657255 356.9026314437555;1404.192469383983 353.0727874505695;1403.07982576935 349.2431683170307;1401.956785014903 345.4165985152424;1400.814778092666 341.595646091573;1399.67171469523 337.7750095664937;1398.51 333.96;1399.67171469523 337.7750095664937;1400.814778092666 341.595646091573;1401.956785014903 345.4165985152424;1403.07982576935 349.2431683170307;1404.192469383983 353.0727874505695;1405.304338657255 356.9026314437555;1406.397810336312 360.7377668353053;1407.480488733018 364.5759531494393;1408.545866346212 368.4189726671216;1409.608703532573 372.2627006330744;1410.6612703841 376.1092655358537;1411.695971606804 379.9606710492168;1412.728757223678 383.8125942575677;1413.743687331836 387.6692564675027;1414.748738419892 391.5284974997013;1415.742170129052 395.3907574617555;1416.727704881475 399.2550279578565;1417.700881047542 403.1224413890058;1418.657296589164 406.9940286576904;1419.610617649437 410.8663842008372;1420.547054386716 414.7428514103598;1421.480434717668 418.620061709799;1422.397382320727 422.5011849015211;1423.304293054722 426.3846604778567;1424.198270468903 430.2711451280944;1425.08231378939 434.1598897769441;1425.953473122046 438.0515286493276;1426.817597675165 441.9447475426139;1427.665905563005 445.8414445586071;1428.50991883271 449.7390730204976;1392.21 422.89;1389.635941615287 419.8858699731406;1386.900892999545 417.0277194045389;1384.016088194527 414.320650643027;1381.006260571769 411.7532726710575;1377.879460961547 409.3296044010709;1374.65764573052 407.0337020879594;1371.351193960508 404.8614292586695;1367.97464017119 402.7997622292878;1364.539010963665 400.8381450781051;1361.050633795728 398.9718091120998;1357.522731444673 397.1812398321648;1353.958775456311 395.4634862211906;1350.368337547081 