segmentsStart = [1438.12, 689.67; 1438.12, 689.67; 1424.05, 822.4; 1424.05, 822.4; 1435.98, 740.01; 1435.98, 740.01; 1412.68, 728.18; 1412.68, 728.18; 1434.38, 735.75; 1434.38, 735.75; 1421.13, 722.51; 1421.13, 722.51; 1398.45, 766.83; 1398.45, 766.83; 1418.5, 760.14; 1418.5, 760.14; 1408.82, 753.26; 1408.82, 753.26; 1390.42, 762.66; 1390.42, 762.66; 1415.85, 771.738; 1415.85, 771.738; 1414.59, 769.94; 1414.59, 769.94; 1415.63, 779.69; 1415.63, 779.69; 1402.34, 792.03; 1402.34, 792.03; 1388.69, 782.12; 1388.69, 782.12; 1405.15, 794.03; 1405.15, 794.03; 1424.73, 821.62; 1424.73, 821.62; 1356.97, 831.93; 1356.97, 831.93; 1360.76, 827.53; 1360.76, 827.53; 1334.93, 877.96; 1334.93, 877.96; 1347.45, 855.97; 1347.45, 855.97; 1350.27, 846.75; 1350.27, 846.75; 1356.9, 832.51; 1356.9, 832.51; 1388.12, 849.92; 1388.12, 849.92; 1266.4, 818.99; 1266.4, 818.99; 1319.88, 896.79; 1319.88, 896.79; 1277.12, 859.97; 1277.12, 859.97; 1304.63, 875.71; 1304.63, 875.71; 1296.98, 867.17; 1296.98, 867.17; 1335.83, 879.65; 1335.83, 879.65; 1297.37, 876.67; 1297.37, 876.67; 1337.26, 881.15; 1337.26, 881.15; 1286.61, 859.46; 1286.61, 859.46; 1246.6, 856.04; 1246.6, 856.04; 1253.14, 848.68; 1253.14, 848.68; 1233.16, 900.22; 1233.16, 900.22; 1232.79, 844.31; 1232.79, 844.31; 1221.19, 894.28; 1221.19, 894.28; 1210.11, 785.9; 1210.11, 785.9; 1243.03, 853.09; 1243.03, 853.09; 1192.72, 788.38; 1192.72, 788.38; 1205.47, 877.87; 1205.47, 877.87; 1170.91, 841.63; 1170.91, 841.63; 1161.23, 753.11; 1161.23, 753.11; 1179.21, 764.37; 1179.21, 764.37; 1138.46, 762.56; 1138.46, 762.56; 1298.39, 803.83; 1298.39, 803.83; 1184.67, 761.51; 1184.67, 761.51; 1315.23, 802.1; 1315.23, 802.1; 1133.92, 757.43; 1133.92, 757.43; 1203.24, 782.62; 1203.24, 782.62; 1127.2, 739.08; 1127.2, 739.08; 1335.87, 791.66; 1335.87, 791.66; 1285.13, 818.86; 1285.13, 818.86; 1325.55, 782.83; 1325.55, 782.83; 1271.36, 813.48; 1271.36, 813.48; 1178.27, 741.12; 1178.27, 741.12; 1124.24, 716.93; 1124.24, 716.93; 1124.24, 716.931; 1124.24, 716.931; 1131.69, 739.08; 1131.69, 739.08; 1165.39, 706.31; 1165.39, 706.31; 1121.87, 699.57; 1121.87, 699.57; 1121.87, 699.57; 1121.87, 699.57; 1162.27, 727.01; 1162.27, 727.01; 1211.29, 745.13; 1211.29, 745.13; 1241.84, 762.09; 1241.84, 762.09; 1247.55, 751.45; 1247.55, 751.45; 1223.79, 744.4; 1223.79, 744.4; 1225.33, 700.85; 1225.33, 700.85; 1223.05, 751.1; 1223.05, 751.1; 1354.64, 696.99; 1354.64, 696.99; 1332.54, 809.96; 1332.54, 809.96; 1323.15, 711.45; 1323.15, 711.45; 1331.8, 808.74; 1331.8, 808.74; 1312.81, 746.34; 1312.81, 746.34; 1288.02, 727.38; 1288.02, 727.38; 1279.32, 778; 1279.32, 778; 1290.83, 727.21; 1290.83, 727.21; 1296.01, 740.13; 1296.01, 740.13; 1301.08, 759.78; 1301.08, 759.78; 1289.08, 747.26; 1289.08, 747.26; 1283.68, 764.32; 1283.68, 764.32; 1290.63, 767.51; 1290.63, 767.51; 1295.75, 787.17; 1295.75, 787.17; 1395.04, 679.99; 1395.04, 679.99; 1356.55, 712; 1356.55, 712; 1345.68, 716.06; 1345.68, 716.06; 1420.04, 675.63; 1420.04, 675.63; 1376.07, 707.86; 1376.07, 707.86; 1430.65, 676.41; 1430.65, 676.41; 1435.17, 789.47; 1435.17, 789.47; 1438.39, 689.07; 1438.39, 689.07; 1476.67, 750.83; 1476.67, 750.83; 1385.96, 653.36; 1385.96, 653.36; 1329.05, 643.34; 1329.05, 643.34; 1399.17, 661.78; 1399.17, 661.78; 1351.03, 641.27; 1351.03, 641.27; 1213.03, 675.49; 1213.03, 675.49; 1300.39, 644.52; 1300.39, 644.52; 1261.23, 683.47; 1261.23, 683.47; 1301.9, 659.62; 1301.9, 659.62; 1261.76, 683.3; 1261.76, 683.3; 1345.03, 650.76; 1345.03, 650.76; 1233.94, 655.95; 1233.94, 655.95; 1285.03, 666.39; 1285.03, 666.39; 1363.94, 656.7; 1363.94, 656.7; 1363.94, 656.7; 1363.94, 656.7; 1269.92, 685.5; 1269.92, 685.5; 1333.27, 672.2; 1333.27, 672.2; 1304.9, 706.11; 1304.9, 706.11; 1387.19, 663.95; 1387.19, 663.95; 1303.58, 705.72; 1303.58, 705.72; 1308.39, 729.83; 1308.39, 729.83; 1230.92, 683.62; 1230.92, 683.62; 1254.18, 678.5; 1254.18, 678.5; 1154.55, 576.702; 1154.55, 576.702; 1154.55, 576.7; 1154.55, 576.7; 1163.46, 641.45; 1271.49, 756.73; 1271.49, 756.73; 1148.89, 586.421; 1148.89, 586.421; 1148.89, 586.421; 1148.89, 586.421; 1154.84, 670.68; 1154.84, 670.68; 1149.08, 591.35; 1149.08, 591.35; 1191.11, 739.77; 1191.11, 739.77; 1128.6, 672.58; 1128.6, 672.58; 1165.14, 707.26; 1165.14, 707.26; 1150.47, 670.79; 1150.47, 670.79; 1093.34, 668.76; 1093.34, 668.76; 1093.34, 668.76; 1093.34, 668.76; 1127.57, 657.2; 1127.57, 657.2; 1049.99, 619.96; 1049.99, 619.96; 1148.94, 674.1; 1148.94, 674.1; 1241.09, 679.83; 1241.09, 679.83; 1054, 620.39; 1054, 620.39; 1177.94, 644.44; 1177.94, 644.44; 1065.94, 616.64; 1065.94, 616.64; 1435.38, 684.08; 1435.38, 684.08; 1383.73, 649.82; 1383.73, 649.82; 1400.85, 656.19; 1400.85, 656.19; 1239.09, 680.94; 1239.09, 680.94; 1319.51, 634.62; 1319.51, 634.62; 1241.46, 657; 1241.46, 657; 1370.24, 639.04; 1370.24, 639.04; 1233.15, 645.15; 1233.15, 645.15; 1193.26, 639.51; 1193.26, 639.51; 1249.04, 648.98; 1249.04, 648.98; 1154.06, 592.75; 1154.06, 592.75; 1252.15, 650.41; 1252.15, 650.41; 1138.63, 622.51; 1138.63, 622.51; 1058.78, 550.3; 1058.78, 550.3; 1063.2, 587.7; 1063.2, 587.7; 1056.31, 545.53; 1056.31, 545.53; 1046.5, 567.52; 1046.5, 567.52; 1067.8, 588.65; 1067.8, 588.65; 1086.24, 601.43; 1086.24, 601.43; 1091.07, 566.64; 1091.07, 566.64; 1083.29, 571.71; 1083.29, 571.71; 1054.69, 544.11; 1054.69, 544.11; 1097.32, 564.8; 1097.32, 564.8; 1055.44, 545.16; 1055.44, 545.16; 1130.93, 582; 1130.93, 582; 1079.32, 570.14; 1079.32, 570.14; 1078.92, 552.1; 1078.92, 552.1; 1235.96, 587.57; 1235.96, 587.57; 1227.99, 583.25; 1227.99, 583.25; 1372.46, 540.82; 1372.46, 540.82; 1103.77, 558.47; 1103.77, 558.47; 1368.63, 539.87; 1368.63, 539.87; 1272.11, 582.98; 1272.11, 582.98; 1366.59, 564.54; 1366.59, 564.54; 1300.58, 633.12; 1300.58, 633.12; 1340.54, 595.84; 1340.54, 595.84; 1301.38, 628.07; 1301.38, 628.07; 1339.91, 605.58; 1339.91, 605.58; 1421.64, 821.12; 1421.64, 821.12; 1605.3, 795.62; 1605.3, 795.62; 1599.77, 805.81; 1599.77, 805.81; 1680.47, 703.99; 1680.47, 703.99; 1680.13, 713.58; 1680.13, 713.58; 1628.25, 672.52; 1628.25, 672.52; 1669.18, 681.95; 1669.18, 681.95; 1619.87, 721.08; 1619.87, 721.08; 1636.03, 685.04; 1636.03, 685.04; 1642.25, 718.2; 1642.25, 718.2; 1652.8, 693.18; 1652.8, 693.18; 1640.73, 724.85; 1640.73, 724.85; 1665.83, 696.94; 1665.83, 696.94; 1648.82, 718.3; 1648.82, 718.3; 1584.61, 716.22; 1584.61, 716.22; 1659.26, 718.36; 1659.26, 718.36; 1552.6, 743.31; 1552.6, 743.31; 1586.25, 716.33; 1586.25, 716.33; 1586.91, 716.32; 1586.91, 716.32; 1538.3, 745; 1538.3, 745; 1538.3, 745; 1538.3, 745; 1538.83, 715.45; 1538.83, 715.45; 1569.27, 726.47; 1569.27, 726.47; 1379.17, 534.64; 1379.17, 534.64; 1434.1, 630.12; 1434.1, 630.12; 1389, 553.62; 1389, 553.62; 1453.17, 661; 1453.17, 661; 1390.53, 638.34; 1390.53, 638.34; 1431.7, 639.43; 1431.7, 639.43; 1356.73, 617.4; 1356.73, 617.4; 1406.02, 598.98; 1406.02, 598.98; 1354.53, 603.44; 1354.53, 603.44; 1413.82, 573.63; 1413.82, 573.63; 1354.69, 594.66; 1354.69, 594.66; 1390.59, 510.1; 1390.59, 510.1; 1549.72, 705.45; 1549.72, 705.45; 1478.29, 685.68; 1478.29, 685.68; 1438.17, 464.55; 1438.17, 464.55; 1454.35, 623.18; 1454.35, 623.18; 1459.54, 666.66; 1459.54, 666.66; 1433.72, 598.16; 1433.72, 598.16; 1478.88, 631.93; 1478.88, 631.93; 1491.87, 546.54; 1491.87, 546.54; 1493.02, 565.53; 1493.02, 565.53; 1466.48, 564.76; 1466.48, 564.76; 1447.23, 613.96; 1447.23, 613.96; 1339.86, 553.48; 1339.86, 553.48; 1388.16, 472.12; 1388.16, 472.12; 1421.41, 549.48; 1421.41, 549.48; 1398.83, 486.15; 1398.83, 486.15; 1331.89, 427.59; 1331.89, 427.59; 1261.72, 364.25; 1261.72, 364.25; 1356.87, 458.48; 1356.87, 458.48; 1373.25, 449.07; 1373.25, 449.07; 1322.13, 346.7; 1322.13, 346.7; 1392.21, 422.89; 1392.21, 422.89; 1191.18, 319.04; 1191.18, 319.04; 1361.97, 467.06; 1361.97, 467.06; 1294.66, 355.72; 1294.66, 355.72; 1355.1, 462.25; 1355.1, 462.25; 1281.25, 351.22; 1281.25, 351.22; 1343.64, 446.12; 1343.64, 446.12; 1331.13, 391.89; 1331.13, 391.89; 1300.42, 356.28; 1300.42, 356.28; 1281.84, 354.78; 1281.84, 354.78; 