segmentsStart = [1438.12, 689.67; 1438.12, 689.67; 1424.05, 822.4; 1424.05, 822.4; 1435.98, 740.01; 1435.98, 740.01; 1412.68, 728.18; 1412.68, 728.18; 1434.38, 735.75; 1434.38, 735.75; 1421.13, 722.51; 1421.13, 722.51; 1398.45, 766.83; 1398.45, 766.83; 1418.5, 760.14; 1418.5, 760.14; 1408.82, 753.26; 1408.82, 753.26; 1390.42, 762.66; 1390.42, 762.66; 1415.85, 771.738; 1415.85, 771.738; 1414.59, 769.94; 1414.59, 769.94; 1415.63, 779.69; 1415.63, 779.69; 1402.34, 792.03; 1402.34, 792.03; 1388.69, 782.12; 1388.69, 782.12; 1405.15, 794.03; 1405.15, 794.03; 1424.73, 821.62; 1424.73, 821.62; 1334.93, 877.96; 1356.9, 832.51; 1356.9, 832.51; 1388.12, 849.92; 1388.12, 849.92; 1266.4, 818.99; 1266.4, 818.99; 1319.88, 896.79; 1319.88, 896.79; 1277.12, 859.97; 1277.12, 859.97; 1304.63, 875.71; 1304.63, 875.71; 1296.98, 867.17; 1296.98, 867.17; 1335.83, 879.65; 1335.83, 879.65; 1297.37, 876.67; 1297.37, 876.67; 1337.26, 881.15; 1337.26, 881.15; 1286.61, 859.46; 1286.61, 859.46; 1246.6, 856.04; 1246.6, 856.04; 1253.14, 848.68; 1253.14, 848.68; 1233.16, 900.22; 1233.16, 900.22; 1232.79, 844.31; 1232.79, 844.31; 1221.19, 894.28; 1221.19, 894.28; 1210.11, 785.9; 1210.11, 785.9; 1243.03, 853.09; 1243.03, 853.09; 1205.47, 877.87; 1205.47, 877.87; 1170.91, 841.63; 1170.91, 841.63; 1161.23, 753.11; 1161.23, 753.11; 1179.21, 764.37; 1179.21, 764.37; 1138.46, 762.56; 1138.46, 762.56; 1298.39, 803.83; 1298.39, 803.83; 1184.67, 761.51; 1184.67, 761.51; 1315.23, 802.1; 1315.23, 802.1; 1133.92, 757.43; 1133.92, 757.43; 1203.24, 782.62; 1203.24, 782.62; 1127.2, 739.08; 1127.2, 739.08; 1335.87, 791.66; 1335.87, 791.66; 1285.13, 818.86; 1285.13, 818.86; 1325.55, 782.83; 1325.55, 782.83; 1271.36, 813.48; 1271.36, 813.48; 1178.27, 741.12; 1178.27, 741.12; 1124.24, 716.93; 1124.24, 716.93; 1124.24, 716.931; 1124.24, 716.931; 1131.69, 739.08; 1131.69, 739.08; 1165.39, 706.31; 1165.39, 706.31; 1121.87, 699.57; 1121.87, 699.57; 1121.87, 699.57; 1121.87, 699.57; 1162.27, 727.01; 1162.27, 727.01; 1211.29, 745.13; 1211.29, 745.13; 1241.84, 762.09; 1241.84, 762.09; 1247.55, 751.45; 1247.55, 751.45; 1223.79, 744.4; 1223.79, 744.4; 1225.33, 700.85; 1225.33, 700.85; 1223.05, 751.1; 1223.05, 751.1; 1354.64, 696.99; 1354.64, 696.99; 1332.54, 809.96; 1332.54, 809.96; 1323.15, 711.45; 1323.15, 711.45; 1331.8, 808.74; 1331.8, 808.74; 1312.81, 746.34; 1312.81, 746.34; 1288.02, 727.38; 1288.02, 727.38; 1279.32, 778; 1279.32, 778; 1290.83, 727.21; 1290.83, 727.21; 1296.01, 740.13; 1296.01, 740.13; 1301.08, 759.78; 1301.08, 759.78; 1289.08, 747.26; 1289.08, 747.26; 1283.68, 764.32; 1283.68, 764.32; 1290.63, 767.51; 1290.63, 767.51; 1295.75, 787.17; 1295.75, 787.17; 1395.04, 679.99; 1395.04, 679.99; 1356.55, 712; 1356.55, 712; 1345.68, 716.06; 1345.68, 716.06; 1420.04, 675.63; 1420.04, 675.63; 1376.07, 707.86; 1376.07, 707.86; 1430.65, 676.41; 1430.65, 676.41; 1435.17, 789.47; 1435.17, 789.47; 1438.39, 689.07; 1438.39, 689.07; 1385.96, 653.36; 1385.96, 653.36; 1329.05, 643.34; 1329.05, 643.34; 1399.17, 661.78; 1399.17, 661.78; 1351.03, 641.27; 1351.03, 641.27; 1213.03, 675.49; 1213.03, 675.49; 1300.39, 644.52; 1300.39, 644.52; 1261.23, 683.47; 1261.23, 683.47; 1301.9, 659.62; 1301.9, 659.62; 1261.76, 683.3; 1261.76, 683.3; 1345.03, 650.76; 1345.03, 650.76; 1233.94, 655.95; 1233.94, 655.95; 1285.03, 666.39; 1285.03, 666.39; 1363.94, 656.7; 1363.94, 656.7; 1363.94, 656.7; 1363.94, 656.7; 1269.92, 685.5; 1269.92, 685.5; 1333.27, 672.2; 1333.27, 672.2; 1304.9, 706.11; 1304.9, 706.11; 1387.19, 663.95; 1387.19, 663.95; 1303.58, 705.72; 1303.58, 705.72; 1308.39, 729.83; 1308.39, 729.83; 1230.92, 683.62; 1230.92, 683.62; 1254.18, 678.5; 1254.18, 678.5; 1154.55, 576.702; 1154.55, 576.702; 1154.55, 576.7; 1154.55, 576.7; 1163.46, 641.45; 1163.46, 641.45; 1271.49, 756.73; 1271.49, 756.73; 1148.89, 586.421; 1148.89, 586.421; 1148.89, 586.421; 1148.89, 586.421; 1154.84, 670.68; 1154.84, 670.68; 1149.08, 591.35; 1149.08, 591.35; 1191.11, 739.77; 1191.11, 739.77; 1128.6, 672.58; 1128.6, 672.58; 1165.14, 707.26; 1165.14, 707.26; 1150.47, 670.79; 1150.47, 670.79; 1093.34, 668.76; 1093.34, 668.76; 1093.34, 668.76; 1093.34, 668.76; 1127.57, 657.2; 1127.57, 657.2; 1049.99, 619.96; 1049.99, 619.96; 1148.94, 674.1; 1148.94, 674.1; 1241.09, 679.83; 1241.09, 679.83; 1054, 620.39; 1054, 620.39; 1177.94, 644.44; 1177.94, 644.44; 1065.94, 616.64; 1065.94, 616.64; 1435.38, 684.08; 1435.38, 684.08; 1383.73, 649.82; 1383.73, 649.82; 1400.85, 656.19; 1400.85, 656.19; 1239.09, 680.94; 1239.09, 680.94; 1319.51, 634.62; 1319.51, 634.62; 1241.46, 657; 1241.46, 657; 1370.24, 639.04; 1370.24, 639.04; 1233.15, 645.15; 1233.15, 645.15; 1193.26, 639.51; 1193.26, 639.51; 1249.04, 648.98; 1249.04, 648.98; 1154.06, 592.75; 1154.06, 592.75; 1252.15, 650.41; 1252.15, 650.41; 1011.89, 341.61; 1011.89, 341.61; 1033.5, 389.82; 1033.5, 389.82; 1019.79, 353.68; 1019.79, 353.68; 1026.18, 398.44; 1026.18, 398.44; 1081.7, 442.99; 1081.7, 442.99; 1021.78, 353.34; 1021.78, 353.34; 1045.24, 387.21; 1045.24, 387.21; 1025.36, 352.53; 1025.36, 352.53; 1071.57, 381.78; 1071.57, 381.78; 1024.29, 353.2; 1024.29, 353.2; 1034.96, 379.28; 1034.96, 379.28; 1188, 491.62; 1188, 491.62; 1082.47, 426.03; 1082.47, 426.03; 1164.77, 426.51; 1164.77, 426.51; 1206.21, 477.06; 1206.21, 477.06; 1082.45, 424.72; 1082.45, 424.72; 1044.94, 388.64; 1044.94, 388.64; 1237.91, 437.34; 1237.91, 437.34; 1105.48, 416.11; 1105.48, 416.11; 1221.01, 438.23; 1221.01, 438.23; 1034.78, 382.53; 1034.78, 382.53; 1205.15, 411.88; 1205.15, 411.88; 1033.64, 366.37; 1033.64, 366.37; 1116, 397.13; 1116, 397.13; 1118.26, 388.93; 1118.26, 388.93; 1228.83, 420.44; 1228.83, 420.44; 1101.17, 386.15; 1101.17, 386.15; 1303.97, 476.43; 1303.97, 476.43; 1238.14, 394.99; 1238.14, 394.99; 1067.58, 375.22; 1067.58, 375.22; 1220.4, 417.98; 1220.4, 417.98; 1293.45, 470.4; 1293.45, 470.4; 1202.24, 404.67; 1202.24, 404.67; 1271.24, 448.62; 1271.24, 448.62; 1214.67, 407.08; 1214.67, 407.08; 1141.13, 391.84; 1141.13, 391.84; 1265.99, 495.19; 1265.99, 495.19; 1290.2, 487.11; 1290.2, 487.11; 1180.94, 415.76; 1180.94, 415.76; 1258.93, 440.12; 1258.93, 440.12; 1273.32, 476.72; 1273.32, 476.72; 1263.97, 467.39; 1263.97, 467.39; 1275.91, 514.2; 1323.57, 516.37; 1323.57, 516.37; 1286.05, 486.97; 1286.05, 486.97; 1266.72, 446.6; 1266.72, 446.6; 1292.55, 490.76; 1292.55, 490.76; 1257.75, 439.23; 1257.75, 439.23; 1176.54, 483.9; 1176.54, 483.9; 1180.78, 518.19; 1185.58, 489.3; 1185.58, 489.3; 1163.64, 547.71; 1163.64, 547.71; 1170.18, 523.08; 1170.18, 523.08; 1180.92, 576.51; 1180.92, 576.51; 1173.44, 562.3; 1173.44, 562.3; 1181.2, 590.58; 1181.2, 590.58; 1175.83, 548.33; 1175.83, 548.33; 1007.62, 581.74; 1007.62, 581.74; 1038.9, 601.29; 1038.9, 601.29; 1085.02, 606.6; 1085.02, 606.6; 1036.57, 601.41; 1036.57, 601.41; 1007.89, 580.45; 1007.89, 580.45; 1021.19, 617.74; 1021.19, 617.74; 1000.29, 602.18; 1000.29, 602.18; 1015.05, 612.419; 1015.05, 612.419; 1015.05, 612.42; 1015.05, 612.42; 1010.93, 584.9; 1010.93, 584.9; 1026.39, 619.34; 1026.39, 619.34; 1093.71, 636.28; 1093.71, 636.28; 1044.4, 625.23; 1044.4, 625.23; 1041.17, 598.66; 1041.17, 598.66; 1007.77, 581.46; 1007.77, 581.46; 1050.84, 594.55; 1050.84, 594.55; 1030.16, 585.44; 1030.16, 585.44; 1188.88, 598.09; 1188.88, 598.09; 1055.58, 587.13; 1055.58, 587.13; 1320.97, 543.96; 1320.97, 543.96; 1153.33, 591.8; 1153.33, 591.8; 1272.99, 557.58; 1272.99, 557.58; 1177.25, 608.13; 1177.25, 608.13; 1295.38, 569.34; 1295.38, 569.34; 1220.33, 602.58; 1220.33, 602.58; 1310.51, 576.85; 1310.51, 576.85; 1327.97, 525.95; 1327.97, 525.95; 1512.7, 678.82; 1512.7, 678.82; 1404.36, 615.97; 1404.36, 615.97; 1385.28, 598.91; 1385.28, 598.91; 1416.33, 652.34; 1416.33, 652.34; 1358.3, 553.4; 1358.3, 553.4; 1285.47, 567.92; 1285.47, 567.92; 1396.01, 607.02; 1396.01, 607.02; 1302.23, 601.44; 1302.23, 601.44; 1356.06, 578.65; 1356.06, 578.65; 1330.89, 562.34; 1330.89, 562.34; 1384.53, 625.94; 1384.53, 625.94; 1328.15, 552.19; 1328.15, 552.19; 1531.86, 694.4; 1531.86, 694.4; 1310.4, 619.98; 