boundaryCurve{1} = [38.2, 152.061; 38.8225, 150.139; 39.4659, 148.223; 40.1301, 146.316; 40.815, 144.415; 41.5206, 142.523; 42.2469, 140.638; 42.9936, 138.761; 43.7609, 136.892; 44.5485, 135.032; 45.3565, 133.18; 46.1848, 131.337; 47.0331, 129.503; 47.9007, 127.679; 48.7875, 125.864; 49.6934, 124.058; 50.6184, 122.262; 51.5624, 120.477; 52.5252, 118.701; 53.5068, 116.935; 54.5072, 115.18; 55.5262, 113.436; 56.5638, 111.702; 57.6193, 109.979; 58.6924, 108.267; 59.7831, 106.566; 60.8913, 104.877; 62.0168, 103.2; 63.1596, 101.535; 64.3195, 99.8808; 65.4966, 98.2391; 66.6906, 96.6096; 67.9016, 94.9923; 69.1294, 93.3875; 70.3745, 91.7942; 71.6355, 90.2142; 72.9122, 88.6475; 74.2047, 87.0942; 75.5127, 85.5545; 76.8361, 84.0285; 78.1749, 82.5163; 79.5289, 81.0179; 80.898, 79.5336; 82.2822, 78.0634; 83.6812, 76.6074; 85.095, 75.1658; 86.5235, 73.7387; 87.9665, 72.3262; 89.4241, 70.9283; 90.8959, 69.5452; 92.382, 68.1771; 93.8822, 66.824; 95.3964, 65.486; 96.9246, 64.1634; 98.4665, 62.856; 100.022, 61.5642; 101.59, 60.2891; 103.17, 59.0304; 104.763, 57.7883; 106.369, 56.5628; 107.987, 55.354; 109.618, 54.1621; 111.261, 52.987; 112.916, 51.829; 114.584, 50.688; 116.263, 49.5643; 117.953, 48.4579; 119.656, 47.3694; 121.369, 46.2991; 123.094, 45.2471; 124.83, 44.2135; 126.576, 43.1984; 128.333, 42.2019; 130.1, 41.224; 131.878, 40.2649; 133.666, 39.3245; 135.464, 38.4031; 137.272, 37.5006; 139.09, 36.6175; 140.916, 35.7545; 142.752, 34.9115; 144.597, 34.0887; 146.451, 33.2862; 148.313, 32.504; 150.184, 31.7421; 152.063, 31.0007; 153.95, 30.2799; 155.845, 29.5796; 157.748, 28.9; ];
boundaryCurve{2} = [48.917, 154.688; 49.2646, 152.697; 49.6324, 150.711; 50.0205, 148.729; 50.4289, 146.752; 50.8576, 144.778; 51.3066, 142.809; 51.7758, 140.845; 52.2653, 138.884; 52.7751, 136.928; 53.3052, 134.976; 53.8547, 133.03; 54.423, 131.09; 55.0102, 129.157; 55.6164, 127.23; 56.2414, 125.309; 56.8852, 123.395; 57.548, 121.488; 58.2296, 119.587; 58.9302, 117.693; 59.6495, 115.805; 60.3872, 113.926; 61.1431, 112.054; 61.9173, 110.189; 62.7098, 108.332; 63.5205, 106.482; 64.3495, 104.64; 65.1967, 102.805; 66.0622, 100.978; 66.946, 99.1582; 67.8474, 97.3469; 68.7658, 95.5455; 69.7011, 93.7538; 70.6533, 91.972; 71.6224, 90.1998; 72.6084, 88.4375; 73.6113, 86.685; 74.6311, 84.9422; 75.6678, 83.2092; 76.7214, 81.486; 77.7914, 79.7719; 78.8778, 78.0688; 79.9804, 76.3766; 81.0993, 74.6955; 82.2345, 73.0253; 83.386, 71.3661; 84.5538, 69.7178; 85.738, 68.0806; 86.9384, 66.4543; 88.1551, 64.839; 89.3873, 63.2355; 90.6345, 61.6449; 91.8965, 60.067; 93.1733, 58.5018; 94.4651, 56.9494; 95.7717, 55.4097; 97.0932, 53.8828; 98.4296, 52.3687; 99.7808, 50.8673; 101.147, 49.379; 102.528, 47.9049; 103.923, 46.4448; 105.332, 44.9987; 106.756, 43.5667; 108.194, 42.1488; 109.646, 40.7448; 111.113, 39.3549; 112.594, 37.9791; 114.089, 36.6173; 115.598, 35.2703; 117.12, 33.9395; 118.654, 32.6249; 120.202, 31.3266; 121.762, 30.0446; 123.336, 28.7788; 124.922, 27.5292; 126.521, 26.2959; 128.133, 25.0788; 129.758, 23.878; ];
boundaryCurve{3} = [55.3, 151.345; 55.8047, 149.408; 56.329, 147.477; 56.8727, 145.553; 57.4359, 143.634; 58.0187, 141.72; 58.6209, 139.813; 59.2426, 137.912; 59.8839, 136.017; 60.5446, 134.127; 61.2249, 132.244; 61.9237, 130.367; 62.6408, 128.499; 63.3762, 126.638; 64.1298, 124.785; 64.9016, 122.94; 65.6917, 121.103; 66.5001, 119.274; 67.3266, 117.452; 68.1715, 115.638; 69.0336, 113.833; 69.9124, 112.037; 70.8083, 110.249; 71.7215, 108.47; 72.6518, 106.7; 73.5993, 104.939; 74.564, 103.186; 75.5459, 101.442; 76.5449, 99.707; 77.5612, 97.9806; 78.5943, 96.2636; 79.6432, 94.5574; 80.7079, 92.8622; 81.7883, 91.178; 82.8845, 89.5048; 83.9964, 87.8426; 85.1242, 86.1913; 86.2676, 84.5511; 87.4269, 82.9218; 88.6018, 81.3035; 89.7934, 79.6963; 90.9999, 78.1009; 92.2216, 76.5174; 93.4584, 74.9459; 94.7102, 73.3861; 95.9771, 71.8383; 97.2591, 70.3024; 98.5561, 68.7783; 99.8683, 67.2662; 101.195, 65.7659; 102.537, 64.279; 103.892, 62.8059; 105.261, 61.3466; 106.644, 59.9012; 108.04, 58.4695; 109.451, 57.0517; 110.875, 55.6477; 112.313, 54.2574; 113.765, 52.8811; 115.23, 51.5183; 116.707, 50.1698; 118.198, 48.8363; 119.701, 47.5177; 121.218, 46.2139; 122.747, 44.925; 124.289, 43.651; 125.844, 42.3919; 127.412, 41.1477; 128.993, 39.9183; 130.586, 38.7046; 132.191, 37.5077; 133.807, 36.3277; 135.434, 35.1644; 137.073, 34.018; 138.723, 32.8884; 140.385, 31.7756; 142.058, 30.6796; 143.743, 29.6004; 145.439, 28.538; ];
openCurve = [true true true ];
