boundaryCurve{1} = [32, 129.554; 33.3695, 128.088; 34.785, 126.648; 36.2301, 125.252; 37.7177, 123.886; 39.2321, 122.559; 40.7761, 121.264; 42.3491, 120.002; 43.9451, 118.774; 45.5683, 117.575; 47.2093, 116.412; 48.8756, 115.273; 50.5571, 114.166; 52.2606, 113.086; 53.9798, 112.035; 55.7151, 111.011; 57.4673, 110.012; 59.2287, 109.039; 61.0121, 108.086; 62.7966, 107.164; 64.6101, 106.259; 66.4143, 105.385; 68.2463, 104.527; 70.0749, 103.699; 71.9215, 102.885; 73.7761, 102.091; 75.6343, 101.32; 77.5128, 100.565; 79.3807, 99.838; 81.274, 99.1257; 83.1626, 98.4336; 85.0605, 97.757; 86.972, 97.0959; 88.8757, 96.4564; 90.7982, 95.8291; 92.7147, 95.2223; 94.6408, 94.6307; 96.5795, 94.0533; 98.5078, 93.4959; 100.453, 92.9501; 102.397, 92.4215; 104.343, 91.9085; 106.305, 91.407; 108.253, 90.9245; 110.214, 90.4538; 112.182, 89.9962; 114.141, 89.555; 116.115, 89.1257; 118.088, 88.7112; 120.059, 88.3103; 122.043, 87.9198; 124.019, 87.5452; 126, 87.1828; 127.993, 86.8311; 129.972, 86.4947; 131.962, 86.1694; 133.96, 85.8553; 135.946, 85.5559; 137.942, 85.2666; 139.943, 84.9882; 141.934, 84.7232; 143.936, 84.4692; 145.941, 84.227; 147.937, 83.997; 149.943, 83.7769; 151.952, 83.5673; 153.953, 83.37; 155.962, 83.1836; 157.972, 83.0085; 159.976, 82.8444; 161.988, 82.69; 164.001, 82.5459; 166.008, 82.4133; 168.021, 82.2914; 170.038, 82.1801; 172.045, 82.0788; 174.06, 81.9875; 176.079, 81.9063; 178.087, 81.8359; 180.102, 81.7754; 182.124, 81.725; ];
boundaryCurve{2} = [44.407, 132.768; 45.3883, 130.994; 46.4293, 129.251; 47.5302, 127.539; 48.6799, 125.866; 49.8794, 124.23; 51.1295, 122.622; 52.4207, 121.056; 53.7527, 119.528; 55.1276, 118.023; 56.534, 116.562; 57.9761, 115.133; 59.4556, 113.731; 60.9556, 112.37; 62.4907, 111.036; 64.0502, 109.735; 65.634, 108.465; 67.2482, 107.22; 68.8725, 106.012; 70.5285, 104.825; 72.1964, 103.672; 73.8869, 102.543; 75.5949, 101.441; 77.3173, 100.366; 79.0602, 99.3141; 80.809, 98.292; 82.5826, 97.2846; 84.3578, 96.3104; 86.1597, 95.3527; 87.9569, 94.4251; 89.7808, 93.5091; 91.6009, 92.6253; 93.4464, 91.7554; 95.2865, 90.9133; 97.1513, 90.0847; 99.0091, 89.2834; 100.891, 88.4949; 102.765, 87.7317; 104.661, 86.9818; 106.551, 86.2554; 108.459, 85.5431; 110.367, 84.8516; 112.285, 84.1759; 114.206, 83.5185; 116.134, 82.8776; 118.069, 82.2528; 120.005, 81.6457; 121.955, 81.0517; 123.897, 80.4777; 125.857, 79.915; 127.808, 79.3712; 129.773, 78.8413; 131.737, 78.3268; 133.705, 77.8267; 135.683, 77.3401; 137.655, 76.8709; 139.641, 76.4139; 141.618, 75.9724; 143.606, 75.5427; 145.596, 75.1266; 147.584, 74.7251; 149.587, 74.335; ];
boundaryCurve{3} = [52.177, 131.989; 53.4083, 130.384; 54.6899, 128.815; 56.0169, 127.272; 57.3757, 125.776; 58.7772, 124.309; 60.2168, 122.874; 61.6822, 121.481; 63.1842, 120.113; 64.7121, 118.78; 66.2661, 117.482; 67.8545, 116.208; 69.4543, 114.974; 71.0836, 113.762; 72.7305, 112.583; 74.402, 111.43; 76.0919, 110.304; 77.7931, 109.208; 79.521, 108.132; 81.2502, 107.09; 83.0093, 106.065; 84.7698, 105.072; 86.5534, 104.096; 88.3417, 103.148; 90.1483, 102.22; 91.9606, 101.316; 93.7887, 100.431; 95.6227, 99.5695; 97.4694, 98.7275; 99.3218, 97.907; 101.188, 97.104; 103.057, 96.3235; 104.939, 95.5603; 106.823, 94.8172; 108.721, 94.0896; 110.617, 93.3837; 112.531, 92.6913; 114.437, 92.0206; 116.364, 91.3616; 118.282, 90.7243; 120.216, 90.1004; 122.148, 89.4953; 124.09, 88.9036; 126.035, 88.3278; 127.983, 87.7685; 129.94, 87.2233; 131.893, 86.6956; 133.863, 86.1808; 135.823, 85.6836; 137.795, 85.1956; 139.764, 84.7227; 141.739, 84.2642; 143.722, 83.8184; 145.7, 83.3884; 147.691, 82.9698; 149.672, 82.5665; 151.664, 82.1745; 153.657, 81.7958; 155.649, 81.4304; 157.654, 81.0756; 159.646, 80.7367; 161.65, 80.4075; 163.654, 80.0903; 165.657, 79.7863; 167.671, 79.494; ];
openCurve = [true true true ];
