boundaryCurve{1} = [216.181, 89.048; 209.296, 83.886; 202.411, 78.724; 195.526, 73.561; 188.641, 68.399; 181.756, 63.236; 174.871, 58.074; 167.986, 52.912; 161.101, 47.749; 154.216, 42.587; 147.331, 37.424; 140.447, 32.262; 133.562, 27.1; 126.677, 21.937; 119.792, 16.775; 112.907, 11.612; 106.022, 6.45; 99.773, 11.583; 93.523, 16.716; 87.274, 21.849; 81.024, 26.982; 74.775, 32.115; 68.525, 37.248; 62.276, 42.381; 56.027, 47.514; 49.777, 52.647; 43.528, 57.78; 37.278, 62.913; 31.029, 68.045; 24.78, 73.178; 18.53, 78.311; 12.281, 83.444; 6.031, 88.577; 5.654, 88.47; 5.277, 88.362; 4.9, 88.255; 4.523, 88.147; 4.146, 88.04; 3.77, 87.933; 3.393, 87.825; 3.016, 87.718; 2.639, 87.61; 2.262, 87.503; 1.885, 87.395; 1.508, 87.288; 1.131, 87.18; 0.754, 87.073; 0.377, 86.966; 0, 86.858; 6.609, 81.429; 13.219, 76.001; 19.828, 70.572; 26.438, 65.144; 33.047, 59.715; 39.656, 54.286; 46.266, 48.858; 52.875, 43.429; 59.485, 38; 66.094, 32.572; 72.703, 27.143; 79.313, 21.715; 85.922, 16.286; 92.532, 10.857; 99.141, 5.429; 105.75, 0; 113.02, 5.451; 120.289, 10.902; 127.559, 16.352; 134.828, 21.803; 142.098, 27.254; 149.367, 32.705; 156.637, 38.155; 163.906, 43.606; 171.175, 49.057; 178.445, 54.508; 185.714, 59.958; 192.984, 65.409; 200.253, 70.86; 207.523, 76.311; 214.792, 81.761; 222.062, 87.212; 221.694, 87.327; 221.326, 87.442; 220.959, 87.556; 220.591, 87.671; 220.224, 87.786; 219.856, 87.901; 219.489, 88.015; 219.121, 88.13; 218.754, 88.245; 218.386, 88.36; 218.018, 88.475; 217.651, 88.589; 217.283, 88.704; 216.916, 88.819; 216.548, 88.934; ];
openCurve = [false ];
