boundaryCurve{1} = [216.181, 184.019; 209.296, 173.35; 202.411, 162.682; 195.526, 152.014; 188.641, 141.346; 181.756, 130.678; 174.871, 120.01; 167.986, 109.342; 161.101, 98.674; 154.216, 88.006; 147.331, 77.338; 140.447, 66.67; 133.562, 56.001; 126.677, 45.333; 119.792, 34.665; 112.907, 23.997; 106.022, 13.329; 99.773, 23.936; 93.523, 34.544; 87.274, 45.151; 81.024, 55.758; 74.775, 66.365; 68.525, 76.973; 62.276, 87.58; 56.027, 98.187; 49.777, 108.794; 43.528, 119.401; 37.278, 130.009; 31.029, 140.616; 24.78, 151.223; 18.53, 161.83; 12.281, 172.438; 6.031, 183.045; 5.654, 182.823; 5.277, 182.601; 4.9, 182.379; 4.523, 182.157; 4.146, 181.935; 3.77, 181.713; 3.393, 181.491; 3.016, 181.269; 2.639, 181.047; 2.262, 180.824; 1.885, 180.602; 1.508, 180.38; 1.131, 180.158; 0.754, 179.936; 0.377, 179.714; 0, 179.492; 6.609, 168.274; 13.219, 157.056; 19.828, 145.837; 26.438, 134.619; 33.047, 123.401; 39.656, 112.183; 46.266, 100.964; 52.875, 89.746; 59.485, 78.528; 66.094, 67.31; 72.703, 56.091; 79.313, 44.873; 85.922, 33.655; 92.532, 22.437; 99.141, 11.218; 105.75, 0; 113.02, 11.264; 120.289, 22.528; 127.559, 33.792; 134.828, 45.056; 142.098, 56.32; 149.367, 67.584; 156.637, 78.848; 163.906, 90.112; 171.175, 101.376; 178.445, 112.64; 185.714, 123.904; 192.984, 135.168; 200.253, 146.432; 207.523, 157.696; 214.792, 168.96; 222.062, 180.224; 221.694, 180.461; 221.326, 180.698; 220.959, 180.935; 220.591, 181.172; 220.224, 181.41; 219.856, 181.647; 219.489, 181.884; 219.121, 182.121; 218.754, 182.358; 218.386, 182.595; 218.018, 182.833; 217.651, 183.07; 217.283, 183.307; 216.916, 183.544; 216.548, 183.781; ];
openCurve = [false ];
