boundaryCurve{1} = [216.181, 89.048; 212.738, 86.467; 209.296, 83.886; 205.853, 81.305; 202.411, 78.724; 198.968, 76.142; 195.526, 73.561; 192.083, 70.98; 188.641, 68.399; 185.199, 65.818; 181.756, 63.236; 178.314, 60.655; 174.871, 58.074; 171.429, 55.493; 167.986, 52.912; 164.544, 50.33; 161.101, 47.749; 157.659, 45.168; 154.216, 42.587; 150.774, 40.006; 147.331, 37.424; 143.889, 34.843; 140.447, 32.262; 137.004, 29.681; 133.562, 27.1; 130.119, 24.518; 126.677, 21.937; 123.234, 19.356; 119.792, 16.775; 116.349, 14.194; 112.907, 11.612; 109.464, 9.031; 106.022, 6.45; 102.897, 9.017; 99.773, 11.583; 96.648, 14.15; 93.523, 16.716; 90.398, 19.282; 87.274, 21.849; 84.149, 24.415; 81.024, 26.982; 77.9, 29.548; 74.775, 32.115; 71.65, 34.681; 68.525, 37.248; 65.401, 39.814; 62.276, 42.381; 59.151, 44.947; 56.027, 47.514; 52.902, 50.08; 49.777, 52.647; 46.652, 55.213; 43.528, 57.78; 40.403, 60.346; 37.278, 62.913; 34.154, 65.479; 31.029, 68.045; 27.904, 70.612; 24.78, 73.178; 21.655, 75.745; 18.53, 78.311; 15.405, 80.878; 12.281, 83.444; 9.156, 86.011; 6.031, 88.577; 5.843, 88.524; 5.654, 88.47; 5.466, 88.416; 5.277, 88.362; 5.089, 88.309; 4.9, 88.255; 4.712, 88.201; 4.523, 88.147; 4.335, 88.094; 4.146, 88.04; 3.958, 87.986; 3.77, 87.933; 3.581, 87.879; 3.393, 87.825; 3.204, 87.771; 3.016, 87.718; 2.827, 87.664; 2.639, 87.61; 2.45, 87.557; 2.262, 87.503; 2.073, 87.449; 1.885, 87.395; 1.696, 87.342; 1.508, 87.288; 1.319, 87.234; 1.131, 87.18; 0.942, 87.127; 0.754, 87.073; 0.565, 87.019; 0.377, 86.966; 0.188, 86.912; 0, 86.858; 3.305, 84.144; 6.609, 81.429; 9.914, 78.715; 13.219, 76.001; 16.524, 73.287; 19.828, 70.572; 23.133, 67.858; 26.438, 65.144; 29.742, 62.429; 33.047, 59.715; 36.352, 57.001; 39.656, 54.286; 42.961, 51.572; 46.266, 48.858; 49.571, 46.143; 52.875, 43.429; 56.18, 40.715; 59.485, 38; 62.789, 35.286; 66.094, 32.572; 69.399, 29.857; 72.703, 27.143; 76.008, 24.429; 79.313, 21.715; 82.618, 19; 85.922, 16.286; 89.227, 13.572; 92.532, 10.857; 95.836, 8.143; 99.141, 5.429; 102.446, 2.714; 105.75, 0; 109.385, 2.725; 113.02, 5.451; 116.655, 8.176; 120.289, 10.902; 123.924, 13.627; 127.559, 16.352; 131.194, 19.078; 134.828, 21.803; 138.463, 24.528; 142.098, 27.254; 145.732, 29.979; 149.367, 32.705; 153.002, 35.43; 156.637, 38.155; 160.271, 40.881; 163.906, 43.606; 167.541, 46.331; 171.175, 49.057; 174.81, 51.782; 178.445, 54.508; 182.08, 57.233; 185.714, 59.958; 189.349, 62.684; 192.984, 65.409; 196.618, 68.134; 200.253, 70.86; 203.888, 73.585; 207.523, 76.311; 211.157, 79.036; 214.792, 81.761; 218.427, 84.487; 222.062, 87.212; 221.878, 87.269; 221.694, 87.327; 221.51, 87.384; 221.326, 87.442; 221.143, 87.499; 220.959, 87.556; 220.775, 87.614; 220.591, 87.671; 220.408, 87.729; 220.224, 87.786; 220.04, 87.843; 219.856, 87.901; 219.672, 87.958; 219.489, 88.015; 219.305, 88.073; 219.121, 88.13; 218.937, 88.188; 218.754, 88.245; 218.57, 88.302; 218.386, 88.36; 218.202, 88.417; 218.018, 88.475; 217.835, 88.532; 217.651, 88.589; 217.467, 88.647; 217.283, 88.704; 217.1, 88.762; 216.916, 88.819; 216.732, 88.876; 216.548, 88.934; 216.364, 88.991; ];
openCurve = [false ];
