boundaryCurve{1} = [157.706, 281.91; 157.491, 279.919; 157.276, 277.929; 157.061, 275.938; 156.954, 274.951; 157.958, 274.839; 159.946, 274.604; 161.932, 274.349; 163.915, 274.075; 165.895, 273.782; 167.872, 273.47; 169.846, 273.139; 171.818, 272.788; 173.787, 272.419; 175.751, 272.031; 177.71, 271.624; 179.666, 271.199; 181.617, 270.754; 183.564, 270.291; 185.508, 269.808; 187.446, 269.307; 189.379, 268.788; 191.307, 268.25; 193.229, 267.694; 195.147, 267.119; 197.059, 266.526; 198.966, 265.914; 200.866, 265.284; 202.759, 264.636; 204.647, 263.97; 206.528, 263.285; 208.403, 262.583; 210.271, 261.863; 212.131, 261.125; 213.985, 260.369; 215.831, 259.596; 217.67, 258.804; 219.502, 257.995; 221.325, 257.168; 223.141, 256.324; 224.947, 255.463; 226.746, 254.584; 228.536, 253.688; 230.318, 252.775; 232.09, 251.845; 233.853, 250.898; 235.606, 249.934; 237.351, 248.953; 239.087, 247.955; 240.813, 246.94; 242.53, 245.909; 244.236, 244.861; 245.931, 243.797; 247.615, 242.717; 249.29, 241.62; 250.954, 240.506; 252.608, 239.376; 254.274, 238.212; 255.914, 237.04; 257.519, 235.865; 259.102, 234.679; 260.712, 233.442; 262.286, 232.201; 263.823, 230.956; 265.369, 229.668; 266.898, 228.355; 268.387, 227.037; 269.857, 225.695; 271.329, 224.308; 272.759, 222.915; 274.152, 221.509; 275.551, 220.045; 276.905, 218.573; 278.215, 217.092; 279.525, 215.549; 280.786, 213.996; 282.002, 212.431; 283.205, 210.808; 284.358, 209.176; 285.467, 207.524; 286.547, 205.825; 287.575, 204.114; 288.56, 202.376; 289.5, 200.601; 290.383, 198.809; 291.211, 196.996; 291.994, 195.14; 292.717, 193.274; 293.379, 191.398; 293.992, 189.484; 294.544, 187.558; 295.033, 185.626; 295.463, 183.677; 295.831, 181.709; 296.134, 179.731; 296.373, 177.744; 296.543, 175.75; 296.643, 173.752; 296.674, 171.751; 296.631, 169.75; 296.513, 167.753; 296.319, 165.761; 296.045, 163.779; 295.69, 161.81; 295.254, 159.857; 294.733, 157.926; 294.125, 156.02; 293.434, 154.146; 293.229, 153.635; 292.66, 152.299; 292.429, 151.785; 291.815, 150.485; 291.539, 149.929; 290.902, 148.704; 289.926, 146.956; 288.893, 145.242; 287.808, 143.56; 286.67, 141.911; 285.487, 140.292; 284.266, 138.712; 283.001, 137.162; 281.692, 135.641; 280.349, 134.16; 278.97, 132.713; 277.552, 131.298; 276.098, 129.919; 274.617, 128.581; 273.1, 127.276; 271.547, 126.003; 269.971, 124.774; 268.367, 123.581; 266.732, 122.423; 265.069, 121.302; 263.391, 120.225; 261.683, 119.183; 259.946, 118.176; 258.192, 117.211; 256.421, 116.287; 254.626, 115.399; 252.806, 114.548; 250.983, 113.742; 249.138, 112.974; 247.27, 112.242; 245.387, 111.551; 243.5, 110.903; 241.594, 110.293; 239.67, 109.721; 237.741, 109.191; 235.804, 108.702; 233.851, 108.251; 231.887, 107.84; 229.93, 107.469; 227.958, 107.132; 225.97, 106.831; 223.989, 106.569; 222.005, 106.345; 220.009, 106.156; 218.005, 106.003; 216.015, 105.887; 214.016, 105.805; 212.008, 105.757; 210.008, 105.745; 208.012, 105.766; 206.009, 105.821; 203.999, 105.909; 202.009, 106.028; 200.017, 106.18; 198.019, 106.366; 196.023, 106.583; 194.045, 106.829; 192.064, 107.108; 190.08, 107.417; 188.106, 107.757; 186.145, 108.124; 184.183, 108.523; 182.219, 108.952; 180.315, 109.398; 178.386, 109.883; 176.405, 110.416; 174.509, 110.96; 172.602, 111.541; 170.665, 112.169; 168.782, 112.816; 166.913, 113.497; 165.029, 114.223; 163.167, 114.983; 161.345, 115.767; 159.519, 116.598; 157.691, 117.477; 155.921, 118.376; 154.161, 119.319; 152.41, 120.308; 150.687, 121.338; 149.004, 122.4; 147.338, 123.51; 145.692, 124.671; 144.083, 125.871; 142.513, 127.112; 140.979, 128.397; 139.482, 129.725; 138.026, 131.098; 136.613, 132.515; 135.245, 133.975; 133.923, 135.478; 132.652, 137.029; 131.441, 138.624; 130.288, 140.259; 129.196, 141.934; 128.166, 143.646; 127.198, 145.395; 126.294, 147.177; 125.454, 148.993; 124.679, 150.839; 123.971, 152.715; 123.334, 154.613; 122.769, 156.533; 122.277, 158.472; 121.859, 160.429; 121.519, 162.4; 121.259, 164.383; 121.079, 166.376; 120.981, 168.376; 120.972, 170.377; 121.049, 172.377; 121.217, 174.372; 121.48, 176.356; 121.838, 178.325; 122.292, 180.276; 122.848, 182.199; 123.506, 184.088; 124.263, 185.939; 125.12, 187.747; 126.073, 189.509; 127.111, 191.219; 128.232, 192.877; 129.431, 194.479; 130.701, 196.025; 132.04, 197.512; 133.442, 198.94; 134.903, 200.306; 136.421, 201.611; 137.991, 202.852; 139.61, 204.028; 141.276, 205.14; 142.985, 206.184; 144.732, 207.16; 146.515, 208.065; 148.333, 208.899; 150.182, 209.66; 152.061, 210.349; 153.967, 210.964; 155.889, 211.501; 157.832, 211.965; 159.805, 212.362; 161.769, 212.685; 163.756, 212.944; 165.749, 213.137; 167.74, 213.265; 169.752, 213.33; 171.746, 213.333; 173.747, 213.277; 175.753, 213.163; 177.738, 212.994; 179.731, 212.767; 181.713, 212.486; 183.681, 212.154; 185.654, 211.769; 187.604, 211.335; 189.544, 210.851; 191.483, 210.316; 193.391, 209.738; 195.291, 209.111; 197.186, 208.435; 199.022, 207.722; 200.87, 206.939; 202.707, 206.093; 204.487, 205.207; 206.256, 204.258; 207.999, 203.252; 209.695, 202.198; 211.362, 201.085; 212.99, 199.914; 214.571, 198.687; 216.104, 197.401; 217.586, 196.056; 219.007, 194.648; 220.362, 193.177; 221.648, 191.644; 222.851, 190.044; 223.965, 188.382; 224.983, 186.658; 225.89, 184.875; 226.681, 183.037; 227.348, 181.15; 227.879, 179.221; 228.272, 177.26; 228.506, 175.273; 228.544, 173.273; 228.389, 171.279; 228.036, 169.31; 227.474, 167.391; 226.684, 165.556; 225.64, 163.853; 224.319, 162.355; 222.721, 161.156; 220.898, 160.349; 220.524, 160.239; 219.839, 160.081; 219.114, 159.965; 218.943, 159.944; 218.345, 159.89; 217.529, 159.855; 216.946, 159.854; 216.662, 159.855; 215.74, 159.9; 214.946, 159.965; 214.761, 159.984; 212.958, 160.222; 210.993, 160.6; 209.054, 161.097; 207.148, 161.707; 205.281, 162.427; 203.46, 163.253; 201.687, 164.183; 199.969, 165.212; 198.316, 166.338; 196.73, 167.557; 195.216, 168.866; 193.783, 170.263; 192.436, 171.743; 191.184, 173.303; 191.11, 173.401; 189.605, 172.275; 188.002, 171.075; 186.399, 169.876; 185.51, 169.211; 186.053, 168.504; 187.33, 166.963; 188.684, 165.489; 190.107, 164.083; 191.599, 162.749; 193.153, 161.488; 194.765, 160.303; 196.432, 159.197; 198.151, 158.17; 199.916, 157.226; 201.723, 156.368; 203.569, 155.596; 205.45, 154.913; 207.362, 154.322; 209.301, 153.826; 211.262, 153.428; 213.241, 153.13; 215.237, 152.935; 215.415, 152.923; 216.721, 152.868; 217.24, 152.863; 217.967, 152.875; 219.158, 152.943; 219.234, 152.95; 220.299, 153.072; 221.216, 153.228; 221.394, 153.264; 222.45, 153.519; 223.152, 153.729; 223.472, 153.837; 225.011, 154.464; 226.764, 155.427; 228.38, 156.604; 229.838, 157.973; 231.128, 159.502; 232.242, 161.163; 233.184, 162.926; 233.959, 164.769; 234.577, 166.671; 235.039, 168.617; 235.353, 170.592; 235.521, 172.586; 235.545, 174.586; 235.422, 176.582; 235.153, 178.565; 234.765, 180.528; 234.266, 182.466; 233.657, 184.373; 232.947, 186.244; 232.138, 188.074; 231.233, 189.86; 230.242, 191.599; 229.169, 193.288; 228.017, 194.925; 226.793, 196.509; 225.503, 198.04; 224.15, 199.514; 222.74, 200.934; 221.278, 202.3; 219.767, 203.611; 218.208, 204.866; 216.608, 206.068; 214.97, 207.217; 213.295, 208.312; 211.587, 209.355; 209.85, 210.348; 208.085, 211.29; 206.292, 212.181; 204.477, 213.024; 202.641, 213.82; 200.785, 214.569; 198.906, 215.271; 197.009, 215.931; 195.108, 216.547; 193.194, 217.118; 191.253, 217.65; 189.314, 218.134; 187.37, 218.571; 185.4, 218.965; 183.429, 219.31; 181.456, 219.606; 179.455, 219.856; 177.465, 220.054; 175.482, 220.202; 173.472, 220.299; 171.473, 220.342; 169.478, 220.332; 167.467, 220.266; 165.473, 220.143; 163.485, 219.964; 161.49, 219.725; 159.516, 219.427; 157.547, 219.067; 155.586, 218.644; 153.651, 218.16; 151.731, 217.612; 149.827, 216.998; 147.945, 216.32; 146.086, 215.578; 144.254, 214.773; 142.451, 213.905; 140.678, 212.975; 138.94, 211.985; 137.237, 210.934; 135.572, 209.823; 133.948, 208.654; 132.368, 207.426; 130.834, 206.141; 129.348, 204.801; 127.914, 203.406; 126.533, 201.957; 125.21, 200.456; 123.948, 