boundaryCurve{1} = [157.706, 281.91; 157.491, 279.919; 157.276, 277.929; 157.061, 275.938; 156.954, 274.951; 157.958, 274.84; 159.946, 274.605; 161.932, 274.351; 163.915, 274.078; 165.896, 273.785; 167.873, 273.474; 169.847, 273.143; 171.818, 272.793; 173.785, 272.424; 175.749, 272.036; 177.709, 271.629; 179.666, 271.203; 181.618, 270.758; 183.567, 270.294; 185.512, 269.811; 187.451, 269.31; 189.386, 268.79; 191.314, 268.251; 193.238, 267.695; 195.155, 267.12; 197.067, 266.526; 198.972, 265.915; 200.871, 265.285; 202.764, 264.637; 204.651, 263.971; 206.531, 263.287; 208.405, 262.585; 210.272, 261.865; 212.131, 261.127; 213.984, 260.372; 215.83, 259.598; 217.668, 258.807; 219.499, 257.998; 221.322, 257.171; 223.138, 256.327; 224.945, 255.465; 226.745, 254.586; 228.537, 253.689; 230.32, 252.775; 232.094, 251.845; 233.858, 250.897; 235.613, 249.933; 237.358, 248.952; 239.093, 247.954; 240.818, 246.94; 242.534, 245.908; 244.239, 244.86; 245.935, 243.796; 247.62, 242.715; 249.294, 241.618; 250.958, 240.505; 252.611, 239.375; 254.311, 238.188; 255.987, 236.988; 257.628, 235.785; 259.234, 234.579; 260.803, 233.37; 262.337, 232.158; 263.836, 230.943; 265.352, 229.683; 266.872, 228.379; 268.371, 227.052; 269.848, 225.702; 271.304, 224.328; 272.738, 222.93; 274.149, 221.51; 275.534, 220.064; 276.889, 218.59; 278.213, 217.089; 279.507, 215.562; 280.769, 214.008; 282, 212.429; 283.195, 210.822; 284.349, 209.187; 285.463, 207.524; 286.536, 205.834; 287.567, 204.118; 288.556, 202.377; 289.492, 200.607; 290.377, 198.812; 291.207, 196.992; 291.984, 195.148; 292.707, 193.282; 293.375, 191.395; 293.987, 189.488; 294.538, 187.564; 295.028, 185.624; 295.456, 183.67; 295.823, 181.703; 296.127, 179.724; 296.368, 177.736; 296.539, 175.742; 296.638, 173.744; 296.665, 171.744; 296.619, 169.744; 296.502, 167.746; 296.312, 165.752; 296.039, 163.769; 295.681, 161.801; 295.241, 159.851; 294.717, 157.92; 294.111, 156.013; 293.426, 154.152; 292.649, 152.298; 291.807, 150.492; 290.891, 148.704; 289.919, 146.962; 288.885, 145.246; 287.797, 143.563; 286.665, 141.919; 285.47, 140.286; 284.244, 138.703; 282.978, 137.153; 281.674, 135.636; 280.331, 134.153; 278.95, 132.704; 277.532, 131.291; 276.078, 129.914; 274.591, 128.573; 273.074, 127.268; 271.526, 125.999; 269.949, 124.767; 268.343, 123.573; 266.709, 122.417; 265.047, 121.299; 263.362, 120.219; 261.653, 119.176; 259.922, 118.172; 258.169, 117.206; 256.395, 116.279; 254.601, 115.392; 252.787, 114.544; 250.955, 113.736; 249.107, 112.967; 247.243, 112.238; 245.364, 111.548; 243.471, 110.898; 241.565, 110.288; 239.646, 109.718; 237.714, 109.189; 235.773, 108.699; 233.823, 108.247; 231.865, 107.833; 229.899, 107.458; 227.925, 107.122; 225.945, 106.825; 223.96, 106.564; 221.971, 106.339; 219.978, 106.15; 217.982, 105.996; 215.984, 105.878; 213.984, 105.795; 211.982, 105.748; 209.98, 105.737; 207.978, 105.759; 205.977, 105.814; 203.977, 105.901; 201.979, 106.021; 199.983, 106.174; 197.989, 106.359; 195.999, 106.577; 194.012, 106.825; 192.029, 107.104; 190.052, 107.413; 188.079, 107.752; 186.111, 108.12; 184.149, 108.519; 182.193, 108.948; 180.348, 109.38; 178.499, 109.844; 176.601, 110.351; 174.659, 110.904; 172.679, 111.506; 170.664, 112.158; 168.732, 112.82; 166.851, 113.506; 164.984, 114.228; 163.132, 114.986; 161.295, 115.78; 159.473, 116.61; 157.667, 117.476; 155.881, 118.38; 154.117, 119.327; 152.378, 120.316; 150.662, 121.347; 148.973, 122.419; 147.309, 123.531; 145.672, 124.684; 144.064, 125.878; 142.493, 127.118; 140.96, 128.404; 139.467, 129.735; 138.014, 131.11; 136.603, 132.528; 135.234, 133.988; 133.909, 135.49; 132.641, 137.039; 131.431, 138.632; 130.279, 140.267; 129.187, 141.942; 128.157, 143.656; 127.188, 145.407; 126.282, 147.193; 125.44, 149.01; 124.667, 150.855; 123.963, 152.727; 123.329, 154.623; 122.765, 156.542; 122.273, 158.482; 121.852, 160.441; 121.509, 162.414; 121.25, 164.398; 121.074, 166.391; 120.981, 168.389; 120.972, 170.39; 121.047, 172.392; 121.204, 174.397; 121.461, 176.388; 121.822, 178.357; 122.283, 180.301; 122.844, 182.217; 123.504, 184.099; 124.26, 185.945; 125.112, 187.751; 126.058, 189.512; 127.096, 191.225; 128.226, 192.887; 129.435, 194.49; 130.706, 196.036; 132.043, 197.524; 133.444, 198.952; 134.906, 200.318; 136.426, 201.621; 137.997, 202.861; 139.616, 204.038; 141.279, 205.148; 142.987, 206.191; 144.736, 207.166; 146.521, 208.072; 148.339, 208.907; 150.189, 209.669; 152.067, 210.357; 153.972, 210.971; 155.902, 211.508; 157.848, 211.973; 159.81, 212.369; 161.784, 212.696; 163.769, 212.953; 165.762, 213.141; 167.76, 213.269; 169.76, 213.335; 171.762, 213.34; 173.762, 213.284; 175.761, 213.167; 177.756, 212.996; 179.745, 212.77; 181.727, 212.491; 183.7, 212.159; 185.665, 211.773; 187.619, 211.337; 189.562, 210.853; 191.491, 210.32; 193.407, 209.741; 195.308, 209.114; 197.193, 208.44; 199.06, 207.715; 200.902, 206.933; 202.72, 206.096; 204.511, 205.204; 206.274, 204.257; 208.01, 203.257; 209.711, 202.203; 211.373, 201.089; 212.995, 199.917; 214.573, 198.688; 216.107, 197.403; 217.596, 196.062; 219.022, 194.656; 220.374, 193.182; 221.651, 191.643; 222.85, 190.041; 223.968, 188.38; 224.996, 186.659; 225.906, 184.875; 226.691, 183.037; 227.349, 181.151; 227.878, 179.222; 228.275, 177.259; 228.51, 175.27; 228.547, 173.271; 228.391, 171.276; 228.035, 169.309; 227.47, 167.391; 226.685, 165.552; 225.632, 163.857; 224.315, 162.351; 222.716, 161.161; 220.889, 160.352; 219.841, 160.089; 218.932, 159.951; 218.347, 159.898; 216.948, 159.862; 216.664, 159.868; 214.946, 159.979; 214.764, 159.997; 212.951, 160.238; 210.987, 160.615; 209.049, 161.111; 207.141, 161.724; 205.272, 162.446; 203.451, 163.272; 201.681, 164.201; 199.968, 165.229; 198.315, 166.355; 196.727, 167.575; 195.211, 168.886; 193.778, 170.282; 192.433, 171.763; 191.179, 173.323; 191.113, 173.41; 189.597, 172.276; 187.994, 171.076; 186.391, 169.877; 185.513, 169.22; 186.065, 168.501; 187.34, 166.959; 188.69, 165.483; 190.113, 164.077; 191.607, 162.742; 193.164, 161.479; 194.777, 160.294; 196.443, 159.189; 198.158, 158.164; 199.92, 157.222; 201.726, 156.364; 203.573, 155.592; 205.457, 154.907; 207.371, 154.315; 209.309, 153.819; 211.27, 153.422; 213.248, 153.123; 215.275, 152.924; 217.24, 152.855; 219.239, 152.941; 221.22, 153.218; 223.156, 153.718; 225.019, 154.453; 226.77, 155.414; 228.386, 156.588; 229.845, 157.961; 231.134, 159.491; 232.256, 161.145; 233.201, 162.908; 233.972, 164.757; 234.592, 166.657; 235.059, 168.601; 235.37, 170.577; 235.539, 172.572; 235.562, 174.571; 235.44, 176.567; 235.17, 178.552; 234.78, 180.516; 234.282, 182.453; 233.679, 184.359; 232.972, 186.23; 232.162, 188.06; 231.251, 189.846; 230.256, 191.584; 229.184, 193.274; 228.038, 194.913; 226.82, 196.5; 225.53, 198.03; 224.171, 199.502; 222.755, 200.919; 221.292, 202.284; 219.783, 203.596; 218.229, 204.855; 216.632, 206.059; 214.994, 207.208; 213.315, 208.299; 211.603, 209.339; 209.865, 210.331; 208.101, 211.276; 206.312, 212.171; 204.5, 213.017; 202.664, 213.814; 200.807, 214.56; 198.93, 215.259; 197.04, 215.918; 195.135, 216.535; 193.217, 217.107; 191.287, 217.636; 189.345, 218.121; 187.391, 218.561; 185.428, 218.955; 183.457, 219.301; 181.478, 219.598; 179.492, 219.846; 177.5, 220.045; 175.503, 220.195; 173.503, 220.293; 171.502, 220.336; 169.501, 220.324; 167.501, 220.257; 165.503, 220.136; 163.508, 219.959; 161.52, 219.722; 159.541, 219.423; 157.573, 219.062; 155.617, 218.639; 153.675, 218.155; 151.749, 217.607; 149.844, 216.993; 147.962, 216.315; 146.104, 215.573; 144.273, 214.768; 142.469, 213.9; 140.694, 212.972; 138.955, 211.982; 137.252, 210.931; 135.588, 209.82; 133.965, 208.651; 132.384, 207.424; 130.847, 206.14; 129.36, 204.8; 127.926, 203.405; 126.548, 201.956; 125.226, 200.455; 123.962, 198.903; 122.756, 197.3; 121.613, 195.646; 120.545, 193.948; 119.553, 192.21; 118.639, 190.433; 117.802, 188.62; 117.045, 186.774; 116.368, 184.897; 115.772, 182.992; 115.258, 181.062; 114.827, 179.109; 114.48, 177.136; 114.218, 175.145; 114.04, 173.142; 113.938, 