boundaryCurve{1} = [148.119, 364.113; 148.025, 362.115; 147.931, 360.117; 147.837, 358.119; 147.742, 356.122; 147.648, 354.124; 147.553, 352.126; 147.532, 351.67; 149.026, 351.283; 150.951, 350.739; 152.86, 350.146; 154.754, 349.505; 156.631, 348.816; 158.491, 348.081; 160.334, 347.304; 162.159, 346.486; 163.964, 345.628; 165.751, 344.729; 167.517, 343.79; 169.263, 342.816; 170.99, 341.807; 172.697, 340.766; 174.384, 339.693; 176.05, 338.587; 177.683, 337.459; 179.275, 336.319; 180.863, 335.141; 182.445, 333.927; 184.022, 332.675; 185.593, 331.387; 187.137, 330.08; 188.612, 328.794; 190.081, 327.476; 191.544, 326.125; 193.001, 324.742; 194.451, 323.327; 195.896, 321.879; 197.266, 320.472; 198.619, 319.047; 199.967, 317.594; 201.309, 316.113; 202.645, 314.603; 203.975, 313.065; 205.293, 311.507; 206.538, 310.002; 207.777, 308.473; 209.01, 306.919; 210.238, 305.341; 211.459, 303.739; 212.675, 302.112; 213.885, 300.46; 215.029, 298.868; 216.161, 297.263; 217.288, 295.636; 218.409, 293.987; 219.524, 292.316; 220.633, 290.624; 221.737, 288.91; 222.827, 287.187; 223.887, 285.481; 224.929, 283.771; 225.953, 282.057; 226.96, 280.34; 227.958, 278.601; 228.941, 276.854; 229.906, 275.103; 230.854, 273.348; 231.786, 271.582; 232.706, 269.801; 233.608, 268.015; 234.492, 266.224; 235.358, 264.428; 236.211, 262.616; 237.047, 260.798; 237.865, 258.973; 238.665, 257.143; 239.449, 255.304; 240.216, 253.456; 240.964, 251.602; 241.695, 249.741; 242.409, 247.874; 243.104, 246; 243.782, 244.119; 244.443, 242.231; 245.087, 240.336; 245.711, 238.439; 246.318, 236.536; 246.908, 234.625; 247.481, 232.705; 248.035, 230.785; 248.571, 228.864; 249.09, 226.933; 249.594, 224.994; 250.08, 223.05; 250.543, 221.121; 250.99, 219.181; 251.421, 217.229; 251.834, 215.266; 252.232, 213.29; 252.609, 211.324; 252.967, 209.362; 253.31, 207.393; 253.636, 205.419; 253.946, 203.439; 254.239, 201.455; 254.514, 199.476; 254.773, 197.493; 255.016, 195.508; 255.242, 193.519; 255.452, 191.53; 255.646, 189.535; 255.824, 187.539; 255.985, 185.544; 256.13, 183.549; 256.258, 181.557; 256.369, 179.564; 256.464, 177.555; 256.542, 175.55; 256.602, 173.55; 256.647, 171.555; 256.674, 169.567; 256.685, 167.557; 256.676, 165.543; 256.649, 163.538; 256.604, 161.544; 256.541, 159.56; 256.458, 157.565; 256.355, 155.544; 256.232, 153.538; 256.089, 151.546; 255.927, 149.57; 255.744, 147.596; 255.533, 145.574; 255.302, 143.573; 255.048, 141.592; 254.773, 139.634; 254.475, 137.69; 254.148, 135.718; 253.797, 133.746; 253.421, 131.781; 253.021, 129.825; 252.594, 127.868; 252.148, 125.919; 251.682, 123.975; 251.191, 122.035; 250.678, 120.103; 250.144, 118.174; 249.588, 116.253; 249.011, 114.338; 248.413, 112.43; 247.786, 110.506; 247.137, 108.587; 246.472, 106.692; 245.792, 104.821; 245.096, 102.975; 244.368, 101.111; 243.605, 99.2295; 242.828, 97.3775; 242.034, 95.555; 241.225, 93.7621; 240.372, 91.9398; 239.487, 90.1171; 238.585, 88.3287; 237.666, 86.5745; 236.729, 84.8509; 235.724, 83.0725; 234.703, 81.3343; 233.665, 79.6365; 232.611, 77.9789; 231.497, 76.2982; 230.345, 74.6345; 229.175, 73.0183; 227.987, 71.4498; 226.738, 69.8758; 225.441, 68.3181; 224.127, 66.8185; 222.796, 65.3768; 221.415, 63.9553; 219.98, 62.564; 218.503, 61.2173; 216.985, 59.9165; 215.423, 58.6692; 213.816, 57.4812; 212.166, 56.3539; 210.473, 55.2914; 208.736, 54.303; 206.958, 53.3903; 205.141, 52.5568; 203.288, 51.8102; 201.401, 51.152; 199.483, 50.5847; 197.541, 50.1149; 195.579, 49.7437; 193.601, 49.4717; 191.611, 49.2995; 189.612, 49.2278; 187.614, 49.2552; 185.62, 49.3794; 183.633, 49.6004; 181.66, 49.913; 179.702, 50.3136; 177.764, 50.8013; 175.847, 51.3685; 173.955, 52.0121; 172.09, 52.7307; 170.251, 53.5159; 168.442, 54.3649; 166.673, 55.2715; 164.985, 56.2063; 163.24, 57.2507; 161.564, 58.3316; 159.943, 59.4509; 158.293, 60.6683; 156.744, 61.8863; 155.229, 63.1506; 153.702, 64.5033; 152.244, 65.871; 150.855, 67.2469; 149.463, 68.7007; 148.071, 70.2346; 146.811, 71.6954; 145.559, 73.2214; 144.312, 74.8169; 143.076, 76.4742; 141.962, 78.0431; 140.858, 79.6747; 139.765, 81.3693; 138.683, 83.127; 137.687, 84.8211; 136.732, 86.5195; 135.789, 88.2726; 134.86, 90.0812; 133.945, 91.9462; 133.124, 93.6956; 132.325, 95.4758; 131.539, 97.3036; 130.768, 99.1791; 130.013, 101.103; 129.308, 102.983; 128.648, 104.835; 128.009, 106.719; 127.392, 108.631; 126.797, 110.571; 126.231, 112.514; 125.705, 114.413; 125.199, 116.333; 124.714, 118.274; 124.249, 120.233; 123.804, 122.211; 123.389, 124.163; 122.998, 126.11; 122.626, 128.071; 122.274, 130.044; 121.942, 132.027; 121.63, 134.019; 121.342, 135.99; 121.074, 137.967; 120.826, 139.951; 120.598, 141.941; 120.389, 143.935; 120.2, 145.932; 120.032, 147.928; 119.883, 149.926; 119.754, 151.923; 119.646, 153.92; 119.558, 155.914; 119.49, 157.911; 119.442, 159.925; 119.416, 161.934; 119.412, 163.936; 119.429, 165.931; 119.469, 167.917; 119.531, 169.917; 119.617, 171.939; 119.724, 173.949; 119.853, 175.944; 120.006, 177.923; 120.183, 179.887; 120.391, 181.903; 120.627, 183.916; 120.889, 185.907; 121.177, 187.874; 121.492, 189.817; 121.839, 191.772; 122.225, 193.754; 122.64, 195.711; 123.084, 197.645; 123.563, 199.581; 124.084, 201.539; 124.633, 203.464; 125.211, 205.357; 125.83, 207.255; 126.496, 209.169; 127.189, 211.043; 127.91, 212.878; 128.688, 214.74; 129.51, 216.586; 130.361, 218.379; 131.25, 220.134; 132.219, 221.932; 133.218, 223.665; 134.244, 225.332; 135.341, 226.989; 136.506, 228.613; 137.73, 230.194; 139.016, 231.723; 140.375, 233.188; 141.805, 234.583; 143.314, 235.896; 144.906, 237.103; 146.58, 238.198; 148.333, 239.156; 150.159, 239.971; 152.047, 240.626; 153.986, 241.111; 155.961, 241.419; 157.956, 241.547; 159.954, 241.5; 161.941, 241.282; 163.902, 240.904; 165.829, 240.379; 167.714, 239.717; 169.553, 238.937; 171.341, 238.043; 173.078, 237.055; 174.761, 235.979; 176.394, 234.825; 177.976, 233.604; 179.506, 232.317; 180.977, 230.964; 182.39, 229.551; 183.744, 228.08; 185.047, 226.564; 186.297, 225.004; 187.496, 223.404; 188.646, 221.769; 189.75, 220.102; 190.805, 218.404; 191.785, 216.73; 192.742, 214.996; 193.674, 213.201; 194.57, 211.365; 195.381, 209.595; 196.164, 207.773; 196.92, 205.898; 197.644, 203.975; 198.29, 202.14; 198.905, 200.261; 199.488, 198.339; 200.039, 196.373; 200.535, 194.446; 200.985, 192.537; 201.404, 190.591; 201.789, 188.608; 202.138, 186.588; 202.436, 184.648; 202.698, 182.699; 202.926, 180.719; 203.119, 178.708; 203.275, 176.667; 203.387, 174.672; 203.451, 172.667; 203.465, 170.658; 203.432, 168.657; 203.351, 166.651; 203.221, 164.647; 203.041, 162.664; 202.8, 160.653; 202.505, 158.706; 202.125, 156.696; 201.679, 154.796; 201.116, 152.878; 200.42, 151.005; 199.525, 149.222; 198.352, 147.611; 197.2, 146.645; 196.768, 146.412; 196.665, 146.364; 196.098, 146.157; 195.498, 146.022; 194.86, 145.959; 194.836, 145.958; 194.182, 145.968; 193.463, 146.048; 192.857, 146.162; 192.698, 146.199; 190.946, 146.756; 189.15, 147.629; 187.477, 148.718; 185.927, 149.978; 184.493, 151.368; 183.163, 152.86; 181.932, 154.435; 180.787, 156.073; 179.737, 157.748; 178.756, 159.468; 177.819, 161.272; 176.976, 163.049; 176.17, 164.906; 175.436, 166.747; 174.75, 168.623; 174.222, 170.181; 174.025, 169.844; 173.014, 168.118; 172.004, 166.392; 170.995, 164.665; 169.985, 162.939; 170.4, 161.032; 171.08, 159.145; 171.79, 157.31; 172.569, 155.437; 173.387, 153.604; 174.233, 151.84; 175.169, 150.028; 176.142, 148.287; 177.155, 146.611; 178.254, 144.942; 179.422, 143.319; 180.662, 141.752; 181.986, 140.255; 183.393, 138.836; 184.897, 137.521; 186.497, 136.324; 188.204, 135.285; 190.01, 134.43; 191.909, 133.81; 193.207, 133.547; 193.877, 133.47; 194.227, 133.447; 195.201, 133.458; 195.87, 133.533; 196.131, 133.579; 197.022, 133.811; 197.778, 134.107; 197.878, 134.154; 198.703, 134.61; 199.475, 135.155; 199.503, 135.178; 200.92, 136.533; 202.138, 138.114; 203.171, 139.825; 204.058, 141.616; 204.82, 143.464; 205.49, 145.347; 206.065, 147.244; 206.564, 149.133; 207.014, 151.098; 207.408, 153.088; 207.74, 