boundaryCurve{1} = [148.119, 364.113; 148.025, 362.115; 147.931, 360.117; 147.837, 358.119; 147.742, 356.121; 147.648, 354.124; 147.554, 352.126; 147.532, 351.67; 149.027, 351.278; 150.951, 350.729; 152.86, 350.135; 154.754, 349.496; 156.632, 348.812; 158.493, 348.084; 160.337, 347.312; 162.161, 346.496; 163.967, 345.637; 165.752, 344.734; 167.517, 343.789; 169.26, 342.807; 170.986, 341.795; 172.693, 340.752; 174.38, 339.68; 176.049, 338.579; 177.697, 337.448; 179.325, 336.288; 180.932, 335.099; 182.518, 333.882; 184.083, 332.636; 185.626, 331.363; 187.147, 330.062; 188.65, 328.742; 190.136, 327.403; 191.604, 326.046; 193.055, 324.67; 194.488, 323.276; 195.903, 321.865; 197.3, 320.435; 198.679, 318.988; 200.04, 317.523; 201.382, 316.041; 202.705, 314.542; 204.01, 313.026; 205.296, 311.494; 206.567, 309.949; 207.823, 308.393; 209.065, 306.826; 210.293, 305.248; 211.506, 303.658; 212.705, 302.058; 213.889, 300.447; 215.058, 298.825; 216.212, 297.192; 217.352, 295.549; 218.476, 293.896; 219.586, 292.232; 220.68, 290.559; 221.76, 288.875; 222.83, 287.175; 223.896, 285.457; 224.944, 283.736; 225.975, 282.011; 226.987, 280.283; 227.981, 278.551; 228.957, 276.816; 229.916, 275.077; 230.856, 273.334; 231.785, 271.575; 232.707, 269.79; 233.611, 268; 234.498, 266.204; 235.366, 264.402; 236.217, 262.594; 237.05, 260.781; 237.865, 258.962; 238.662, 257.137; 239.444, 255.3; 240.21, 253.453; 240.959, 251.599; 241.69, 249.738; 242.403, 247.871; 243.099, 245.997; 243.777, 244.116; 244.437, 242.228; 245.08, 240.334; 245.701, 238.447; 246.305, 236.552; 246.893, 234.649; 247.464, 232.737; 248.018, 230.816; 248.557, 228.887; 249.078, 226.949; 249.584, 225.003; 250.071, 223.052; 250.531, 221.138; 250.975, 219.211; 251.403, 217.273; 251.814, 215.324; 252.209, 213.366; 252.587, 211.398; 252.949, 209.423; 253.294, 207.439; 253.623, 205.449; 253.936, 203.453; 254.231, 201.456; 254.507, 199.474; 254.767, 197.488; 255.01, 195.5; 255.236, 193.509; 255.447, 191.516; 255.64, 189.523; 255.818, 187.53; 255.979, 185.537; 256.123, 183.545; 256.25, 181.556; 256.362, 179.562; 256.458, 177.531; 256.537, 175.505; 256.598, 173.484; 256.642, 171.469; 256.668, 169.461; 256.677, 167.46; 256.667, 165.467; 256.64, 163.484; 256.596, 161.51; 256.533, 159.547; 256.453, 157.577; 256.354, 155.579; 256.233, 153.583; 256.09, 151.588; 255.925, 149.596; 255.737, 147.605; 255.528, 145.616; 255.296, 143.63; 255.043, 141.646; 254.768, 139.665; 254.469, 137.69; 254.143, 135.725; 253.791, 133.756; 253.413, 131.783; 253.015, 129.831; 252.593, 127.879; 252.147, 125.924; 251.679, 123.977; 251.19, 122.043; 250.677, 120.109; 250.14, 118.174; 249.585, 116.258; 249.008, 114.344; 248.409, 112.432; 247.791, 110.527; 247.153, 108.631; 246.492, 106.744; 245.807, 104.865; 245.1, 102.995; 244.37, 101.133; 243.618, 99.2807; 242.842, 97.4374; 242.045, 95.6036; 241.224, 93.7795; 240.381, 91.9654; 239.511, 90.165; 238.611, 88.3794; 237.682, 86.6088; 236.725, 84.8537; 235.739, 83.1143; 234.725, 81.3911; 233.683, 79.6843; 232.613, 77.9943; 231.515, 76.3226; 230.379, 74.6764; 229.207, 73.0573; 227.998, 71.4658; 226.752, 69.9026; 225.471, 68.3684; 224.155, 66.8637; 222.803, 65.3891; 221.416, 63.9477; 219.983, 62.5538; 218.504, 61.2099; 216.981, 59.9171; 215.415, 58.6766; 213.808, 57.4895; 212.16, 56.3568; 210.469, 55.2876; 208.732, 54.2977; 206.954, 53.3881; 205.137, 52.5599; 203.283, 51.8145; 201.396, 51.1531; 199.478, 50.5847; 197.536, 50.1152; 195.574, 49.7442; 193.596, 49.4724; 191.605, 49.3003; 189.606, 49.2293; 187.607, 49.2598; 185.613, 49.3838; 183.628, 49.6008; 181.655, 49.9105; 179.697, 50.3125; 177.758, 50.8061; 175.842, 51.3773; 173.95, 52.0194; 172.083, 52.7315; 170.245, 53.513; 168.435, 54.3631; 166.658, 55.2803; 164.91, 56.2525; 163.196, 57.2804; 161.516, 58.3633; 159.871, 59.5002; 158.264, 60.6902; 156.695, 61.9307; 155.162, 63.2142; 153.665, 64.5394; 152.207, 65.9056; 150.786, 67.3119; 149.405, 68.7576; 148.065, 70.2419; 146.763, 71.7608; 145.497, 73.3082; 144.266, 74.8836; 143.072, 76.4862; 141.914, 78.1156; 140.794, 79.771; 139.712, 81.4518; 138.667, 83.1574; 137.66, 84.8858; 136.684, 86.6314; 135.738, 88.3931; 134.824, 90.1708; 133.94, 91.9638; 133.088, 93.7719; 132.267, 95.5945; 131.478, 97.4314; 130.721, 99.282; 129.996, 101.146; 129.303, 103.023; 128.636, 104.908; 127.995, 106.803; 127.38, 108.705; 126.791, 110.615; 126.227, 112.534; 125.69, 114.459; 125.178, 116.392; 124.693, 118.332; 124.234, 120.278; 123.801, 122.231; 123.39, 124.19; 123, 126.153; 122.629, 128.119; 122.279, 130.089; 121.948, 132.061; 121.638, 134.037; 121.348, 136.015; 121.079, 137.996; 120.829, 139.979; 120.6, 141.965; 120.391, 143.953; 120.203, 145.942; 120.034, 147.934; 119.886, 149.927; 119.759, 151.922; 119.651, 153.918; 119.564, 155.915; 119.498, 157.914; 119.451, 159.913; 119.425, 161.913; 119.42, 163.913; 119.435, 165.914; 119.47, 167.915; 119.525, 169.916; 119.604, 171.915; 119.708, 173.912; 119.839, 175.907; 119.997, 177.9; 120.18, 179.891; 120.39, 181.879; 120.626, 183.864; 120.888, 185.847; 121.177, 187.825; 121.491, 189.801; 121.835, 191.771; 122.216, 193.734; 122.631, 195.691; 123.079, 197.639; 123.561, 199.579; 124.076, 201.511; 124.625, 203.434; 125.207, 205.347; 125.822, 207.251; 126.475, 209.141; 127.169, 211.016; 127.904, 212.875; 128.68, 214.718; 129.496, 216.543; 130.352, 218.35; 131.247, 220.139; 132.189, 221.903; 133.188, 223.634; 134.243, 225.331; 135.353, 226.993; 136.518, 228.617; 137.737, 230.202; 139.013, 231.744; 140.372, 233.21; 141.813, 234.594; 143.331, 235.893; 144.923, 237.103; 146.591, 238.21; 148.345, 239.169; 150.171, 239.976; 152.059, 240.627; 154.001, 241.115; 155.977, 241.421; 157.969, 241.551; 159.966, 241.504; 161.954, 241.281; 163.916, 240.895; 165.843, 240.375; 167.729, 239.721; 169.567, 238.938; 171.351, 238.033; 173.087, 237.043; 174.774, 235.973; 176.409, 234.825; 177.99, 233.602; 179.514, 232.306; 180.982, 230.949; 182.398, 229.538; 183.758, 228.075; 185.063, 226.562; 186.31, 224.999; 187.502, 223.392; 188.651, 221.755; 189.754, 220.088; 190.812, 218.393; 191.824, 216.67; 192.79, 214.92; 193.708, 213.144; 194.579, 211.343; 195.408, 209.523; 196.197, 207.685; 196.943, 205.831; 197.648, 203.961; 198.312, 202.075; 198.933, 200.176; 199.511, 198.262; 200.048, 196.335; 200.542, 194.397; 200.999, 192.449; 201.417, 190.494; 201.798, 188.532; 202.14, 186.563; 202.444, 184.588; 202.709, 182.607; 202.936, 180.621; 203.125, 178.63; 203.275, 176.635; 203.385, 174.639; 203.448, 172.641; 203.462, 170.642; 203.429, 168.643; 203.35, 166.645; 203.221, 164.649; 203.037, 162.658; 202.796, 160.673; 202.5, 158.695; 202.14, 156.728; 201.673, 154.786; 201.099, 152.871; 200.429, 150.985; 199.532, 149.204; 198.322, 147.621; 196.753, 146.407; 196.66, 146.364; 195.493, 146.022; 194.823, 145.958; 194.177, 145.968; 192.842, 146.164; 192.693, 146.199; 190.936, 146.767; 189.135, 147.625; 187.464, 148.722; 185.919, 149.991; 184.478, 151.373; 183.146, 152.862; 181.925, 154.445; 180.781, 156.085; 179.713, 157.774; 178.721, 159.51; 177.807, 161.289; 176.955, 163.098; 176.157, 164.931; 175.415, 166.787; 174.729, 168.665; 174.221, 170.181; 174.017, 169.835; 173.005, 168.11; 171.995, 166.384; 170.985, 164.657; 169.972, 162.932; 170.376, 161.059; 171.053, 159.178; 171.776, 157.314; 172.546, 155.469; 173.361, 153.643; 174.222, 151.838; 175.133, 150.057; 176.109, 148.312; 177.148, 146.606; 178.251, 144.939; 179.416, 143.313; 180.648, 141.737; 181.973, 140.243; 183.39, 138.836; 184.894, 137.521; 186.486, 136.308; 188.193, 135.271; 190.005, 134.435; 191.903, 133.807; 193.869, 133.471; 194.216, 133.449; 195.859, 133.537; 196.116, 133.581; 197.764, 134.11; 197.863, 134.156; 199.457, 135.157; 199.486, 135.18; 200.881, 136.563; 202.131, 138.118; 203.196, 139.803; 204.066, 141.604; 204.805, 143.464; 205.476, 145.347; 206.072, 147.254; 206.591, 149.184; 207.035, 151.133; 207.407, 153.098; 207.74, 155.07; 208.031, 157.048; 208.279, 159.032; 208.486, 161.021; 208.65, 163.014; 208.772, 165.01; 208.861, 167.008; 208.916, 169.007; 208.934,