boundaryCurve{1} = [68.484, 319.7; 66.4833, 319.697; 64.4827, 319.687; 62.4821, 319.67; 60.4815, 319.647; 58.481, 319.617; 56.4788, 319.581; 54.4792, 319.539; 52.4812, 319.492; 50.4818, 319.436; 48.4808, 319.37; 46.4805, 319.301; 44.4816, 319.224; 42.4832, 319.14; 40.4845, 319.049; 38.4862, 318.952; 36.488, 318.848; 34.4905, 318.738; 32.4931, 318.621; 30.4961, 318.497; 28.589, 318.371; 28.5914, 318.282; 28.6456, 316.282; 28.6998, 314.282; 28.7535, 312.282; 28.808, 310.282; 28.8619, 308.282; 28.887, 307.346; 29.9482, 307.416; 31.9438, 307.544; 33.9403, 307.664; 35.9375, 307.778; 37.9355, 307.885; 39.9344, 307.985; 41.934, 308.078; 43.9319, 308.164; 45.93, 308.243; 47.9288, 308.316; 49.9283, 308.382; 51.9285, 308.441; 53.9295, 308.493; 55.9308, 308.539; 57.9305, 308.578; 59.9304, 308.61; 61.9307, 308.636; 63.9313, 308.654; 65.9322, 308.666; 67.9334, 308.671; 69.934, 308.67; 71.9336, 308.661; 73.9335, 308.646; 75.9338, 308.624; 77.9344, 308.594; 79.9354, 308.559; 81.9367, 308.516; 83.9371, 308.467; 85.9368, 308.412; 87.9363, 308.35; 89.9357, 308.282; 91.935, 308.206; 93.9341, 308.124; 95.9332, 308.035; 97.9316, 307.94; 99.9297, 307.837; 101.927, 307.728; 103.925, 307.613; 105.922, 307.491; 107.918, 307.362; 109.914, 307.227; 111.91, 307.084; 113.905, 306.935; 115.9, 306.779; 117.894, 306.617; 119.887, 306.448; 121.88, 306.272; 123.872, 306.089; 125.865, 305.9; 127.856, 305.704; 129.847, 305.501; 131.836, 305.292; 133.825, 305.075; 135.812, 304.852; 137.605, 304.579; 137.785, 304.538; 139.027, 304.168; 139.679, 303.906; 140.485, 303.506; 141.409, 302.915; 141.894, 302.535; 142.873, 301.563; 143.167, 301.199; 143.988, 299.912; 144.219, 299.441; 144.738, 298.064; 145.161, 296.114; 145.322, 294.124; 145.32, 293.113; 145.27, 292.126; 145.243, 291.784; 145.094, 290.446; 145.05, 290.137; 144.881, 289.098; 144.704, 288.17; 144.616, 287.742; 144.309, 286.376; 144.271, 286.214; 143.971, 285.002; 143.784, 284.274; 143.612, 283.62; 143.271, 282.339; 142.752, 280.406; 142.225, 278.476; 141.694, 276.547; 141.159, 274.62; 140.615, 272.694; 140.068, 270.769; 139.518, 268.845; 138.967, 266.923; 138.414, 264.995; 137.862, 263.079; 137.31, 261.161; 136.756, 259.233; 136.205, 257.312; 135.654, 255.388; 135.107, 253.464; 134.567, 251.54; 134.029, 249.608; 133.499, 247.684; 132.973, 245.75; 132.456, 243.82; 131.946, 241.886; 131.442, 239.947; 130.949, 238.012; 130.463, 236.066; 129.989, 234.127; 129.525, 232.18; 129.072, 230.229; 128.633, 228.281; 128.204, 226.322; 127.786, 224.35; 127.384, 222.383; 126.998, 220.421; 126.628, 218.463; 126.273, 216.501; 125.93, 214.515; 125.603, 212.537; 125.293, 210.565; 125, 208.6; 124.72, 206.61; 124.455, 204.617; 124.208, 202.632; 123.98, 200.655; 123.767, 198.672; 123.57, 196.665; 123.391, 194.668; 123.231, 192.682; 123.09, 190.706; 122.964, 188.688; 122.858, 186.683; 122.773, 184.69; 122.708, 182.709; 122.662, 180.693; 122.636, 178.681; 122.632, 176.685; 122.649, 174.705; 122.688, 172.693; 122.751, 170.682; 122.837, 168.688; 122.945, 166.711; 123.081, 164.696; 123.242, 162.69; 123.428, 160.707; 123.639, 158.745; 123.887, 156.701; 124.159, 154.687; 124.455, 152.705; 124.774, 150.753; 125.118, 148.832; 125.501, 146.853; 125.916, 144.856; 126.355, 142.894; 126.815, 140.966; 127.298, 139.073; 127.825, 137.127; 128.388, 135.167; 128.972, 133.248; 129.576, 131.368; 130.199, 129.528; 130.89, 127.59; 131.601, 125.693; 132.329, 123.842; 133.073, 122.038; 133.874, 120.183; 134.713, 118.328; 135.565, 116.525; 136.428, 114.776; 137.356, 112.973; 138.319, 111.181; 139.287, 109.453; 140.262, 107.777; 141.337, 106.007; 142.413, 104.313; 143.482, 102.694; 144.644, 101.004; 145.819, 99.3649; 146.973, 97.8194; 148.186, 96.2505; 149.443, 94.6949; 150.735, 93.1681; 152.06, 91.6705; 153.418, 90.2028; 154.808, 88.7654; 156.231, 87.3589; 157.688, 85.9871; 159.183, 84.6591; 160.717, 83.3761; 162.287, 82.1388; 163.893, 80.948; 165.534, 79.8045; 167.208, 78.709; 168.917, 77.6693; 170.663, 76.695; 172.443, 75.7869; 174.256, 74.946; 176.101, 74.1732; 177.974, 73.4699; 179.875, 72.8475; 181.8, 72.3105; 183.746, 71.8594; 185.711, 71.4949; 187.692, 71.2177; 189.684, 71.0315; 191.681, 70.9404; 193.679, 70.943; 195.675, 71.0391; 197.665, 71.2286; 199.645, 71.5115; 201.61, 71.8873; 203.555, 72.3477; 205.478, 72.8918; 207.375, 73.519; 209.244, 74.2284; 211.083, 75.0188; 212.889, 75.8784; 214.662, 76.8019; 216.4, 77.7885; 218.102, 78.837; 219.765, 79.9465; 221.389, 81.1155; 222.977, 82.332; 224.53, 83.5917; 226.048, 84.8938; 227.528, 86.2375; 228.97, 87.6221; 230.375, 89.0467; 231.736, 90.498; 233.063, 91.9795; 234.361, 93.502; 235.631, 95.0655; 236.85, 96.6401; 238.032, 98.2406; 239.186, 99.8778; 240.312, 101.552; 241.387, 103.225; 242.428, 104.921; 243.441, 106.649; 244.426, 108.41; 245.365, 110.167; 246.271, 111.94; 247.148, 113.74; 247.996, 115.566; 248.803, 117.39; 249.576, 119.223; 250.321, 121.079; 251.04, 122.959; 251.723, 124.843; 252.37, 126.723; 252.989, 128.622; 253.579, 130.541; 254.14, 132.475; 254.664, 134.389; 255.16, 136.321; 255.628, 138.269; 256.07, 140.234; 256.478, 142.189; 256.855, 144.144; 257.206, 146.112; 257.529, 148.094; 257.824, 150.089; 258.091, 152.087; 258.331, 154.083; 258.544, 156.076; 258.731, 158.064; 258.893, 160.047; 259.032, 162.024; 259.149, 164.043; 259.241, 166.057; 259.308, 168.063; 259.352, 170.059; 259.374, 172.045; 259.374, 174.02; 259.353, 176.049; 259.31, 178.071; 259.246, 180.079; 259.162, 182.071; 259.059, 184.048; 258.937, 186.013; 258.791, 188.054; 258.627, 190.074; 258.445, 192.073; 258.246, 194.048; 258.031, 195.998; 257.792, 197.99; 257.531, 200.022; 257.256, 202.023; 256.969, 203.992; 256.669, 205.927; 256.348, 207.883; 255.996, 209.923; 255.633, 211.917; 255.263, 213.864; 254.885, 215.762; 254.472, 217.749; 254.034, 219.771; 253.592, 221.725; 253.151, 223.607; 252.678, 225.546; 252.164, 227.581; 251.66, 229.503; 251.169, 231.309; 250.631, 233.226; 250.075, 235.152; 249.507, 237.061; 248.922, 238.971; 248.321, 240.888; 247.709, 242.789; 247.087, 244.68; 246.446, 246.587; 245.796, 248.479; 245.137, 250.356; 244.461, 252.248; 243.776, 254.131; 243.085, 256; 242.381, 257.875; 241.667, 259.748; 240.949, 261.61; 240.22, 263.472; 239.483, 265.338; 238.745, 267.194; 238.001, 269.047; 237.249, 270.906; 236.495, 272.756; 235.737, 274.604; 234.975, 276.459; 234.214, 278.308; 233.454, 280.151; 232.823, 281.683; 232.692, 282.002; 232.023, 283.638; 231.935, 283.853; 231.174, 285.705; 230.418, 287.557; 229.665, 289.41; 228.916, 291.266; 228.172, 293.124; 227.431, 294.98; 227.159, 295.681; 227.106, 295.826; 227.056, 295.972; 227.007, 296.121; 226.96, 296.27; 226.915, 296.42; 226.872, 296.57; 226.831, 296.719; 226.992, 296.724; 228.992, 296.78; 230.992, 296.836; 232.992, 296.893; 234.991, 296.949; 236.991, 297.006; 238.991, 297.062; 240.991, 297.118; 242.991, 297.175; 244.991, 297.231; 246.991, 297.288; 248.991, 297.344; 250.991, 297.4; 252.991, 297.457; 254.99, 297.513; 256.99, 297.57; 258.99, 297.626; 260.99, 297.682; 262.99, 297.739; 264.99, 297.795; 266.99, 297.852; 268.99, 297.908; 270.99, 297.965; 272.99, 298.021; 274.989, 298.077; 276.989, 298.134; 278.989, 298.19; 280.989, 298.247; 282.989, 298.303; 284.989, 298.359; 286.989, 298.416; 288.989, 298.472; 290.989, 298.529; 292.988, 298.585; 294.988, 298.641; 296.988, 298.698; 298.988, 298.754; 300.988, 298.811; 302.988, 298.867; 304.988, 298.923; 306.988, 298.98; 308.988, 299.036; 310.988, 299.093; 312.987, 299.149; 314.987, 299.205; 316.987, 299.262; 318.987, 299.318; 320.987, 299.375; 322.987, 299.431; 324.987, 299.488; 326.987, 299.544; 328.987, 299.6; 330.987, 299.657; 332.986, 299.713; 334.986, 299.77; 336.986, 299.826; 338.986, 299.882; 340.986, 299.939; 342.986, 299.995; 344.986, 300.052; 346.986, 300.108; 348.986, 300.164; 350.986, 300.221; 352.985, 300.277; 354.985, 300.334; 356.985, 300.39; 358.985, 300.446; 360.985, 300.503; 362.985, 300.559; 364.985, 300.616; 366.985, 300.672; 368.985, 300.728; 370.984, 300.785; 372.984, 300.841; 374.984, 300.898; 376.024, 300.927;