boundaryCurve{1} = [68.484, 319.7; 66.4815, 319.698; 64.4794, 319.691; 62.4778, 319.681; 60.4767, 319.666; 58.4761, 319.647; 56.4736, 319.623; 54.4717, 319.596; 52.4703, 319.564; 50.4695, 319.528; 48.4692, 319.488; 46.4669, 319.443; 44.4653, 319.394; 42.4644, 319.341; 40.4642, 319.284; 38.4647, 319.223; 36.4627, 319.157; 34.4617, 319.086; 32.4615, 319.011; 30.4622, 318.932; 28.595, 318.854; 28.6006, 318.723; 28.6862, 316.723; 28.7712, 314.723; 28.8565, 312.723; 28.893, 311.86; 30.027, 311.908; 32.0229, 311.988; 34.0197, 312.064; 36.0173, 312.136; 38.0158, 312.204; 40.0151, 312.267; 42.0153, 312.326; 44.0163, 312.381; 46.0182, 312.431; 48.0209, 312.477; 50.0244, 312.519; 52.0288, 312.556; 54.0341, 312.59; 56.0392, 312.618; 58.04, 312.643; 60.041, 312.663; 62.042, 312.679; 64.0432, 312.691; 66.0444, 312.698; 68.0458, 312.701; 70.0473, 312.7; 72.0489, 312.695; 74.0506, 312.685; 76.0524, 312.671; 78.0543, 312.653; 80.0564, 312.63; 82.0585, 312.603; 84.0604, 312.572; 86.062, 312.537; 88.0634, 312.498; 90.0647, 312.454; 92.0658, 312.406; 94.0667, 312.354; 96.0674, 312.297; 98.0679, 312.236; 100.068, 312.171; 102.068, 312.102; 104.068, 312.028; 106.068, 311.95; 108.068, 311.867; 110.069, 311.78; 112.072, 311.689; 114.075, 311.593; 116.077, 311.494; 118.078, 311.39; 120.078, 311.282; 122.077, 311.169; 124.075, 311.053; 126.072, 310.932; 128.068, 310.807; 130.063, 310.677; 132.058, 310.544; 134.051, 310.406; 136.043, 310.264; 138.029, 310.041; 139.978, 309.594; 141.828, 308.842; 143.458, 307.701; 144.662, 306.116; 145.261, 304.222; 145.273, 302.226; 145.243, 301.988; 144.881, 300.288; 144.876, 300.269; 144.309, 298.561; 144.239, 298.375; 143.609, 296.812; 143.486, 296.518; 142.707, 294.676; 141.912, 292.836; 141.107, 291.003; 140.292, 289.174; 139.473, 287.349; 138.644, 285.517; 137.821, 283.705; 136.998, 281.892; 136.172, 280.067; 135.349, 278.231; 134.541, 276.409; 133.739, 274.576; 132.946, 272.73; 132.173, 270.89; 131.414, 269.04; 130.67, 267.176; 129.95, 265.31; 129.254, 263.438; 128.579, 261.55; 127.931, 259.649; 127.314, 257.745; 126.732, 255.83; 126.184, 253.906; 125.67, 251.972; 125.19, 250.029; 124.745, 248.077; 124.34, 246.117; 123.975, 244.15; 123.651, 242.175; 123.369, 240.194; 123.127, 238.207; 122.93, 236.215; 122.783, 234.219; 122.685, 232.221; 122.638, 230.22; 122.641, 228.219; 122.696, 226.218; 122.812, 224.22; 122.988, 222.227; 123.226, 220.241; 123.525, 218.262; 123.888, 216.293; 124.317, 214.339; 124.811, 212.401; 125.367, 210.48; 125.986, 208.579; 126.668, 206.699; 127.412, 204.84; 128.218, 203.008; 129.081, 201.203; 130, 199.426; 130.975, 197.68; 132.005, 195.965; 133.089, 194.283; 134.225, 192.634; 135.407, 191.02; 136.635, 189.441; 137.908, 187.897; 139.225, 186.391; 140.587, 184.922; 141.99, 183.487; 143.428, 182.092; 144.901, 180.737; 146.408, 179.421; 147.947, 178.146; 149.518, 176.912; 151.121, 175.721; 152.754, 174.571; 154.416, 173.465; 156.107, 172.402; 157.826, 171.383; 159.571, 170.409; 161.343, 169.48; 163.14, 168.597; 164.961, 167.761; 166.806, 166.972; 168.673, 166.241; 170.558, 165.566; 172.461, 164.947; 174.38, 164.384; 176.314, 163.877; 178.261, 163.426; 180.221, 163.032; 182.192, 162.695; 184.173, 162.416; 186.163, 162.193; 188.16, 162.029; 190.162, 161.925; 192.164, 161.881; 194.165, 161.898; 196.163, 161.973; 198.158, 162.109; 200.147, 162.303; 202.13, 162.557; 204.105, 162.87; 206.07, 163.243; 208.025, 163.673; 209.968, 164.163; 211.896, 164.713; 213.806, 165.317; 215.695, 165.975; 217.565, 166.687; 219.412, 167.451; 221.237, 168.267; 223.037, 169.135; 224.813, 170.054; 226.562, 171.024; 228.284, 172.044; 229.978, 173.113; 231.643, 174.229; 233.274, 175.388; 234.871, 176.593; 236.431, 177.845; 237.954, 179.141; 239.439, 180.483; 240.885, 181.868; 242.287, 183.296; 243.643, 184.766; 244.953, 186.278; 246.215, 187.83; 247.429, 189.42; 248.593, 191.049; 249.702, 192.715; 250.757, 194.415; 251.755, 196.148; 252.695, 197.913; 253.578, 199.708; 254.402, 201.533; 255.164, 203.384; 255.861, 205.258; 256.495, 207.155; 257.064, 209.073; 257.567, 211.009; 258.002, 212.964; 258.375, 214.93; 258.69, 216.905; 258.945, 218.888; 259.142, 220.878; 259.28, 222.873; 259.359, 224.871; 259.378, 226.873; 259.341, 228.874; 259.256, 230.874; 259.122, 232.87; 258.94, 234.862; 258.71, 236.849; 258.433, 238.83; 258.107, 240.805; 257.736, 242.772; 257.326, 244.731; 256.876, 246.681; 256.387, 248.621; 255.859, 250.551; 255.292, 252.47; 254.68, 254.396; 253.961, 256.516; 253.235, 258.516; 252.514, 260.39; 251.806, 262.13; 251.123, 263.731; 250.302, 265.568; 249.452, 267.389; 248.578, 269.186; 247.683, 270.961; 246.759, 272.732; 245.804, 274.504; 244.831, 276.255; 243.843, 277.988; 242.841, 279.704; 241.809, 281.435; 240.765, 283.15; 239.713, 284.849; 238.654, 286.535; 237.579, 288.225; 236.494, 289.917; 235.409, 291.599; 234.324, 293.272; 233.238, 294.94; 232.151, 296.622; 231.068, 298.302; 229.981, 299.987; 228.905, 301.676; 227.837, 303.371; 227.103, 304.558; 227.003, 304.745; 226.911, 304.935; 226.838, 305.1; 226.827, 305.125; 228.801, 305.16; 230.803, 305.196; 232.804, 305.232; 234.805, 305.268; 236.806, 305.303; 238.808, 305.339; 240.809, 305.375; 242.81, 305.411; 244.812, 305.447; 246.813, 305.482; 248.814, 305.518; 250.816, 305.554; 252.817, 305.59; 254.818, 305.626; 256.82, 305.661; 258.821, 305.697; 260.822, 305.733; 262.824, 305.769; 264.825, 305.804; 266.826, 305.84; 268.827, 305.876; 270.829, 305.912; 272.83, 305.948; 274.831, 305.983; 276.833, 306.019; 278.834, 306.055; 280.835, 306.091; 282.837, 306.127; 284.838, 306.162; 286.839, 306.198; 288.841, 306.234; 290.842, 306.27; 292.843, 306.306; 294.844, 306.341; 296.846, 306.377; 298.847, 306.413; 300.848, 306.449; 302.85, 306.484; 304.851, 306.52; 306.852, 306.556; 308.854, 306.592; 310.855, 306.628; 312.856, 306.664; 314.858, 306.7; 316.859, 306.735; 318.86, 306.771; 320.862, 306.807; 322.863, 306.843; 324.864, 306.879; 326.865, 306.915; 328.867, 306.95; 330.868, 306.986; 332.869, 307.022; 334.871, 307.058; 336.872, 307.094; 338.873, 307.13; 340.875, 307.165; 342.876, 307.201; 344.877, 307.237; 346.879, 307.273; 348.88, 307.309; 350.881, 307.344; 352.882, 307.38; 354.884, 307.416; 356.885, 307.452; 358.886, 307.487; 360.888, 307.523; 362.889, 307.559; 364.89, 307.595; 366.892, 307.631; 368.893, 307.666; 370.894, 307.702; 372.896, 307.738; 374.897, 307.774; 376.027, 307.794; 376.011, 308.665; 375.975, 310.667; 375.94, 312.668; 375.904, 314.669; 375.902, 314.792; 374.024, 314.758; 372.022, 314.723; 370.021, 314.687; 368.02, 314.651; 366.018, 314.615; 364.017, 314.579; 362.016, 314.544; 360.014, 314.508; 358.013, 314.472; 356.012, 314.436; 354.01, 314.401; 352.009, 314.365; 350.008, 314.329; 348.006, 314.293; 346.005, 314.257; 344.004, 314.222; 342.003, 314.186; 340.001, 314.15; 338, 314.114; 335.999, 314.078; 333.997, 314.043; 331.996, 314.007; 329.995, 313.971; 327.993, 313.935; 325.992, 313.899; 323.991, 313.863; 321.989, 313.828; 319.988, 313.792; 317.987, 313.756; 315.986, 313.72; 313.984, 313.684; 311.983, 313.648; 309.982, 313.613; 307.98, 313.577; 305.979, 313.541; 303.978, 313.505; 301.976, 313.469; 299.975, 313.433; 297.974, 313.398; 295.972, 313.362; 293.971, 313.326; 291.97, 313.29; 289.968, 313.254; 287.967, 313.219; 285.966, 313.183; 283.965, 313.147; 281.963, 313.111; 279.962, 313.075; 277.961, 313.04; 275.959, 313.004; 273.958, 312.968; 271.957, 312.932; 269.955, 312.897; 267.954, 312.861; 265.953, 312.825; 263.951, 312.789; 261.95, 312.754; 259.949, 312.718; 257.947, 312.683; 255.946, 312.648; 253.945, 312.612; 251.944, 312.577; 249.942, 312.542; 247.941, 312.506; 245.94, 312.471; 243.938, 312.436; 241.937, 312.401; 239.936, 312.365; 237.934, 312.33; 235.933, 312.295; 233.932, 312.259; 231.93, 312.224; 229.929, 312.189; 227.928, 312.153; 225.926, 312.118; 224.293, 312.075; 223.928, 312.036; 223.493, 311.958; 222.569, 311.658; 222.05, 311.394; 221.594, 311.089; 220.569, 310.074; 219.699, 308.29; 219.462, 306.315; 219.726, 304.336; 220.358, 302.44; 221.281, 300.668; 