boundaryCurve{1} = [68.484, 319.7; 66.4824, 319.697; 64.4812, 319.687; 62.4806, 319.67; 60.4804, 319.647; 58.4807, 319.617; 56.4795, 319.58; 54.4788, 319.537; 52.4787, 319.487; 50.4792, 319.43; 48.4802, 319.366; 46.4798, 319.296; 44.4801, 319.219; 42.4811, 319.136; 40.4829, 319.045; 38.4853, 318.948; 36.4862, 318.844; 34.4881, 318.733; 32.4909, 318.616; 30.4945, 318.492; 28.595, 318.367; 28.5976, 318.271; 28.652, 316.271; 28.706, 314.271; 28.7599, 312.271; 28.8143, 310.271; 28.8681, 308.271; 28.893, 307.342; 29.9607, 307.413; 31.9544, 307.54; 33.9489, 307.66; 35.9443, 307.774; 37.9405, 307.881; 39.9376, 307.98; 41.9354, 308.074; 43.9342, 308.16; 45.9338, 308.239; 47.9342, 308.312; 49.9355, 308.378; 51.9376, 308.437; 53.9406, 308.49; 55.9438, 308.535; 57.9436, 308.574; 59.9435, 308.606; 61.9434, 308.631; 63.9435, 308.65; 65.9437, 308.661; 67.944, 308.667; 69.9445, 308.665; 71.945, 308.657; 73.9457, 308.642; 75.9464, 308.62; 77.9473, 308.592; 79.9482, 308.557; 81.9493, 308.515; 83.9493, 308.467; 85.9486, 308.411; 87.9477, 308.349; 89.9466, 308.28; 91.9454, 308.205; 93.944, 308.123; 95.9424, 308.034; 97.9406, 307.939; 99.9386, 307.837; 101.937, 307.728; 103.934, 307.612; 105.932, 307.49; 107.929, 307.361; 109.926, 307.226; 111.924, 307.084; 113.921, 306.935; 115.917, 306.779; 117.911, 306.616; 119.905, 306.447; 121.898, 306.271; 123.89, 306.089; 125.882, 305.899; 127.872, 305.703; 129.861, 305.5; 131.849, 305.291; 133.837, 305.074; 135.823, 304.851; 137.796, 304.535; 139.691, 303.904; 141.417, 302.907; 142.88, 301.552; 143.995, 299.904; 144.734, 298.048; 145.173, 296.104; 145.321, 294.112; 145.27, 292.114; 145.05, 290.135; 144.703, 288.164; 144.268, 286.206; 143.781, 284.269; 143.267, 282.331; 142.747, 280.399; 142.22, 278.468; 141.686, 276.537; 141.148, 274.61; 140.605, 272.684; 140.058, 270.757; 139.509, 268.837; 138.955, 266.907; 138.402, 264.984; 137.852, 263.073; 137.302, 261.162; 136.751, 259.244; 136.2, 257.318; 135.647, 255.384; 135.099, 253.46; 134.56, 251.544; 134.025, 249.619; 133.494, 247.686; 132.967, 245.743; 132.451, 243.817; 131.944, 241.892; 131.443, 239.957; 130.948, 238.012; 130.459, 236.057; 129.986, 234.126; 129.525, 232.19; 129.074, 230.242; 128.633, 228.283; 128.202, 226.312; 127.781, 224.323; 127.375, 222.336; 126.986, 220.354; 126.613, 218.378; 126.257, 216.407; 125.918, 214.442; 125.594, 212.483; 125.288, 210.531; 124.998, 208.586; 124.716, 206.583; 124.449, 204.565; 124.2, 202.556; 123.97, 200.556; 123.757, 198.565; 123.563, 196.583; 123.387, 194.612; 123.229, 192.651; 123.09, 190.699; 122.963, 188.65; 122.856, 186.615; 122.77, 184.593; 122.705, 182.584; 122.66, 180.59; 122.636, 178.61; 122.632, 176.644; 122.65, 174.694; 122.69, 172.66; 122.755, 170.612; 122.843, 168.583; 122.955, 166.574; 123.091, 164.584; 123.25, 162.616; 123.434, 160.668; 123.641, 158.741; 123.88, 156.755; 124.147, 154.772; 124.442, 152.794; 124.765, 150.82; 125.117, 148.851; 125.497, 146.888; 125.905, 144.93; 126.341, 142.978; 126.804, 141.032; 127.296, 139.093; 127.817, 137.16; 128.368, 135.237; 128.949, 133.323; 129.561, 131.419; 130.203, 129.525; 130.875, 127.641; 131.577, 125.768; 132.308, 123.907; 133.07, 122.056; 133.861, 120.219; 134.684, 118.395; 135.538, 116.586; 136.423, 114.793; 137.339, 113.015; 138.286, 111.253; 139.263, 109.507; 140.27, 107.778; 141.308, 106.068; 142.379, 104.378; 143.481, 102.709; 144.614, 101.061; 145.779, 99.4347; 146.974, 97.8304; 148.186, 96.2344; 149.434, 94.6686; 150.721, 93.1364; 152.046, 91.6387; 153.408, 90.1759; 154.806, 88.7489; 156.24, 87.3583; 157.709, 86.0047; 159.212, 84.6889; 160.749, 83.4115; 162.319, 82.1731; 163.921, 80.9745; 165.555, 79.8163; 167.219, 78.6995; 168.925, 77.6429; 170.669, 76.6591; 172.448, 75.7491; 174.262, 74.9137; 176.107, 74.1536; 177.981, 73.4698; 179.882, 72.8631; 181.807, 72.3344; 183.754, 71.8844; 185.72, 71.5141; 187.704, 71.2242; 189.702, 71.0339; 191.705, 70.9483; 193.705, 70.954; 195.7, 71.0505; 197.687, 71.2372; 199.662, 71.5138; 201.622, 71.8797; 203.564, 72.3344; 205.486, 72.8773; 207.384, 73.508; 209.256, 74.226; 211.093, 75.034; 212.894, 75.9126; 214.665, 76.8467; 216.402, 77.8355; 218.107, 78.8781; 219.777, 79.9735; 221.41, 81.1209; 223.007, 82.3194; 224.566, 83.5682; 226.084, 84.8662; 227.562, 86.2127; 228.999, 87.6067; 230.391, 89.0474; 231.752, 90.5183; 233.084, 92.0104; 234.381, 93.5324; 235.643, 95.0837; 236.868, 96.6636; 238.057, 98.2715; 239.209, 99.9067; 240.323, 101.569; 241.401, 103.254; 242.446, 104.96; 243.457, 106.686; 244.435, 108.43; 245.379, 110.193; 246.289, 111.974; 247.164, 113.772; 248.005, 115.588; 248.812, 117.419; 249.588, 119.263; 250.332, 121.119; 251.046, 122.988; 251.728, 124.868; 252.378, 126.759; 252.997, 128.661; 253.585, 130.573; 254.14, 132.495; 254.667, 134.426; 255.164, 136.364; 255.632, 138.308; 256.07, 140.26; 256.479, 142.217; 256.859, 144.181; 257.209, 146.15; 257.53, 148.125; 257.821, 150.105; 258.082, 152.089; 258.32, 154.075; 258.534, 156.064; 258.724, 158.055; 258.889, 160.048; 259.031, 162.043; 259.148, 164.039; 259.242, 166.037; 259.311, 168.036; 259.356, 170.036; 259.378, 172.036; 259.375, 174.037; 259.35, 176.038; 259.307, 178.038; 259.244, 180.038; 259.161, 182.036; 259.058, 184.034; 258.936, 186.03; 258.795, 188.026; 258.634, 190.02; 258.453, 192.012; 258.253, 194.002; 258.033, 195.991; 257.785, 198.061; 257.512, 200.184; 257.223, 202.274; 256.919, 204.328; 256.603, 206.344; 256.275, 208.322; 255.937, 210.26; 255.59, 212.156; 255.236, 214.009; 254.875, 215.817; 254.447, 217.873; 253.971, 220.059; 253.492, 222.162; 253.014, 224.181; 252.539, 226.112; 252.07, 227.952; 251.609, 229.698; 251.16, 231.346; 250.622, 233.264; 250.06, 235.211; 249.487, 237.141; 248.903, 239.054; 248.308, 240.95; 247.702, 242.829; 247.081, 244.7; 246.431, 246.621; 245.774, 248.529; 245.11, 250.422; 244.439, 252.303; 243.762, 254.17; 243.077, 256.024; 242.372, 257.902; 241.654, 259.788; 240.93, 261.662; 240.202, 263.525; 239.47, 265.377; 238.736, 267.219; 237.992, 269.068; 237.236, 270.937; 236.478, 272.797; 235.72, 274.649; 234.962, 276.494; 234.204, 278.333; 233.447, 280.168; 232.687, 282.014; 231.929, 283.873; 231.173, 285.722; 230.411, 287.576; 229.659, 289.428; 228.91, 291.285; 228.165, 293.144; 227.427, 295.003; 227.103, 295.839; 227.003, 296.134; 226.911, 296.434; 226.827, 296.734; 226.993, 296.739; 228.993, 296.795; 230.993, 296.852; 232.993, 296.908; 234.993, 296.964; 236.993, 297.021; 238.993, 297.077; 240.993, 297.134; 242.993, 297.19; 244.993, 297.246; 246.993, 297.303; 248.993, 297.359; 250.993, 297.416; 252.993, 297.472; 254.993, 297.528; 256.993, 297.585; 258.993, 297.641; 260.993, 297.698; 262.993, 297.754; 264.993, 297.81; 266.993, 297.867; 268.993, 297.923; 270.993, 297.98; 272.993, 298.036; 274.993, 298.092; 276.993, 298.149; 278.993, 298.205; 280.993, 298.262; 282.993, 298.318; 284.993, 298.374; 286.993, 298.431; 288.993, 298.487; 290.993, 298.544; 292.993, 298.6; 294.993, 298.657; 296.993, 298.713; 298.993, 298.769; 300.992, 298.826; 302.992, 298.882; 304.992, 298.939; 306.992, 298.995; 308.992, 299.051; 310.992, 299.108; 312.992, 299.164; 314.992, 299.221; 316.992, 299.277; 318.992, 299.333; 320.992, 299.39; 322.992, 299.446; 324.992, 299.503; 326.992, 299.559; 328.992, 299.615; 330.992, 299.672; 332.992, 299.728; 334.992, 299.785; 336.992, 299.841; 338.992, 299.897; 340.992, 299.954; 342.992, 300.01; 344.992, 300.067; 346.992, 300.123; 348.992, 300.18; 350.992, 300.236; 352.992, 300.292; 354.992, 300.349; 356.992, 300.405; 358.992, 300.462; 360.992, 300.518; 362.992, 300.574; 364.992, 300.631; 366.992, 300.687; 368.992, 300.744; 370.992, 300.8; 372.992, 300.856; 374.992, 300.913; 376.027, 300.942; 376.016, 301.907; 375.993, 303.908; 375.97, 305.908; 375.948, 307.909; 375.925, 309.91; 375.903, 311.91; 375.902, 311.972; 373.964, 311.917; 371.964, 311.861; 369.964, 311.805; 367.964, 311.748; 365.964, 311.692; 363.964, 311.636; 361.964, 311.579; 359.964, 311.523; 357.964, 311.466; 355.964, 311.41; 353.964, 311.354; 351.964, 311.297; 