boundaryCurve{1} = [90.069, 320.784; 88.0672, 320.782; 86.0655, 320.777; 84.0639, 320.769; 82.0625, 320.758; 80.0609, 320.743; 78.0594, 320.725; 76.0578, 320.704; 74.0563, 320.68; 72.0547, 320.652; 70.0533, 320.621; 68.052, 320.587; 66.0508, 320.55; 64.0492, 320.509; 62.0478, 320.465; 60.0468, 320.418; 58.0461, 320.367; 56.0448, 320.313; 54.0435, 320.256; 52.0429, 320.195; 50.0429, 320.131; 48.0424, 320.064; 46.0418, 319.993; 44.0416, 319.919; 42.0417, 319.842; 40.0414, 319.761; 38.041, 319.678; 36.0413, 319.591; 34.0422, 319.501; 32.0425, 319.407; 30.0425, 319.31; 28.0433, 319.21; 26.045, 319.107; 24.942, 319.049; 24.9901, 318.154; 25.0973, 316.155; 25.2042, 314.156; 25.3108, 312.157; 25.316, 312.059; 27.2143, 312.159; 29.2118, 312.261; 31.2099, 312.36; 33.2088, 312.455; 35.2085, 312.547; 37.2089, 312.636; 39.21, 312.721; 41.2118, 312.803; 43.2121, 312.882; 45.2111, 312.957; 47.2106, 313.029; 49.2105, 313.098; 51.211, 313.163; 53.212, 313.225; 55.2135, 313.284; 57.2155, 313.34; 59.2177, 313.393; 61.2177, 313.442; 63.2181, 313.488; 65.2188, 313.53; 67.2199, 313.569; 69.2213, 313.605; 71.2231, 313.638; 73.2252, 313.667; 75.2276, 313.693; 77.2293, 313.715; 79.2308, 313.735; 81.2322, 313.751; 83.2338, 313.764; 85.2354, 313.773; 87.237, 313.779; 89.2387, 313.782; 91.2405, 313.782; 93.2424, 313.779; 95.2443, 313.772; 97.2461, 313.762; 99.2478, 313.749; 101.249, 313.732; 103.251, 313.712; 105.252, 313.689; 107.253, 313.662; 109.255, 313.633; 111.257, 313.599; 113.259, 313.563; 115.261, 313.523; 117.262, 313.48; 119.263, 313.434; 121.264, 313.385; 123.264, 313.332; 125.264, 313.276; 127.265, 313.216; 129.267, 313.153; 131.268, 313.087; 133.269, 313.018; 135.269, 312.945; 137.269, 312.869; 139.269, 312.79; 141.268, 312.708; 143.266, 312.622; 145.268, 312.533; 147.269, 312.44; 149.269, 312.345; 151.268, 312.246; 153.267, 312.143; 155.265, 312.037; 157.263, 311.928; 159.26, 311.816; 161.262, 311.671; 161.479, 311.646; 162.73, 311.455; 163.244, 311.349; 163.849, 311.198; 164.818, 310.884; 165.136, 310.755; 165.618, 310.52; 166.231, 310.113; 166.638, 309.669; 166.699, 309.567; 166.822, 309.195; 166.822, 308.847; 166.75, 308.456; 166.62, 308.038; 166.466, 307.65; 166.448, 307.608; 166.248, 307.181; 166.038, 306.773; 165.838, 306.398; 165.654, 306.072; 165.542, 305.875; 164.533, 304.149; 163.488, 302.439; 162.417, 300.749; 161.319, 299.075; 160.198, 297.418; 159.053, 295.774; 157.891, 294.145; 156.711, 292.528; 155.516, 290.922; 154.309, 289.325; 153.092, 287.735; 151.862, 286.155; 150.624, 284.582; 149.384, 283.01; 148.142, 281.441; 146.9, 279.873; 145.66, 278.304; 144.422, 276.73; 143.189, 275.154; 141.964, 273.572; 140.745, 271.982; 139.538, 270.385; 138.343, 268.78; 137.163, 267.162; 135.998, 265.534; 134.852, 263.893; 133.727, 262.237; 132.624, 260.566; 131.542, 258.882; 130.483, 257.185; 129.446, 255.474; 128.431, 253.749; 127.438, 252.011; 126.468, 250.26; 125.522, 248.497; 124.599, 246.723; 123.698, 244.935; 122.82, 243.137; 121.965, 241.328; 121.134, 239.508; 120.326, 237.676; 119.541, 235.834; 118.78, 233.982; 118.044, 232.122; 117.332, 230.252; 116.643, 228.374; 115.979, 226.486; 115.34, 224.59; 114.724, 222.686; 114.133, 220.774; 113.566, 218.854; 113.024, 216.927; 112.508, 214.994; 112.016, 213.054; 111.55, 211.108; 111.109, 209.156; 110.693, 207.199; 110.303, 205.237; 109.937, 203.269; 109.597, 201.296; 109.283, 199.319; 108.994, 197.34; 108.732, 195.356; 108.495, 193.369; 108.284, 191.378; 108.101, 189.41; 107.947, 187.456; 107.822, 185.45; 107.727, 183.397; 107.668, 181.434; 107.641, 179.443; 107.649, 177.421; 107.692, 175.4; 107.77, 173.424; 107.886, 171.427; 108.043, 169.414; 108.239, 167.416; 108.474, 165.442; 108.752, 163.46; 109.076, 161.472; 109.446, 159.494; 109.861, 157.537; 110.324, 155.591; 110.837, 153.657; 111.398, 151.737; 112.013, 149.833; 112.682, 147.948; 113.406, 146.083; 114.183, 144.239; 115.018, 142.421; 115.911, 140.63; 116.862, 138.87; 117.87, 137.14; 118.937, 135.447; 120.062, 133.793; 121.244, 132.179; 122.483, 130.606; 123.771, 129.087; 125.123, 127.601; 126.513, 126.175; 127.961, 124.785; 129.441, 123.451; 130.971, 122.151; 132.528, 120.907; 134.133, 119.698; 135.752, 118.538; 137.416, 117.407; 139.084, 116.328; 140.806, 115.269; 142.513, 114.266; 144.272, 113.278; 146.021, 112.337; 147.804, 111.417; 149.622, 110.518; 151.439, 109.653; 153.26, 108.821; 155.086, 108.02; 156.921, 107.248; 158.792, 106.497; 160.665, 105.78; 162.54, 105.096; 164.417, 104.447; 166.33, 103.82; 168.247, 103.228; 170.165, 102.671; 172.086, 102.149; 174.033, 101.656; 175.987, 101.198; 177.941, 100.776; 179.895, 100.392; 181.868, 100.04; 183.85, 99.7256; 185.831, 99.4492; 187.809, 99.2113; 189.804, 99.0101; 191.804, 98.8475; 193.799, 98.7247; 195.791, 98.6416; 197.794, 98.5985; 199.798, 98.5962; 201.797, 98.6349; 203.791, 98.7145; 205.792, 98.8362; 207.789, 99.0002; 209.777, 99.2065; 211.757, 99.455; 213.741, 99.7485; 215.714, 100.088; 217.676, 100.473; 219.626, 100.904; 221.574, 101.383; 223.509, 101.907; 225.428, 102.473; 227.328, 103.082; 229.217, 103.737; 231.096, 104.438; 232.954, 105.18; 234.791, 105.964; 236.611, 106.791; 238.42, 107.666; 240.201, 108.58; 241.955, 109.534; 243.682, 110.528; 245.392, 111.567; 247.075, 112.648; 248.732, 113.77; 250.36, 114.932; 251.959, 116.135; 253.526, 117.378; 255.061, 118.662; 256.561, 119.985; 258.027, 121.347; 259.455, 122.748; 260.844, 124.188; 262.193, 125.665; 263.5, 127.182; 264.761, 128.735; 265.976, 130.324; 267.143, 131.947; 268.261, 133.605; 269.331, 135.295; 270.351, 137.016; 271.32, 138.767; 272.241, 140.544; 273.114, 142.344; 273.939, 144.166; 274.712, 146.006; 275.437, 147.859; 276.117, 149.739; 276.753, 151.645; 277.34, 153.561; 277.878, 155.48; 278.371, 157.418; 278.821, 159.376; 279.223, 161.336; 279.578, 163.295; 279.891, 165.27; 280.162, 167.262; 280.389, 169.254; 280.57, 171.238; 280.708, 173.233; 280.803, 175.238; 280.856, 177.242; 280.868, 179.233; 280.837, 181.231; 280.763, 183.237; 280.647, 185.244; 280.491, 187.23; 280.296, 189.218; 280.06, 191.208; 279.784, 193.201; 279.47, 195.168; 279.119, 197.136; 278.731, 199.104; 278.31, 201.062; 277.856, 203; 277.366, 204.941; 276.839, 206.883; 276.286, 208.797; 275.701, 210.702; 275.082, 212.61; 274.428, 214.52; 273.757, 216.384; 273.054, 218.251; 272.316, 220.121; 271.55, 221.983; 270.771, 223.803; 269.96, 225.628; 269.118, 227.457; 268.252, 229.274; 267.378, 231.05; 266.473, 232.829; 265.539, 234.613; 264.581, 236.39; 263.624, 238.118; 262.639, 239.85; 261.626, 241.588; 260.584, 243.331; 259.554, 245.015; 258.501, 246.7; 257.421, 248.391; 256.316, 250.086; 255.197, 251.768; 254.073, 253.426; 252.935, 255.072; 251.783, 256.708; 250.617, 258.333; 249.434, 259.949; 248.238, 261.555; 247.028, 263.149; 245.805, 264.732; 244.568, 266.304; 243.315, 267.867; 242.049, 269.417; 240.77, 270.956; 239.477, 272.483; 238.171, 273.999; 236.85, 275.503; 235.516, 276.995; 234.17, 278.476; 232.81, 279.944; 231.438, 281.4; 230.052, 282.844; 228.654, 284.275; 227.242, 285.694; 225.816, 287.101; 224.379, 288.494; 222.93, 289.874; 221.469, 291.242; 219.995, 292.597; 218.511, 293.938; 217.015, 295.265; 215.506, 296.58; 213.985, 297.881; 212.451, 299.17; 210.908, 300.444; 209.355, 301.704; 207.789, 302.95; 206.212, 304.184; 204.622, 305.404; 204.462, 305.534; 204.275, 305.7; 204.096, 305.874; 203.925, 306.055; 203.763, 306.239; 203.61, 306.426; 203.467, 306.614; 203.335, 306.8; 203.43, 306.799; 205.429, 306.785; 207.428, 306.772; 209.428, 306.759; 211.429, 306.748; 213.43, 306.739; 215.432, 306.73; 217.435, 306.723; 219.438, 306.716; 221.442, 306.711; 223.446, 306.707; 225.446, 306.704; 227.446, 306.703; 229.447, 306.702; 231.448, 306.703; 233.45, 306.705; 235.452, 306.708; 237.454, 306.712; 239.457, 306.717; 241.46, 306.724; 243.462, 306.731; 245.463, 306.74; 247.464, 306.749; 249.465, 306.76; 251.466, 306.772; 253.468, 306.786; 255.47, 306.8; 257.472, 306.816; 259.474, 306.832; 261.476, 306.85; 263.478, 306.869; 265.479, 306.89; 267.48, 306.911; 269.482, 