boundaryCurve{1} = [68.484, 319.7; 66.4824, 319.698; 64.4809, 319.692; 62.4794, 319.681; 60.4779, 319.666; 58.4764, 319.647; 56.4731, 319.624; 54.4723, 319.596; 52.4731, 319.564; 50.4723, 319.528; 48.4698, 319.488; 46.4679, 319.444; 44.4673, 319.395; 42.4669, 319.341; 40.4661, 319.284; 38.4656, 319.223; 36.4648, 319.157; 34.4646, 319.086; 32.4642, 319.011; 30.4641, 318.932; 28.589, 318.853; 28.5943, 318.729; 28.6799, 316.729; 28.7645, 314.729; 28.8502, 312.73; 28.887, 311.859; 30.015, 311.906; 32.0135, 311.987; 34.0127, 312.063; 36.0128, 312.135; 38.0136, 312.203; 40.0153, 312.266; 42.0178, 312.326; 44.0173, 312.38; 46.017, 312.431; 48.0174, 312.477; 50.0185, 312.518; 52.0203, 312.556; 54.0228, 312.589; 56.0256, 312.617; 58.0262, 312.642; 60.0272, 312.662; 62.0285, 312.678; 64.03, 312.689; 66.0319, 312.697; 68.0341, 312.7; 70.0357, 312.699; 72.0363, 312.694; 74.0373, 312.685; 76.0386, 312.672; 78.0403, 312.655; 80.0423, 312.633; 82.0447, 312.608; 84.0465, 312.578; 86.0478, 312.542; 88.049, 312.503; 90.05, 312.459; 92.0509, 312.41; 94.0517, 312.358; 96.0524, 312.3; 98.0537, 312.239; 100.055, 312.173; 102.055, 312.104; 104.055, 312.03; 106.055, 311.953; 108.054, 311.871; 110.054, 311.785; 112.055, 311.694; 114.055, 311.599; 116.054, 311.499; 118.053, 311.396; 120.051, 311.288; 122.048, 311.176; 124.047, 311.059; 126.046, 310.938; 128.045, 310.813; 130.042, 310.683; 132.039, 310.549; 134.034, 310.411; 136.029, 310.269; 137.605, 310.111; 138.007, 310.05; 139.027, 309.851; 139.965, 309.601; 140.485, 309.43; 141.817, 308.854; 141.894, 308.814; 143.167, 307.967; 143.453, 307.717; 144.219, 306.852; 144.658, 306.136; 144.962, 305.433; 145.255, 304.237; 145.312, 303.674; 145.32, 302.837; 145.274, 302.243; 145.243, 301.994; 145.094, 301.145; 144.881, 300.29; 144.879, 300.282; 144.616, 299.43; 144.309, 298.563; 144.243, 298.386; 143.971, 297.692; 143.612, 296.814; 143.493, 296.53; 142.931, 295.196; 142.714, 294.686; 142.237, 293.579; 141.92, 292.848; 141.537, 291.966; 141.12, 291.014; 140.826, 290.357; 140.303, 289.187; 140.11, 288.757; 139.481, 287.361; 139.392, 287.164; 138.675, 285.58; 138.656, 285.538; 137.829, 283.716; 137.003, 281.895; 136.177, 280.073; 135.353, 278.245; 134.543, 276.418; 133.74, 274.583; 132.95, 272.743; 132.175, 270.9; 131.413, 269.047; 130.672, 267.189; 129.95, 265.322; 129.251, 263.444; 128.579, 261.562; 127.931, 259.657; 127.311, 257.741; 126.73, 255.832; 126.183, 253.913; 125.665, 251.967; 125.187, 250.031; 124.745, 248.084; 124.338, 246.116; 123.974, 244.157; 123.649, 242.174; 123.365, 240.186; 123.127, 238.218; 122.93, 236.213; 122.783, 234.218; 122.685, 232.232; 122.636, 230.216; 122.639, 228.225; 122.698, 226.221; 122.814, 224.22; 122.986, 222.241; 123.224, 220.237; 123.522, 218.269; 123.885, 216.31; 124.314, 214.356; 124.807, 212.418; 125.363, 210.497; 125.982, 208.596; 126.664, 206.715; 127.407, 204.857; 128.211, 203.025; 129.074, 201.22; 129.994, 199.443; 130.984, 197.673; 132.019, 195.952; 133.088, 194.29; 134.232, 192.623; 135.419, 191.005; 136.628, 189.453; 137.925, 187.882; 139.24, 186.379; 140.585, 184.921; 142.005, 183.469; 143.419, 182.099; 144.919, 180.72; 146.419, 179.414; 147.93, 178.164; 149.503, 176.927; 151.108, 175.731; 152.742, 174.577; 154.405, 173.466; 156.097, 172.397; 157.818, 171.373; 159.564, 170.397; 161.337, 169.469; 163.134, 168.59; 164.954, 167.76; 166.798, 166.981; 168.662, 166.253; 170.547, 165.579; 172.449, 164.96; 174.368, 164.395; 176.303, 163.885; 178.252, 163.431; 180.214, 163.034; 182.186, 162.696; 184.166, 162.415; 186.154, 162.193; 188.149, 162.03; 190.15, 161.926; 192.152, 161.882; 194.153, 161.898; 196.152, 161.973; 198.146, 162.108; 200.136, 162.303; 202.118, 162.556; 204.093, 162.869; 206.059, 163.24; 208.014, 163.671; 209.957, 164.16; 211.883, 164.706; 213.791, 165.308; 215.681, 165.965; 217.551, 166.677; 219.399, 167.443; 221.225, 168.263; 223.027, 169.134; 224.803, 170.055; 226.553, 171.025; 228.275, 172.043; 229.968, 173.109; 231.637, 174.225; 233.274, 175.388; 234.868, 176.591; 236.425, 177.839; 237.954, 179.14; 239.437, 180.479; 240.877, 181.861; 242.282, 183.293; 243.638, 184.761; 244.946, 186.27; 246.212, 187.825; 247.424, 189.414; 248.584, 191.041; 249.695, 192.708; 250.75, 194.406; 251.75, 196.138; 252.694, 197.904; 253.576, 199.698; 254.398, 201.52; 255.159, 203.37; 255.857, 205.244; 256.493, 207.142; 257.063, 209.059; 257.567, 210.995; 258.004, 212.948; 258.38, 214.914; 258.694, 216.89; 258.947, 218.875; 259.14, 220.867; 259.275, 222.863; 259.354, 224.861; 259.377, 226.862; 259.344, 228.885; 259.259, 230.899; 259.124, 232.888; 258.942, 234.85; 258.706, 236.872; 258.426, 238.862; 258.105, 240.817; 257.735, 242.787; 257.318, 244.775; 256.87, 246.714; 256.388, 248.62; 255.843, 250.605; 255.276, 252.52; 254.688, 254.373; 254.022, 256.342; 253.35, 258.21; 252.644, 260.063; 251.873, 261.974; 251.129, 263.72; 250.313, 265.55; 249.468, 267.36; 248.592, 269.161; 247.692, 270.947; 246.766, 272.721; 245.817, 274.485; 244.847, 276.231; 243.854, 277.973; 242.847, 279.697; 241.819, 281.42; 240.78, 283.127; 239.724, 284.832; 238.663, 286.526; 237.591, 288.218; 236.511, 289.902; 235.424, 291.583; 234.334, 293.262; 233.246, 294.937; 232.823, 295.589; 232.159, 296.618; 232.023, 296.83; 231.216, 298.077; 231.072, 298.299; 230.408, 299.331; 229.992, 299.982; 229.602, 300.59; 228.915, 301.672; 228.802, 301.852; 228.002, 303.116; 227.845, 303.364; 227.213, 304.38; 227.159, 304.47; 227.106, 304.562; 227.056, 304.655; 227.007, 304.749; 226.96, 304.844; 226.915, 304.944; 226.872, 305.039; 226.849, 305.096; 226.831, 305.139; 228.785, 305.174; 230.787, 305.21; 232.788, 305.246; 234.789, 305.282; 236.79, 305.317; 238.792, 305.353; 240.793, 305.389; 242.794, 305.425; 244.795, 305.461; 246.797, 305.497; 248.798, 305.532; 250.799, 305.568; 252.8, 305.604; 254.802, 305.639; 256.803, 305.675; 258.804, 305.711; 260.805, 305.747; 262.807, 305.782; 264.808, 305.818; 266.809, 305.854; 268.81, 305.89; 270.812, 305.926; 272.813, 305.962; 274.814, 305.997; 276.815, 306.033; 278.817, 306.069; 280.818, 306.105; 282.819, 306.141; 284.82, 306.176; 286.822, 306.212; 288.823, 306.248; 290.824, 306.284; 292.825, 306.319; 294.827, 306.355; 296.828, 306.391; 298.829, 306.427; 300.83, 306.462; 302.832, 306.498; 304.833, 306.534; 306.834, 306.57; 308.835, 306.606; 310.837, 306.642; 312.838, 306.677; 314.839, 306.713; 316.84, 306.749; 318.842, 306.785; 320.843, 306.821; 322.844, 306.857; 324.845, 306.892; 326.847, 306.928; 328.848, 306.964; 330.849, 307; 332.85, 307.036; 334.851, 307.072; 336.853, 307.107; 338.854, 307.143; 340.855, 307.179; 342.856, 307.215; 344.858, 307.25; 346.859, 307.286; 348.86, 307.322; 350.861, 307.358; 352.863, 307.393; 354.864, 307.429; 356.865, 307.465; 358.866, 307.501; 360.868, 307.537; 362.869, 307.572; 364.87, 307.608; 366.871, 307.644; 368.873, 307.68; 370.874, 307.716; 372.875, 307.752; 374.876, 307.787; 376.024, 307.808; 376.008, 308.662; 375.973, 310.663; 375.937, 312.664; 375.901, 314.665; 375.899, 314.806; 374.038, 314.773; 372.037, 314.737; 370.036, 314.701; 368.035, 314.665; 366.033, 314.629; 364.032, 314.593; 362.031, 314.558; 360.03, 314.522; 358.028, 314.486; 356.027, 314.45; 354.026, 314.414; 352.025, 314.379; 350.023, 314.343; 348.022, 314.307; 346.021, 314.272; 344.02, 314.236; 342.018, 314.2; 340.017, 314.164; 338.016, 314.129; 336.015, 314.093; 334.013, 314.057; 332.012, 314.021; 330.011, 313.985; 328.01, 313.949; 326.008, 313.914; 324.007, 313.878; 322.006, 313.842; 320.005, 313.806; 318.003, 313.77; 316.002, 313.734; 314.001, 313.699; 312, 313.663; 309.999, 313.627; 307.997, 313.591; 305.996, 313.555; 303.995, 313.519; 301.994, 313.484; 299.992, 313.448; 297.991, 313.412; 295.99, 313.376; 293.989, 313.341; 291.987, 313.305; 289.986, 313.269; 287.985, 313.233; 285.984, 313.198; 283.982, 313.162; 281.981, 313.126; 279.98, 313.09; 277.979, 313.054; 275.977, 313.019; 273.976, 312.983; 271.975, 312.947; 269.974, 312.911; 267.972, 312.875; 265.971, 312.839; 263.97, 312.804; 261.969,