boundaryCurve{1} = [107.164, 280.981; 106.723, 280.981; 106.283, 280.978; 105.843, 280.974; 105.403, 280.968; 105.163, 280.964; 104.963, 280.96; 104.523, 280.951; 104.084, 280.94; 103.644, 280.928; 103.205, 280.913; 103.163, 280.912; 102.766, 280.898; 102.326, 280.88; 101.888, 280.861; 101.449, 280.84; 101.164, 280.825; 101.01, 280.817; 100.572, 280.793; 100.133, 280.767; 99.6955, 280.739; 99.2577, 280.709; 99.1672, 280.703; 98.8201, 280.678; 98.3827, 280.645; 97.9455, 280.611; 97.5087, 280.575; 97.1728, 280.546; 97.072, 280.537; 96.6356, 280.497; 96.1995, 280.456; 95.7636, 280.413; 95.3281, 280.369; 95.1814, 280.353; 94.8928, 280.322; 94.4578, 280.274; 94.0231, 280.225; 93.5888, 280.173; 93.1938, 280.125; 93.1548, 280.12; 93.1702, 279.996; 93.1856, 279.872; 93.201, 279.748; 93.2164, 279.624; 93.2318, 279.5; 93.2472, 279.376; 93.2626, 279.252; 93.2781, 279.128; 93.2935, 279.004; 93.3089, 278.88; 93.3243, 278.756; 93.3397, 278.632; 93.3551, 278.508; 93.3705, 278.384; 93.3859, 278.26; 93.3967, 278.174; 93.4013, 278.136; 93.4168, 278.012; 93.4322, 277.888; 93.4476, 277.764; 93.463, 277.64; 93.4784, 277.516; 93.4938, 277.392; 93.5092, 277.268; 93.5246, 277.144; 93.54, 277.02; 93.5555, 276.896; 93.5709, 276.772; 93.5863, 276.648; 93.6017, 276.524; 93.6171, 276.4; 93.6325, 276.276; 93.6434, 276.188; 93.6479, 276.152; 95.0062, 276.312; 95.5991, 276.377; 96.3677, 276.455; 97.5906, 276.568; 97.7322, 276.581; 99.0992, 276.689; 99.5852, 276.724; 100.469, 276.781; 101.582, 276.842; 101.84, 276.855; 103.213, 276.912; 103.581, 276.925; 104.588, 276.953; 105.581, 276.971; 105.963, 276.976; 107.34, 276.983; 107.582, 276.982; 108.717, 276.972; 109.583, 276.957; 110.094, 276.944; 111.471, 276.9; 111.582, 276.896; 112.848, 276.839; 113.581, 276.799; 114.224, 276.76; 115.577, 276.667; 115.599, 276.665; 116.973, 276.554; 117.571, 276.5; 118.346, 276.425; 119.561, 276.297; 119.716, 276.279; 121.085, 276.117; 121.547, 276.059; 122.451, 275.938; 123.529, 275.785; 123.814, 275.743; 125.174, 275.53; 125.506, 275.476; 126.53, 275.301; 127.477, 275.131; 127.884, 275.056; 129.233, 274.793; 129.441, 274.751; 130.577, 274.515; 131.398, 274.336; 131.918, 274.219; 133.253, 273.907; 133.347, 273.885; 134.583, 273.579; 135.288, 273.397; 135.908, 273.234; 137.219, 272.874; 137.227, 272.872; 137.588, 272.77; 137.948, 272.666; 138.307, 272.559; 138.665, 272.45; 139.023, 272.338; 139.135, 272.302; 139.378, 272.223; 139.732, 272.105; 140.084, 271.983; 140.433, 271.858; 140.78, 271.729; 141.022, 271.636; 141.123, 271.596; 141.463, 271.458; 141.799, 271.316; 142.132, 271.169; 142.46, 271.017; 142.783, 270.86; 142.851, 270.826; 143.101, 270.698; 143.414, 270.53; 143.722, 270.356; 144.023, 270.176; 144.318, 269.989; 144.576, 269.817; 144.607, 269.796; 144.889, 269.597; 145.164, 269.39; 145.431, 269.176; 145.69, 268.955; 145.942, 268.726; 146.122, 268.552; 146.185, 268.49; 146.419, 268.245; 146.644, 267.992; 146.86, 267.73; 147.066, 267.46; 147.217, 267.246; 147.363, 267.026; 147.38, 267.001; 147.503, 266.801; 147.638, 266.57; 147.766, 266.333; 147.889, 266.091; 148.006, 265.843; 148.117, 265.59; 148.223, 265.331; 148.268, 265.213; 148.322, 265.066; 148.416, 264.796; 148.504, 264.52; 148.586, 264.239; 148.663, 263.952; 148.733, 263.66; 148.798, 263.362; 148.813, 263.29; 148.857, 263.059; 148.91, 262.751; 148.957, 262.437; 148.999, 262.117; 149.034, 261.792; 149.064, 261.462; 149.076, 261.308; 149.088, 261.127; 149.106, 260.786; 149.118, 260.44; 149.124, 260.088; 149.125, 259.731; 149.12, 259.369; 149.118, 259.309; 149.108, 259.002; 149.091, 258.63; 149.068, 258.252; 149.039, 257.869; 148.988, 257.312; 148.949, 256.941; 148.832, 256.017; 148.727, 255.329; 148.688, 255.099; 148.52, 254.185; 148.348, 253.365; 148.328, 253.277; 148.113, 252.375; 147.876, 251.479; 147.861, 251.425; 147.619, 250.59; 147.341, 249.707; 147.277, 249.511; 147.045, 248.831; 146.731, 247.962; 146.605, 247.627; 146.401, 247.1; 146.055, 246.247; 145.855, 245.773; 145.694, 245.401; 145.319, 244.564; 145.033, 243.948; 144.932, 243.735; 144.533, 242.916; 144.149, 242.154; 144.124, 242.105; 143.705, 241.304; 143.277, 240.513; 143.209, 240.388; 142.842, 239.731; 142.401, 238.96; 142.219, 238.649; 141.954, 238.2; 141.503, 237.451; 141.186, 236.935; 141.048, 236.712; 140.591, 235.986; 140.132, 235.27; 140.116, 235.246; 139.673, 234.567; 139.215, 233.877; 139.013, 233.575; 138.758, 233.198; 138.304, 232.533; 137.884, 231.924; 137.854, 231.881; 137.572, 231.475; 137.288, 231.069; 137.002, 230.663; 136.736, 230.286; 136.715, 230.257; 136.427, 229.851; 136.137, 229.445; 135.846, 229.039; 135.572, 228.659; 135.553, 228.633; 135.26, 228.227; 134.965, 227.822; 134.67, 227.416; 134.396, 227.041; 134.374, 227.011; 134.076, 226.606; 133.778, 226.201; 133.48, 225.797; 133.208, 225.431; 133.18, 225.393; 132.88, 224.989; 132.58, 224.585; 132.279, 224.182; 132.013, 223.826; 131.978, 223.78; 131.677, 223.378; 131.376, 222.976; 131.074, 222.575; 130.811, 222.226; 130.773, 222.175; 130.471, 221.775; 130.17, 221.376; 129.868, 220.977; 129.606, 220.63; 129.567, 220.579; 129.267, 220.182; 128.966, 219.786; 128.667, 219.39; 128.398, 219.035; 128.368, 218.995; 127.34, 217.639; 127.19, 217.44; 126.313, 216.28; 125.984, 215.844; 125.286, 214.916; 124.782, 214.245; 124.262, 213.549; 123.586, 212.641; 123.242, 212.176; 122.398, 211.03; 122.228, 210.798; 121.222, 209.415; 121.221, 209.413; 120.225, 208.025; 120.056, 207.787; 119.238, 206.628; 118.905, 206.15; 118.264, 205.224; 117.771, 204.502; 117.304, 203.812; 116.656, 202.84; 116.36, 202.392; 115.562, 201.165; 115.433, 200.963; 114.524, 199.524; 114.493, 199.474; 113.636, 198.076; 113.45, 197.767; 112.77, 196.618; 112.436, 196.042; 111.928, 195.149; 111.455, 194.298; 111.111, 193.669; 110.508, 192.536; 110.321, 192.177; 109.6, 190.754; 109.56, 190.673; 108.829, 189.156; 108.733, 188.951; 108.129, 187.626; 107.91, 187.127; 107.463, 186.082; 107.135, 185.283; 106.832, 184.524; 106.41, 183.418; 106.238, 182.951; 105.739, 181.534; 105.682, 181.363; 105.165, 179.76; 105.125, 179.63; 104.69, 178.14; 104.572, 177.708; 104.259, 176.504; 104.08, 175.769; 103.872, 174.851; 103.654, 173.814; 103.531, 173.18; 103.295, 171.846; 103.238, 171.49; 103.008, 169.866; 102.983, 169.669; 102.795, 167.876; 102.791, 167.837; 102.661, 165.994; 102.655, 165.881; 102.593, 164.143; 102.589, 163.882; 102.587, 162.285; 102.593, 161.881; 102.64, 160.422; 102.667, 159.882; 102.754, 158.555; 102.81, 157.887; 102.928, 156.686; 103.019, 155.898; 103.161, 154.816; 103.294, 153.916; 103.452, 152.947; 103.632, 151.944; 103.801, 151.081; 104.033, 149.984; 104.207, 149.218; 104.495, 148.038; 104.67, 147.361; 105.016, 146.106; 105.19, 145.511; 105.596, 144.192; 105.765, 143.67; 106.232, 142.295; 106.395, 141.839; 106.924, 140.418; 107.079, 140.019; 107.671, 138.562; 107.818, 138.213; 108.47, 136.728; 108.61, 136.421; 109.322, 134.917; 109.456, 134.646; 110.225, 133.132; 110.353, 132.888; 111.177, 131.373; 111.302, 131.15; 112.178, 129.641; 112.303, 129.433; 113.227, 127.937; 113.354, 127.738; 114.322, 126.263; 114.455, 126.067; 115.464, 124.62; 115.606, 124.422; 116.65, 123.009; 116.806, 122.803; 117.879, 121.431; 118.054, 121.214; 119.152, 119.887; 119.35, 119.654; 120.467, 118.379; 120.694, 118.127; 121.822, 116.908; 122.084, 116.632; 123.217, 115.474; 123.521, 115.172; 124.651, 114.078; 124.794, 113.943; 126.099, 112.738; 126.119, 112.719; 127.434, 111.558; 127.62, 111.397; 128.801, 110.402; 129.153, 110.112; 130.198, 109.272; 130.717, 108.865; 131.625, 108.167; 132.31, 107.654; 133.082, 107.087; 133.93, 106.48; 134.568, 106.033; 135.576, 105.344; 136.084, 105.005; 137.248, 104.245; 137.627, 104.003; 138.944, 103.182; 139.199, 103.027; 140.662, 102.157; 140.799, 102.077; 142.401, 101.168; 142.426, 101.154; 144.08, 100.257; 144.16, 100.215; 145.761, 99.3877; 145.938, 99.2986; 147.469, 98.5452; 147.734, 98.4177; 149.202, 97.7299; 149.547, 97.5721; 150.961, 96.942; 151.376, 96.7616; 152.745, 96.1817; 153.22, 95.9856; 154.554, 95.4492; 