boundaryCurve{1} = [138.831, 280.021; 138.391, 280.021; 137.951, 280.018; 137.511, 280.014; 137.071, 280.008; 136.828, 280.004; 136.631, 280.001; 136.191, 279.991; 135.751, 279.98; 135.312, 279.968; 134.872, 279.954; 134.826, 279.952; 134.433, 279.938; 133.994, 279.92; 133.555, 279.901; 133.116, 279.88; 132.824, 279.865; 132.677, 279.857; 132.239, 279.833; 131.8, 279.807; 131.362, 279.779; 130.924, 279.749; 130.825, 279.742; 130.487, 279.718; 130.049, 279.685; 129.612, 279.651; 129.175, 279.615; 128.828, 279.585; 128.738, 279.577; 128.302, 279.537; 127.866, 279.496; 127.43, 279.453; 126.994, 279.409; 126.834, 279.392; 126.559, 279.362; 126.124, 279.314; 125.689, 279.265; 125.254, 279.213; 124.844, 279.163; 124.82, 279.16; 124.836, 279.036; 124.851, 278.912; 124.867, 278.788; 124.882, 278.664; 124.897, 278.54; 124.913, 278.416; 124.928, 278.292; 124.944, 278.168; 124.959, 278.044; 124.974, 277.92; 124.99, 277.796; 125.005, 277.672; 125.021, 277.548; 125.036, 277.424; 125.052, 277.3; 125.064, 277.196; 125.067, 277.176; 125.082, 277.052; 125.098, 276.928; 125.113, 276.804; 125.129, 276.68; 125.144, 276.556; 125.159, 276.432; 125.175, 276.308; 125.19, 276.184; 125.206, 276.06; 125.221, 275.936; 125.236, 275.812; 125.252, 275.688; 125.267, 275.564; 125.283, 275.44; 125.298, 275.316; 125.312, 275.208; 125.314, 275.192; 126.672, 275.352; 127.287, 275.419; 128.034, 275.495; 129.281, 275.61; 129.398, 275.62; 130.765, 275.729; 131.278, 275.765; 132.135, 275.82; 133.278, 275.883; 133.506, 275.895; 134.879, 275.952; 135.279, 275.966; 136.254, 275.992; 137.282, 276.011; 137.63, 276.016; 139.006, 276.022; 139.285, 276.021; 140.383, 276.011; 141.288, 275.995; 141.761, 275.984; 143.138, 275.939; 143.29, 275.934; 144.515, 275.878; 145.291, 275.836; 145.891, 275.8; 147.266, 275.705; 147.29, 275.703; 148.64, 275.593; 149.286, 275.535; 150.012, 275.465; 151.278, 275.331; 151.383, 275.319; 152.751, 275.157; 153.267, 275.091; 154.117, 274.978; 155.251, 274.816; 155.48, 274.782; 156.84, 274.57; 157.23, 274.506; 158.197, 274.341; 159.203, 274.16; 159.55, 274.095; 160.899, 273.833; 161.17, 273.778; 162.243, 273.554; 163.129, 273.361; 163.584, 273.259; 164.919, 272.947; 165.08, 272.908; 166.249, 272.618; 167.023, 272.419; 167.574, 272.273; 168.893, 271.912; 168.956, 271.894; 169.253, 271.81; 169.613, 271.705; 169.972, 271.599; 170.331, 271.49; 170.688, 271.378; 170.874, 271.318; 171.044, 271.263; 171.398, 271.145; 171.749, 271.023; 172.099, 270.898; 172.445, 270.769; 172.761, 270.646; 172.789, 270.635; 173.129, 270.498; 173.465, 270.356; 173.797, 270.209; 174.125, 270.057; 174.448, 269.9; 174.589, 269.829; 174.767, 269.738; 175.08, 269.57; 175.387, 269.396; 175.689, 269.216; 175.984, 269.029; 176.273, 268.836; 176.311, 268.81; 176.555, 268.637; 176.829, 268.43; 177.097, 268.216; 177.356, 267.995; 177.607, 267.766; 177.849, 267.531; 177.85, 267.529; 178.084, 267.285; 178.31, 267.032; 178.525, 266.77; 178.731, 266.5; 178.883, 266.286; 179.029, 266.066; 179.093, 265.966; 179.169, 265.841; 179.303, 265.61; 179.432, 265.373; 179.555, 265.131; 179.672, 264.883; 179.783, 264.63; 179.888, 264.371; 179.966, 264.167; 179.988, 264.106; 180.082, 263.836; 180.17, 263.561; 180.252, 263.279; 180.328, 262.993; 180.399, 262.7; 180.464, 262.403; 180.496, 262.238; 180.522, 262.1; 180.575, 261.791; 180.623, 261.477; 180.664, 261.158; 180.7, 260.833; 180.73, 260.503; 180.748, 260.252; 180.753, 260.167; 180.771, 259.826; 180.784, 259.48; 180.79, 259.129; 180.791, 258.772; 180.785, 258.41; 180.781, 258.25; 180.774, 258.042; 180.757, 257.67; 180.734, 257.292; 180.705, 256.909; 180.644, 256.251; 180.615, 255.981; 180.497, 255.057; 180.375, 254.267; 180.354, 254.139; 180.186, 253.225; 179.993, 252.317; 179.99, 252.301; 179.779, 251.415; 179.542, 250.519; 179.497, 250.36; 179.284, 249.63; 179.007, 248.747; 178.908, 248.446; 178.711, 247.87; 178.397, 247.002; 178.23, 246.561; 178.066, 246.14; 177.72, 245.287; 177.474, 244.706; 177.359, 244.441; 176.985, 243.604; 176.648, 242.881; 176.597, 242.775; 176.199, 241.955; 175.789, 241.145; 175.759, 241.086; 175.37, 240.344; 174.943, 239.552; 174.815, 239.32; 174.508, 238.771; 174.067, 238; 173.821, 237.58; 173.62, 237.24; 173.168, 236.49; 172.785, 235.866; 172.713, 235.752; 172.256, 235.025; 171.798, 234.31; 171.71, 234.175; 171.339, 233.607; 170.881, 232.916; 170.604, 232.504; 170.424, 232.237; 169.97, 231.572; 169.52, 230.92; 169.473, 230.853; 169.238, 230.514; 168.954, 230.108; 168.668, 229.702; 168.381, 229.296; 168.322, 229.213; 168.093, 228.89; 167.803, 228.484; 167.512, 228.079; 167.219, 227.673; 167.156, 227.585; 166.926, 227.267; 166.631, 226.861; 166.336, 226.456; 166.039, 226.051; 165.977, 225.965; 165.742, 225.646; 165.444, 225.241; 165.145, 224.837; 164.846, 224.433; 164.787, 224.354; 164.546, 224.029; 164.246, 223.626; 163.945, 223.223; 163.644, 222.82; 163.59, 222.748; 163.343, 222.418; 163.041, 222.017; 162.74, 221.616; 162.438, 221.215; 162.386, 221.147; 162.137, 220.815; 161.835, 220.416; 161.534, 220.018; 161.233, 219.62; 161.179, 219.548; 160.932, 219.223; 160.632, 218.826; 160.332, 218.431; 160.033, 218.036; 159.969, 217.952; 159.006, 216.68; 158.76, 216.355; 157.978, 215.32; 157.553, 214.756; 156.952, 213.957; 156.35, 213.155; 155.928, 212.589; 155.153, 211.548; 154.908, 211.217; 153.965, 209.935; 153.894, 209.839; 152.888, 208.455; 152.787, 208.315; 151.89, 207.065; 151.621, 206.686; 150.904, 205.668; 150.47, 205.046; 149.93, 204.264; 149.337, 203.395; 148.97, 202.852; 148.222, 201.731; 148.025, 201.432; 147.129, 200.052; 147.098, 200.003; 146.19, 198.565; 146.061, 198.357; 145.302, 197.117; 145.019, 196.646; 144.436, 195.658; 144.007, 194.918; 143.594, 194.189; 143.028, 193.17; 142.777, 192.709; 142.084, 191.404; 141.987, 191.217; 141.225, 189.713; 141.178, 189.617; 140.494, 188.196; 140.314, 187.81; 139.795, 186.666; 139.495, 185.982; 139.128, 185.122; 138.723, 184.134; 138.497, 183.564; 138.003, 182.265; 137.903, 181.991; 137.347, 180.403; 137.337, 180.376; 136.83, 178.8; 136.729, 178.467; 136.356, 177.18; 136.181, 176.541; 135.924, 175.544; 135.696, 174.598; 135.537, 173.89; 135.277, 172.639; 135.196, 172.219; 134.925, 170.667; 134.903, 170.53; 134.648, 168.709; 134.645, 168.683; 134.456, 166.876; 134.44, 166.691; 134.326, 165.034; 134.309, 164.693; 134.258, 163.183; 134.251, 162.691; 134.252, 161.325; 134.263, 160.688; 134.306, 159.462; 134.346, 158.687; 134.42, 157.595; 134.496, 156.69; 134.593, 155.726; 134.714, 154.699; 134.826, 153.856; 134.996, 152.716; 135.117, 151.987; 135.343, 150.743; 135.466, 150.121; 135.752, 148.782; 135.872, 148.258; 136.222, 146.835; 136.335, 146.401; 136.751, 144.903; 136.855, 144.551; 137.339, 142.988; 137.43, 142.71; 137.984, 141.091; 138.06, 140.879; 138.684, 139.215; 138.745, 139.059; 139.438, 137.359; 139.483, 137.252; 140.246, 135.526; 140.275, 135.461; 141.105, 133.717; 141.121, 133.685; 142.016, 131.932; 142.018, 131.928; 142.967, 130.19; 142.976, 130.174; 143.968, 128.472; 143.985, 128.444; 145.019, 126.777; 145.041, 126.742; 146.12, 125.107; 146.145, 125.071; 147.271, 123.461; 147.294, 123.43; 148.471, 121.843; 148.487, 121.822; 149.719, 120.254; 149.725, 120.246; 151.005, 118.706; 151.015, 118.694; 152.327, 117.201; 152.359, 117.166; 153.69, 115.734; 153.749, 115.672; 155.093, 114.304; 155.186, 114.212; 156.148, 113.273; 156.523, 112.913; 157.171, 112.298; 157.985, 111.54; 158.252, 111.293; 159.391, 110.262; 159.471, 110.191; 160.586, 109.209; 160.974, 108.873; 161.837, 108.138; 162.503, 107.579; 163.141, 107.053; 164.056, 106.312; 164.499, 105.959; 165.632, 105.073; 165.909, 104.86; 167.23, 103.863; 167.37, 103.76; 168.851, 102.684; 168.88, 102.663; 170.439, 101.574; 170.493, 101.537; 172.045, 100.496; 172.157, 100.423; 173.698, 99.435; 173.844, 99.3431; 175.396, 98.3939; 175.554, 98.2992; 177.137, 97.3773; 177.286, 97.2929; 178.922, 96.3895; 179.041, 96.3259; 180.749, 95.4346; 180.817, 95.4; 182.616, 94.5169; 184.435, 93.6799; 184.523, 93.6407; 186.275, 92.8898; 188.136, 92.1491; 