boundaryCurve{1} = [149.927, 278.4; 147.992, 277.895; 146.117, 277.202; 144.319, 276.325; 142.667, 275.206; 141.207, 273.838; 140.143, 272.159; 139.669, 270.223; 139.944, 268.26; 140.871, 266.493; 142.154, 264.964; 143.671, 263.661; 145.319, 262.527; 147.058, 261.539; 148.852, 260.655; 150.632, 259.891; 152.447, 259.193; 154.398, 258.516; 156.341, 257.905; 158.245, 257.354; 160.175, 256.838; 162.13, 256.357; 164.107, 255.907; 166.063, 255.496; 168.025, 255.115; 169.996, 254.76; 171.974, 254.43; 173.957, 254.122; 175.952, 253.835; 177.945, 253.568; 179.932, 253.319; 181.91, 253.087; 183.898, 252.867; 185.925, 252.656; 187.932, 252.458; 189.916, 252.271; 191.873, 252.093; 193.843, 251.919; 195.833, 251.747; 197.826, 251.58; 199.824, 251.416; 201.825, 251.256; 203.824, 251.101; 205.82, 250.948; 207.816, 250.798; 209.812, 250.65; 211.809, 250.505; 213.809, 250.363; 215.809, 250.222; 217.807, 250.083; 219.803, 249.945; 221.797, 249.809; 223.798, 249.675; 225.803, 249.541; 227.803, 249.408; 229.798, 249.277; 231.788, 249.147; 233.774, 249.017; 235.762, 248.886; 237.753, 248.755; 239.747, 248.623; 241.742, 248.491; 243.739, 248.357; 245.738, 248.221; 247.738, 248.084; 249.739, 247.945; 251.741, 247.804; 253.743, 247.66; 255.746, 247.514; 257.747, 247.365; 259.747, 247.214; 261.746, 247.059; 263.745, 246.902; 265.743, 246.741; 267.74, 246.576; 269.735, 246.407; 271.729, 246.234; 273.721, 246.057; 275.711, 245.875; 277.699, 245.688; 279.685, 245.496; 281.691, 245.296; 283.696, 245.09; 285.697, 244.879; 287.695, 244.661; 289.689, 244.437; 291.68, 244.207; 293.666, 243.97; 295.648, 243.725; 297.625, 243.474; 299.598, 243.215; 301.565, 242.948; 303.549, 242.67; 305.554, 242.379; 307.554, 242.08; 309.547, 241.772; 311.533, 241.454; 313.513, 241.127; 315.485, 240.79; 317.45, 240.443; 319.406, 240.085; 321.355, 239.717; 323.295, 239.339; 325.258, 238.941; 327.23, 238.475; 329.095, 237.91; 330.918, 237.103; 331.303, 236.841; 331.671, 236.166; 331.542, 235.924; 331.229, 235.616; 331.204, 235.597; 330.577, 235.178; 329.584, 234.661; 329.498, 234.621; 327.657, 233.84; 325.773, 233.17; 323.893, 232.612; 321.973, 232.117; 319.98, 231.671; 318.028, 231.286; 316.06, 230.941; 314.058, 230.625; 312.076, 230.341; 310.089, 230.079; 308.099, 229.833; 306.124, 229.6; 304.149, 229.377; 302.17, 229.161; 300.188, 228.953; 298.202, 228.753; 296.213, 228.56; 294.22, 228.375; 292.224, 228.196; 290.225, 228.025; 288.223, 227.861; 286.218, 227.703; 284.21, 227.552; 282.2, 227.407; 280.202, 227.269; 278.212, 227.138; 276.22, 227.013; 274.227, 226.893; 272.231, 226.779; 270.234, 226.671; 268.235, 226.567; 266.235, 226.469; 264.233, 226.375; 262.229, 226.286; 260.225, 226.202; 258.22, 226.122; 256.213, 226.047; 254.207, 225.975; 252.207, 225.908; 250.206, 225.844; 248.204, 225.785; 246.202, 225.728; 244.2, 225.676; 242.198, 225.626; 240.196, 225.579; 238.194, 225.536; 236.192, 225.495; 234.191, 225.457; 232.19, 225.421; 230.19, 225.388; 228.19, 225.357; 226.183, 225.327; 224.173, 225.3; 222.163, 225.274; 220.155, 225.25; 218.149, 225.228; 216.144, 225.206; 214.14, 225.186; 212.139, 225.167; 210.139, 225.148; 208.141, 225.131; 206.145, 225.114; 204.152, 225.097; 202.161, 225.081; 200.172, 225.064; 198.182, 225.048; 196.189, 225.031; 194.192, 225.014; 192.193, 224.996; 190.19, 224.978; 188.183, 224.959; 186.173, 224.94; 184.16, 224.92; 182.153, 224.9; 180.156, 224.877; 178.157, 224.853; 176.157, 224.827; 174.156, 224.798; 172.154, 224.767; 170.151, 224.734; 168.146, 224.699; 166.141, 224.661; 164.137, 224.622; 162.137, 224.579; 160.136, 224.534; 158.135, 224.486; 156.134, 224.434; 154.133, 224.38; 152.131, 224.323; 150.13, 224.262; 148.128, 224.199; 146.123, 224.132; 144.117, 224.061; 142.112, 223.985; 140.109, 223.904; 138.108, 223.819; 136.109, 223.729; 134.112, 223.634; 132.117, 223.534; 130.125, 223.43; 128.16, 223.323; 126.197, 223.209; 124.201, 223.087; 122.178, 222.955; 120.144, 222.812; 118.176, 222.664; 116.189, 222.503; 114.187, 222.329; 112.172, 222.139; 110.174, 221.936; 108.189, 221.718; 106.2, 221.482; 104.211, 221.228; 102.223, 220.955; 100.233, 220.66; 98.2489, 220.342; 96.2752, 220.001; 94.3141, 219.636; 92.3632, 219.246; 90.41, 218.813; 88.4711, 218.32; 86.5478, 217.77; 84.6423, 217.157; 82.7735, 216.443; 80.9505, 215.619; 79.1865, 214.675; 77.5624, 213.514; 76.1292, 212.119; 75.175, 210.378; 74.9653, 208.402; 75.6073, 206.535; 76.8848, 204.993; 78.4063, 203.702; 80.1197, 202.669; 81.9094, 201.773; 83.7435, 200.976; 85.6182, 200.278; 87.5266, 199.674; 89.4491, 199.116; 91.3837, 198.604; 93.3295, 198.136; 95.2858, 197.713; 97.2444, 197.331; 99.1906, 196.961; 101.142, 196.599; 103.097, 196.244; 105.057, 195.897; 107.022, 195.557; 108.991, 195.225; 110.964, 194.9; 112.942, 194.582; 114.923, 194.271; 116.908, 193.967; 118.897, 193.669; 120.889, 193.378; 122.885, 193.094; 124.884, 192.816; 126.885, 192.544; 128.857, 192.282; 130.831, 192.027; 132.808, 191.776; 134.788, 191.532; 136.771, 191.292; 138.756, 191.058; 140.744, 190.829; 142.733, 190.605; 144.725, 190.386; 146.719, 190.171; 148.715, 189.961; 150.712, 189.756; 152.712, 189.554; 154.712, 189.357; 156.714, 189.164; 158.71, 188.976; 160.701, 188.792; 162.693, 188.612; 164.686, 188.436; 166.68, 188.263; 168.675, 188.093; 170.67, 187.927; 172.666, 187.764; 174.662, 187.603; 176.659, 187.446; 178.656, 187.291; 180.653, 187.139; 182.65, 186.99; 184.647, 186.842; 186.644, 186.698; 188.641, 186.555; 190.645, 186.413; 192.65, 186.274; 194.654, 186.136; 196.657, 186; 198.659, 185.865; 200.661, 185.732; 202.661, 185.601; 204.66, 185.47; 206.658, 185.341; 208.654, 185.212; 210.649, 185.084; 212.642, 184.957; 214.633, 184.831; 216.623, 184.704; 218.61, 184.579; 220.595, 184.453; 222.582, 184.327; 224.571, 184.201; 226.564, 184.074; 228.558, 183.946; 230.556, 183.818; 232.557, 183.689; 234.56, 183.559; 236.566, 183.429; 238.574, 183.298; 240.577, 183.167; 242.573, 183.034; 244.57, 182.9; 246.566, 182.763; 248.563, 182.624; 250.56, 182.484; 252.557, 182.341; 254.554, 182.196; 256.552, 182.05; 258.549, 181.901; 260.548, 181.75; 262.548, 181.595; 264.546, 181.437; 266.543, 181.277; 268.539, 181.113; 270.534, 180.947; 272.527, 180.778; 274.52, 180.606; 276.511, 180.431; 278.502, 180.253; 280.502, 180.071; 282.505, 179.883; 284.505, 179.691; 286.502, 179.494; 288.496, 179.294; 290.487, 179.088; 292.474, 178.879; 294.459, 178.665; 296.44, 178.447; 298.418, 178.225; 300.361, 178.001; 302.318, 177.769; 304.297, 177.529; 306.296, 177.278; 308.313, 177.016; 310.329, 176.744; 312.292, 176.469; 314.265, 176.181; 316.245, 175.881; 318.23, 175.566; 320.217, 175.236; 322.201, 174.89; 324.176, 174.53; 326.147, 174.154; 328.112, 173.76; 330.069, 173.348; 332.016, 172.917; 333.975, 172.459; 335.942, 171.975; 337.892, 171.468; 339.822, 170.938; 341.729, 170.384; 343.613, 169.805; 345.52, 169.163; 347.363, 168.437; 349.167, 167.576; 350.865, 166.524; 352.161, 165.027; 352.109, 163.963; 351.544, 163.266; 351.446, 163.185; 350.346, 162.442; 349.885, 162.189; 348.977, 161.742; 348.058, 161.333; 347.492, 161.093; 346.204, 160.575; 344.336, 159.856; 342.456, 159.17; 340.565, 158.518; 338.662, 157.898; 336.748, 157.312; 334.824, 156.76; 332.897, 156.241; 330.979, 155.746; 329.045, 155.273; 327.099, 154.821; 325.141, 154.39; 323.175, 153.979; 321.202, 153.587; 319.224, 153.214; 317.238, 152.858; 315.243, 152.518; 313.249, 152.195; 311.259, 151.888; 309.274, 151.597; 307.297, 151.321; 305.329, 151.059; 303.374, 150.811; 301.348, 150.565; 299.295, 150.328; 297.263, 150.104; 295.255, 149.892; 293.273, 149.692; 291.319, 149.502; 289.396, 149.321; 287.465, 149.146; 285.481, 148.972; 283.495, 148.804; 281.507, 148.642; 279.517, 148.484; 277.526, 148.333; 275.531, 148.186; 273.534, 148.045; 271.534, 147.909; 269.53, 147.778; 267.522, 147.653; 265.51, 147.532; 263.521, 147.417; 261.552, 147.308; 259.577, 147.204; 257.598, 147.104; 255.612, 147.008; 253.621, 146.916; 251.624, 146.828; 249.62, 146.744; 247.609, 146.664; 245.591, 146.588; 243.565, 146.516; 241.532, 