boundaryCurve{1} = [152.884, 307.849; 151.128, 306.902; 149.556, 305.673; 148.19, 304.217; 147.046, 302.581; 146.137, 300.803; 145.476, 298.919; 145.07, 296.964; 144.925, 294.972; 145.039, 292.979; 145.398, 291.015; 145.985, 289.105; 146.236, 288.461; 146.774, 287.269; 147.125, 286.591; 147.746, 285.521; 148.225, 284.784; 148.874, 283.883; 150.149, 282.345; 151.543, 280.91; 153.038, 279.575; 154.612, 278.338; 156.243, 277.199; 157.954, 276.125; 159.691, 275.136; 161.469, 274.219; 163.278, 273.369; 165.118, 272.582; 166.981, 271.857; 168.87, 271.19; 170.771, 270.575; 172.693, 270.008; 174.621, 269.488; 176.569, 269.008; 178.513, 268.564; 180.48, 268.146; 182.432, 267.763; 184.413, 267.394; 186.367, 267.045; 188.337, 266.705; 190.312, 266.375; 192.287, 266.055; 194.263, 265.744; 196.241, 265.44; 198.22, 265.143; 200.201, 264.854; 202.181, 264.572; 204.163, 264.295; 206.145, 264.022; 208.129, 263.754; 210.111, 263.488; 212.095, 263.225; 214.077, 262.965; 216.06, 262.705; 218.041, 262.445; 220.021, 262.186; 222.003, 261.924; 223.989, 261.661; 225.977, 261.396; 227.958, 261.129; 229.939, 260.857; 231.92, 260.579; 233.902, 260.294; 235.884, 260.005; 237.861, 259.708; 239.838, 259.404; 241.814, 259.091; 243.791, 258.77; 245.766, 258.44; 247.737, 258.098; 249.706, 257.743; 251.673, 257.377; 253.636, 256.998; 255.599, 256.604; 257.558, 256.197; 259.514, 255.775; 261.465, 255.338; 263.415, 254.886; 265.361, 254.415; 267.301, 253.925; 269.234, 253.416; 271.161, 252.887; 273.085, 252.338; 275.003, 251.767; 276.914, 251.176; 278.818, 250.563; 280.716, 249.929; 282.605, 249.269; 284.485, 248.583; 286.353, 247.872; 288.212, 247.134; 289.682, 246.494; 290.048, 246.313; 290.733, 245.945; 291.647, 245.377; 291.757, 245.301; 292.412, 244.8; 293.012, 244.226; 293.233, 243.963; 293.441, 243.665; 293.683, 243.126; 293.726, 242.626; 293.693, 242.455; 293.627, 242.255; 293.568, 242.119; 293.519, 242.019; 293.364, 241.75; 293.153, 241.444; 292.879, 241.102; 292.533, 240.722; 292.362, 240.548; 292.109, 240.303; 290.855, 239.22; 289.23, 238.055; 287.515, 237.038; 285.725, 236.144; 283.881, 235.365; 282, 234.679; 280.094, 234.072; 278.169, 233.527; 276.229, 233.027; 274.285, 232.566; 272.335, 232.124; 270.38, 231.702; 268.42, 231.299; 266.456, 230.916; 264.488, 230.552; 262.518, 230.206; 260.545, 229.875; 258.569, 229.561; 256.591, 229.262; 254.61, 228.98; 252.629, 228.715; 250.645, 228.465; 248.658, 228.23; 246.669, 228.009; 244.677, 227.803; 242.686, 227.609; 240.693, 227.428; 238.7, 227.257; 236.706, 227.097; 234.711, 226.948; 232.714, 226.81; 230.718, 226.681; 228.721, 226.562; 226.723, 226.451; 224.725, 226.35; 222.726, 226.258; 220.725, 226.173; 218.725, 226.094; 216.726, 226.021; 214.728, 225.955; 212.729, 225.894; 210.726, 225.838; 208.724, 225.786; 206.724, 225.738; 204.726, 225.695; 202.729, 225.655; 200.723, 225.619; 198.719, 225.583; 196.719, 225.548; 194.721, 225.515; 192.726, 225.482; 190.731, 225.45; 188.732, 225.417; 186.729, 225.383; 184.727, 225.348; 182.73, 225.311; 180.729, 225.272; 178.724, 225.23; 176.727, 225.185; 174.728, 225.135; 172.726, 225.082; 170.725, 225.024; 168.726, 224.961; 166.726, 224.892; 164.725, 224.817; 162.728, 224.734; 160.729, 224.645; 158.73, 224.549; 156.73, 224.446; 154.732, 224.334; 152.735, 224.212; 150.74, 224.081; 148.744, 223.94; 146.749, 223.789; 144.755, 223.627; 142.761, 223.455; 140.767, 223.27; 138.777, 223.072; 136.789, 222.861; 134.818, 222.638; 132.823, 222.396; 130.84, 222.135; 128.861, 221.848; 126.88, 221.533; 124.913, 221.19; 122.94, 220.81; 120.988, 220.394; 119.039, 219.936; 117.105, 219.437; 115.175, 218.895; 113.266, 218.303; 111.369, 217.659; 109.495, 216.96; 107.622, 216.188; 105.831, 215.34; 104.083, 214.382; 102.398, 213.306; 100.802, 212.102; 99.3189, 210.763; 97.9798, 209.28; 96.8217, 207.652; 95.8875, 205.887; 95.221, 204.005; 94.8489, 202.044; 94.776, 200.048; 95.005, 198.063; 95.5348, 196.137; 96.3418, 194.309; 97.389, 192.608; 98.6292, 191.043; 100.024, 189.612; 101.541, 188.311; 103.15, 187.126; 104.836, 186.051; 106.578, 185.07; 108.338, 184.193; 110.151, 183.385; 112.055, 182.626; 113.927, 181.917; 115.806, 181.226; 117.69, 180.554; 119.58, 179.9; 121.475, 179.264; 123.376, 178.646; 125.285, 178.044; 127.199, 177.458; 129.116, 176.886; 131.037, 176.33; 132.962, 175.79; 134.892, 175.264; 136.826, 174.753; 138.763, 174.255; 140.704, 173.771; 142.649, 173.301; 144.596, 172.844; 146.548, 172.402; 148.502, 171.971; 150.459, 171.551; 152.417, 171.142; 154.378, 170.743; 156.34, 170.354; 158.304, 169.977; 160.271, 169.609; 162.24, 169.25; 164.21, 168.9; 166.181, 168.559; 168.154, 168.227; 170.127, 167.904; 172.105, 167.589; 174.084, 167.28; 176.062, 166.977; 178.041, 166.679; 180.019, 166.388; 181.997, 166.102; 183.978, 165.821; 185.963, 165.545; 187.946, 165.273; 189.929, 165.005; 191.911, 164.741; 193.892, 164.482; 195.877, 164.227; 197.867, 163.972; 199.854, 163.718; 201.839, 163.465; 203.822, 163.213; 205.802, 162.963; 207.78, 162.713; 209.761, 162.463; 211.745, 162.212; 213.734, 161.96; 215.719, 161.707; 217.701, 161.452; 219.685, 161.193; 221.672, 160.931; 223.655, 160.667; 225.637, 160.401; 227.62, 160.13; 229.604, 159.855; 231.584, 159.577; 233.563, 159.293; 235.543, 159.003; 237.524, 158.708; 239.502, 158.406; 241.479, 158.098; 243.455, 157.783; 245.429, 157.461; 247.403, 157.131; 249.375, 156.792; 251.345, 156.445; 253.314, 156.089; 255.283, 155.723; 257.249, 155.347; 259.211, 154.962; 261.171, 154.566; 263.133, 154.158; 265.09, 153.739; 267.041, 153.307; 268.978, 152.866; 270.918, 152.411; 272.878, 151.94; 274.807, 151.454; 276.754, 150.935; 278.671, 150.402; 280.597, 149.84; 282.509, 149.253; 284.411, 148.635; 286.308, 147.983; 288.183, 147.3; 290.055, 146.578; 291.905, 145.822; 293.74, 145.022; 295.556, 144.18; 297.348, 143.294; 299.12, 142.361; 300.86, 141.384; 302.577, 140.353; 304.251, 139.259; 304.6, 139.01; 305.836, 138.035; 305.866, 138.01; 307.029, 136.932; 307.289, 136.663; 308.041, 135.797; 308.545, 135.11; 308.85, 134.624; 309.409, 133.433; 309.444, 133.332; 309.665, 132.243; 309.63, 131.364; 309.571, 131.075; 309.364, 130.469; 309.058, 129.869; 308.849, 129.541; 308.668, 129.287; 308.209, 128.72; 307.697, 128.17; 307.551, 128.024; 307.148, 127.638; 306.576, 127.126; 306.06, 126.688; 305.997, 126.636; 304.502, 125.436; 302.904, 124.234; 301.268, 123.085; 299.591, 121.984; 297.885, 120.935; 296.155, 119.938; 294.397, 118.988; 292.608, 118.082; 290.803, 117.223; 288.982, 116.411; 287.128, 115.635; 285.266, 114.902; 283.399, 114.213; 281.497, 113.553; 279.591, 112.931; 277.691, 112.348; 275.757, 111.791; 273.82, 111.267; 271.896, 110.775; 269.937, 110.3; 267.977, 109.855; 266.043, 109.441; 264.061, 109.039; 262.09, 108.658; 260.159, 108.302; 258.19, 107.955; 256.217, 107.622; 254.242, 107.302; 252.266, 106.997; 250.289, 106.706; 248.313, 106.428; 246.332, 106.164; 244.345, 105.912; 242.354, 105.673; 240.371, 105.448; 238.388, 105.234; 236.399, 105.031; 234.403, 104.84; 232.4, 104.66; 230.423, 104.494; 228.436, 104.337; 226.44, 104.188; 224.435, 104.049; 222.429, 103.919; 220.45, 103.802; 218.46, 103.691; 216.459, 103.588; 214.448, 103.491; 212.443, 103.403; 210.465, 103.323; 208.474, 103.251; 206.471, 103.187; 204.455, 103.13; 202.445, 103.08; 200.469, 103.031; 198.48, 102.988; 196.477, 102.949; 194.461, 102.915; 192.437, 102.886; 190.469, 102.861; 188.485, 102.84; 186.486, 102.822; 184.472, 102.808; 182.443, 102.796; 180.456, 102.788; 178.481, 102.782; 176.492, 102.778; 174.49, 102.777; 172.474, 102.779; 170.444, 102.782; 168.443, 102.789; 166.464, 102.799; 164.475, 102.813; 162.476, 102.832; 160.466, 102.854; 158.447, 102.881; 156.427, 102.912; 154.449, 102.945; 152.463, 102.984; 150.468, 103.026; 148.464, 103.074; 146.452, 103.126; 144.431, 103.183; 142.433, 103.244; 140.448, 103.311; 138.456, 103.383; 136.458, 103.462; 134.455, 103.548; 132.445, 103.639; 130.43, 103.737; 128.443, 103.839; 126.455, 103.947; 124.463, 104.062; 122.466, 104.183; 120.465, 104.31; 118.459, 104.445; 