boundaryCurve{1} = [149.927, 278.4; 147.992, 277.894; 146.115, 277.205; 144.324, 276.318; 142.663, 275.208; 141.215, 273.834; 140.336, 272.559; 140.137, 272.157; 139.736, 270.842; 139.669, 270.225; 139.758, 269.013; 139.961, 268.259; 140.488, 267.103; 140.875, 266.489; 141.355, 265.853; 142.165, 264.964; 142.502, 264.643; 143.679, 263.658; 143.928, 263.473; 145.317, 262.535; 147.047, 261.547; 148.839, 260.668; 150.678, 259.876; 152.564, 259.151; 154.442, 258.504; 156.363, 257.9; 158.284, 257.343; 160.228, 256.824; 162.168, 256.348; 164.125, 255.906; 166.079, 255.496; 168.046, 255.113; 170.02, 254.759; 171.994, 254.429; 173.973, 254.123; 175.957, 253.836; 177.939, 253.57; 179.931, 253.321; 181.919, 253.087; 183.907, 252.868; 185.905, 252.66; 187.885, 252.465; 189.896, 252.275; 191.88, 252.094; 193.862, 251.919; 195.857, 251.748; 197.853, 251.58; 199.847, 251.417; 201.843, 251.257; 203.839, 251.1; 205.835, 250.947; 207.832, 250.798; 209.828, 250.651; 211.825, 250.506; 213.822, 250.363; 215.819, 250.223; 217.815, 250.084; 219.812, 249.949; 221.809, 249.814; 223.807, 249.68; 225.804, 249.547; 227.801, 249.415; 229.799, 249.283; 231.796, 249.152; 233.79, 249.021; 235.783, 248.89; 237.778, 248.758; 239.776, 248.626; 241.776, 248.493; 243.778, 248.359; 245.776, 248.225; 247.772, 248.089; 249.769, 247.95; 251.766, 247.809; 253.763, 247.666; 255.761, 247.521; 257.758, 247.373; 259.754, 247.221; 261.75, 247.067; 263.746, 246.91; 265.741, 246.749; 267.736, 246.585; 269.734, 246.417; 271.731, 246.244; 273.726, 246.066; 275.718, 245.883; 277.709, 245.696; 279.697, 245.504; 281.696, 245.305; 283.69, 245.1; 285.682, 244.889; 287.67, 244.673; 289.655, 244.45; 291.641, 244.222; 293.637, 243.984; 295.628, 243.739; 297.615, 243.486; 299.596, 243.225; 301.572, 242.956; 303.555, 242.678; 305.545, 242.389; 307.529, 242.091; 309.506, 241.785; 311.478, 241.471; 313.443, 241.148; 315.424, 240.812; 317.405, 240.463; 319.378, 240.103; 321.342, 239.732; 323.297, 239.349; 325.257, 238.952; 326.465, 238.679; 327.214, 238.491; 327.82, 238.324; 329, 237.956; 329.119, 237.915; 329.987, 237.583; 330.766, 237.211; 330.939, 237.113; 331.32, 236.848; 331.633, 236.499; 331.688, 236.173; 331.645, 236.062; 331.559, 235.931; 331.421, 235.779; 331.242, 235.621; 331.221, 235.604; 330.948, 235.404; 330.594, 235.182; 330.149, 234.936; 329.601, 234.665; 329.515, 234.624; 327.679, 233.845; 325.797, 233.181; 323.882, 232.608; 321.933, 232.107; 319.98, 231.671; 318.021, 231.286; 316.041, 230.939; 314.063, 230.627; 312.082, 230.343; 310.094, 230.08; 308.107, 229.835; 306.127, 229.603; 304.144, 229.378; 302.157, 229.161; 300.166, 228.952; 298.172, 228.751; 296.173, 228.558; 294.174, 228.373; 292.186, 228.197; 290.195, 228.027; 288.201, 227.863; 286.205, 227.706; 284.206, 227.555; 282.205, 227.41; 280.208, 227.272; 278.214, 227.141; 276.219, 227.015; 274.221, 226.895; 272.222, 226.781; 270.22, 226.673; 268.216, 226.57; 266.218, 226.472; 264.22, 226.379; 262.221, 226.291; 260.221, 226.206; 258.22, 226.126; 256.218, 226.05; 254.216, 225.979; 252.216, 225.912; 250.216, 225.848; 248.215, 225.788; 246.214, 225.731; 244.213, 225.679; 242.211, 225.629; 240.208, 225.583; 238.206, 225.54; 236.203, 225.499; 234.202, 225.461; 232.201, 225.425; 230.2, 225.392; 228.2, 225.36; 226.197, 225.331; 224.193, 225.303; 222.19, 225.277; 220.188, 225.253; 218.188, 225.23; 216.188, 225.209; 214.19, 225.19; 212.181, 225.171; 210.175, 225.153; 208.171, 225.136; 206.17, 225.118; 204.171, 225.101; 202.175, 225.085; 200.18, 225.068; 198.183, 225.052; 196.183, 225.036; 194.179, 225.019; 192.172, 225.001; 190.174, 224.983; 188.174, 224.965; 186.172, 224.945; 184.167, 224.924; 182.165, 224.903; 180.165, 224.879; 178.164, 224.854; 176.161, 224.827; 174.157, 224.8; 172.158, 224.77; 170.157, 224.738; 168.155, 224.703; 166.152, 224.665; 164.15, 224.625; 162.15, 224.583; 160.149, 224.539; 158.148, 224.491; 156.145, 224.441; 154.142, 224.387; 152.14, 224.33; 150.139, 224.269; 148.14, 224.204; 146.14, 224.136; 144.138, 224.064; 142.138, 223.987; 140.138, 223.907; 138.14, 223.822; 136.136, 223.733; 134.135, 223.638; 132.137, 223.539; 130.14, 223.434; 128.158, 223.326; 126.162, 223.211; 124.156, 223.088; 122.165, 222.955; 120.156, 222.811; 118.17, 222.661; 116.164, 222.499; 114.175, 222.326; 112.179, 222.138; 110.187, 221.934; 108.198, 221.715; 106.206, 221.481; 104.22, 221.228; 102.237, 220.954; 100.255, 220.659; 98.2796, 220.343; 96.3034, 220.003; 94.3345, 219.637; 92.3589, 219.24; 90.3805, 218.799; 88.4588, 218.315; 86.5205, 217.761; 84.6165, 217.137; 82.7778, 216.438; 80.9597, 215.623; 79.204, 214.666; 77.5666, 213.52; 76.598, 212.625; 76.1512, 212.115; 75.552, 211.225; 75.1773, 210.382; 75.014, 209.761; 74.97, 208.412; 75.064, 207.899; 75.6276, 206.539; 75.909, 206.11; 76.8788, 204.985; 78.428, 203.723; 80.1264, 202.671; 81.9114, 201.769; 83.7077, 201.004; 85.5639, 200.317; 87.4965, 199.688; 89.3794, 199.139; 91.3867, 198.611; 93.2662, 198.164; 95.2325, 197.737; 97.2553, 197.336; 99.2131, 196.964; 101.175, 196.599; 103.142, 196.242; 105.113, 195.892; 107.088, 195.551; 109.067, 195.217; 111.051, 194.892; 113.024, 194.576; 114.995, 194.267; 116.969, 193.965; 118.947, 193.669; 120.928, 193.379; 122.914, 193.096; 124.903, 192.819; 126.895, 192.549; 128.872, 192.286; 130.852, 192.029; 132.835, 191.777; 134.821, 191.531; 136.81, 191.291; 138.801, 191.056; 140.796, 190.827; 142.789, 190.604; 144.775, 190.386; 146.763, 190.172; 148.753, 189.963; 150.744, 189.758; 152.737, 189.557; 154.731, 189.361; 156.726, 189.169; 158.72, 188.981; 160.711, 188.797; 162.703, 188.616; 164.697, 188.44; 166.691, 188.266; 168.686, 188.096; 170.683, 187.93; 172.68, 187.768; 174.677, 187.608; 176.673, 187.451; 178.669, 187.297; 180.665, 187.144; 182.662, 186.995; 184.657, 186.847; 186.653, 186.702; 188.649, 186.559; 190.648, 186.418; 192.648, 186.279; 194.646, 186.141; 196.643, 186.005; 198.64, 185.871; 200.636, 185.738; 202.631, 185.607; 204.627, 185.478; 206.631, 185.349; 208.633, 185.22; 210.632, 185.092; 212.63, 184.964; 214.627, 184.837; 216.621, 184.71; 218.614, 184.584; 220.604, 184.458; 222.596, 184.332; 224.592, 184.205; 226.591, 184.078; 228.594, 183.951; 230.595, 183.823; 232.591, 183.694; 234.589, 183.565; 236.587, 183.434; 238.585, 183.303; 240.582, 183.17; 242.577, 183.036; 244.574, 182.901; 246.572, 182.764; 248.571, 182.625; 250.569, 182.485; 252.566, 182.343; 254.563, 182.199; 256.559, 182.052; 258.555, 181.903; 260.551, 181.751; 262.548, 181.597; 264.543, 181.439; 266.538, 181.28; 268.533, 181.117; 270.53, 180.952; 272.528, 180.783; 274.523, 180.611; 276.516, 180.435; 278.506, 180.255; 280.501, 180.072; 282.497, 179.884; 284.491, 179.693; 286.481, 179.497; 288.469, 179.298; 290.463, 179.094; 292.458, 178.884; 294.45, 178.67; 296.437, 178.451; 298.42, 178.227; 300.386, 178; 302.372, 177.765; 304.381, 177.52; 306.353, 177.272; 308.339, 177.014; 310.333, 176.746; 312.307, 176.469; 314.291, 176.18; 316.277, 175.879; 318.252, 175.565; 320.227, 175.237; 322.202, 174.893; 324.172, 174.534; 326.138, 174.159; 328.104, 173.767; 330.066, 173.354; 332.017, 172.921; 333.969, 172.465; 335.917, 171.985; 337.848, 171.484; 339.786, 170.954; 341.713, 170.395; 343.615, 169.813; 345.509, 169.176; 345.705, 169.104; 347.338, 168.457; 347.371, 168.443; 348.838, 167.757; 349.19, 167.572; 350.143, 167.023; 350.869, 166.52; 351.188, 166.263; 351.908, 165.492; 352.157, 165.027; 352.239, 164.722; 352.118, 163.966; 351.851, 163.573; 351.55, 163.272; 351.451, 163.188; 350.951, 162.812; 350.359, 162.445; 349.882, 162.183; 349.699, 162.088; 348.99, 161.744; 348.252, 161.413; 348.065, 161.332; 347.505, 161.095; 346.236, 160.578; 344.381, 159.862; 342.493, 159.175; 340.574, 158.519; 338.69, 157.911; 336.781, 157.328; 334.848, 156.771; 332.903, 156.242; 330.975, 155.744; 329.033, 155.269; 327.077, 154.815; 325.113, 154.383; 323.155, 153.974; 321.191, 153.584; 319.224, 153.213; 317.25, 152.859; 315.272, 152.522; 313.295, 152.202; 311.321, 151.897; 309.336, 151.606; 307.341, 