boundaryCurve{1} = [152.884, 307.849; 151.128, 306.9; 149.555, 305.675; 148.19, 304.215; 147.045, 302.581; 146.137, 300.801; 145.476, 298.917; 145.071, 296.963; 144.928, 294.969; 145.039, 292.977; 145.398, 291.014; 145.988, 289.103; 146.776, 287.267; 147.752, 285.521; 148.887, 283.876; 150.166, 282.338; 151.557, 280.902; 153.051, 279.572; 154.623, 278.337; 156.26, 277.191; 157.957, 276.132; 159.695, 275.143; 161.471, 274.222; 163.281, 273.371; 165.122, 272.588; 166.985, 271.862; 168.868, 271.192; 170.771, 270.577; 172.709, 270.008; 174.654, 269.484; 176.592, 269.005; 178.518, 268.566; 180.51, 268.145; 182.489, 267.755; 184.439, 267.392; 186.369, 267.048; 188.336, 266.707; 190.308, 266.376; 192.286, 266.055; 194.268, 265.743; 196.247, 265.44; 198.226, 265.144; 200.205, 264.855; 202.186, 264.573; 204.171, 264.295; 206.153, 264.022; 208.134, 263.753; 210.119, 263.489; 212.111, 263.226; 214.095, 262.964; 216.072, 262.705; 218.044, 262.447; 220.018, 262.188; 221.996, 261.928; 223.976, 261.666; 225.959, 261.401; 227.943, 261.132; 229.93, 260.858; 231.917, 260.58; 233.905, 260.296; 235.89, 260.005; 237.867, 259.709; 239.844, 259.405; 241.821, 259.092; 243.796, 258.771; 245.77, 258.439; 247.741, 258.097; 249.711, 257.743; 251.678, 257.377; 253.643, 256.999; 255.608, 256.605; 257.57, 256.198; 259.528, 255.776; 261.481, 255.338; 263.43, 254.883; 265.372, 254.412; 267.309, 253.923; 269.241, 253.415; 271.165, 252.888; 273.09, 252.344; 275.009, 251.775; 276.919, 251.183; 278.823, 250.567; 280.718, 249.928; 282.605, 249.265; 284.484, 248.578; 286.355, 247.868; 288.216, 247.134; 290.041, 246.32; 291.76, 245.302; 292.417, 244.801; 293.236, 243.967; 293.45, 243.666; 293.735, 242.623; 293.635, 242.25; 293.581, 242.126; 293.372, 241.75; 292.887, 241.102; 292.37, 240.547; 292.117, 240.302; 290.869, 239.226; 289.248, 238.057; 287.526, 237.041; 285.739, 236.147; 283.902, 235.371; 282.031, 234.689; 280.116, 234.078; 278.188, 233.53; 276.248, 233.033; 274.306, 232.57; 272.358, 232.129; 270.404, 231.707; 268.446, 231.305; 266.484, 230.922; 264.517, 230.557; 262.547, 230.21; 260.572, 229.88; 258.594, 229.567; 256.613, 229.271; 254.628, 228.99; 252.649, 228.726; 250.666, 228.477; 248.681, 228.242; 246.694, 228.021; 244.705, 227.813; 242.713, 227.618; 240.72, 227.436; 238.725, 227.265; 236.729, 227.105; 234.731, 226.956; 232.733, 226.817; 230.735, 226.689; 228.737, 226.57; 226.737, 226.46; 224.738, 226.359; 222.739, 226.266; 220.74, 226.181; 218.741, 226.103; 216.743, 226.031; 214.746, 225.965; 212.747, 225.904; 210.738, 225.848; 208.731, 225.797; 206.724, 225.749; 204.72, 225.706; 202.718, 225.665; 200.717, 225.627; 198.719, 225.591; 196.724, 225.557; 194.732, 225.524; 192.742, 225.491; 190.754, 225.459; 188.762, 225.427; 186.766, 225.393; 184.765, 225.358; 182.761, 225.321; 180.753, 225.282; 178.742, 225.24; 176.747, 225.195; 174.75, 225.145; 172.752, 225.092; 170.751, 225.034; 168.749, 224.97; 166.746, 224.901; 164.741, 224.826; 162.743, 224.745; 160.745, 224.657; 158.746, 224.561; 156.748, 224.457; 154.75, 224.344; 152.752, 224.222; 150.755, 224.092; 148.757, 223.951; 146.759, 223.799; 144.764, 223.638; 142.77, 223.464; 140.779, 223.279; 138.79, 223.082; 136.804, 222.872; 134.866, 222.654; 132.886, 222.414; 130.87, 222.149; 128.888, 221.863; 126.928, 221.552; 124.948, 221.207; 122.955, 220.823; 121.016, 220.413; 119.071, 219.959; 117.124, 219.461; 115.187, 218.916; 113.276, 218.325; 111.384, 217.68; 109.51, 216.981; 107.658, 216.225; 105.851, 215.369; 104.099, 214.406; 102.408, 213.336; 100.813, 212.132; 99.3308, 210.792; 97.9834, 209.315; 96.8302, 207.685; 95.8905, 205.917; 95.2213, 204.029; 94.8481, 202.076; 94.7727, 200.093; 94.9971, 198.116; 95.5232, 196.177; 96.331, 194.35; 97.3624, 192.644; 98.6046, 191.08; 100.005, 189.652; 101.513, 188.342; 103.12, 187.155; 104.813, 186.088; 106.555, 185.106; 108.34, 184.207; 110.166, 183.391; 112.027, 182.656; 113.899, 181.951; 115.778, 181.263; 117.662, 180.591; 119.553, 179.935; 121.448, 179.296; 123.349, 178.674; 125.256, 178.068; 127.168, 177.479; 129.085, 176.907; 131.006, 176.352; 132.933, 175.813; 134.865, 175.291; 136.8, 174.78; 138.738, 174.282; 140.68, 173.799; 142.624, 173.329; 144.572, 172.871; 146.523, 172.427; 148.477, 171.994; 150.433, 171.573; 152.391, 171.164; 154.352, 170.766; 156.314, 170.378; 158.279, 170.001; 160.247, 169.633; 162.218, 169.275; 164.191, 168.925; 166.164, 168.585; 168.139, 168.252; 170.114, 167.928; 172.09, 167.611; 174.066, 167.301; 176.043, 166.998; 178.02, 166.701; 179.996, 166.411; 181.973, 166.126; 183.956, 165.845; 185.947, 165.568; 187.937, 165.295; 189.927, 165.027; 191.915, 164.763; 193.901, 164.502; 195.886, 164.244; 197.869, 163.989; 199.851, 163.736; 201.83, 163.484; 203.807, 163.234; 205.782, 162.985; 207.754, 162.737; 209.729, 162.488; 211.707, 162.238; 213.69, 161.986; 215.675, 161.733; 217.664, 161.477; 219.655, 161.219; 221.648, 160.957; 223.631, 160.694; 225.611, 160.428; 227.591, 160.158; 229.573, 159.884; 231.555, 159.605; 233.538, 159.321; 235.521, 159.031; 237.503, 158.736; 239.482, 158.434; 241.46, 158.126; 243.437, 157.811; 245.413, 157.488; 247.387, 157.158; 249.358, 156.82; 251.327, 156.474; 253.294, 156.118; 255.268, 155.751; 257.238, 155.375; 259.204, 154.989; 261.166, 154.593; 263.124, 154.186; 265.077, 153.768; 267.025, 153.339; 268.949, 152.903; 270.856, 152.456; 272.792, 151.986; 274.751, 151.49; 276.731, 150.966; 278.635, 150.438; 280.542, 149.882; 282.458, 149.294; 284.378, 148.672; 286.291, 148.015; 288.171, 147.333; 290.036, 146.611; 291.886, 145.851; 293.72, 145.052; 295.536, 144.214; 297.331, 143.329; 299.1, 142.396; 300.843, 141.415; 302.558, 140.386; 304.234, 139.294; 305.817, 138.074; 307.269, 136.704; 308.532, 135.158; 309.435, 133.38; 309.627, 131.417; 309.055, 129.9; 308.859, 129.594; 308.206, 128.751; 307.567, 128.073; 307.145, 127.669; 306.076, 126.737; 305.994, 126.669; 304.516, 125.487; 302.917, 124.286; 301.283, 123.133; 299.615, 122.032; 297.914, 120.981; 296.181, 119.983; 294.418, 119.036; 292.632, 118.134; 290.827, 117.273; 289.002, 116.454; 287.159, 115.678; 285.298, 114.944; 283.42, 114.254; 281.529, 113.601; 279.627, 112.98; 277.715, 112.391; 275.794, 111.833; 273.864, 111.307; 271.925, 110.813; 269.921, 110.332; 267.909, 109.876; 265.924, 109.451; 263.97, 109.055; 262.053, 108.685; 260.175, 108.339; 258.214, 107.993; 256.245, 107.66; 254.274, 107.341; 252.301, 107.036; 250.324, 106.745; 248.344, 106.467; 246.36, 106.202; 244.371, 105.95; 242.376, 105.71; 240.403, 105.485; 238.438, 105.273; 236.467, 105.072; 234.488, 104.882; 232.502, 104.703; 230.507, 104.533; 228.504, 104.374; 226.492, 104.224; 224.47, 104.084; 222.455, 103.954; 220.505, 103.837; 218.544, 103.728; 216.573, 103.626; 214.591, 103.531; 212.597, 103.444; 210.591, 103.363; 208.573, 103.289; 206.542, 103.221; 204.498, 103.16; 202.475, 103.105; 200.537, 103.057; 198.586, 103.015; 196.622, 102.977; 194.645, 102.943; 192.653, 102.914; 190.648, 102.888; 188.628, 102.866; 186.593, 102.848; 184.542, 102.833; 182.476, 102.821; 180.499, 102.813; 178.561, 102.806; 176.609, 102.802; 174.644, 102.8; 172.667, 102.802; 170.677, 102.806; 168.676, 102.813; 166.662, 102.824; 164.637, 102.838; 162.601, 102.857; 160.554, 102.879; 158.496, 102.905; 156.449, 102.936; 154.496, 102.97; 152.534, 103.008; 150.563, 103.05; 148.584, 103.097; 146.598, 103.15; 144.603, 103.207; 142.602, 103.269; 140.593, 103.337; 138.577, 103.411; 136.555, 103.491; 134.526, 103.576; 132.491, 103.668; 130.45, 103.766; 128.473, 103.867; 126.499, 103.974; 124.521, 104.087; 122.538, 104.207; 120.551, 104.333; 118.56, 104.467; 116.565, 104.607; 114.566, 104.755; 112.564, 104.91; 110.559, 105.072; 108.551, 105.242; 106.54, 105.42; 104.526, 105.606; 102.513, 105.799; 100.535, 105.997; 98.5559, 106.203; 96.5749, 106.418; 94.5926, 106.641; 92.609, 106.873; 90.6245, 107.114; 88.6393, 107.364; 86.6535, 107.623; 84.6673, 107.891; 82.681, 108.169; 80.6948, 108.456; 78.7089, 108.753; 76.7234, 109.06; 74.7386, 109.377; 74.685, 109.386;