boundaryCurve{1} = [76.755, 44.123; 78.5515, 43.2301; 80.362, 42.3671; 82.1863, 41.534; 84.0239, 40.7311; 85.8745, 39.9585; 87.7376, 39.2163; 89.613, 38.5049; 91.5004, 37.8241; 93.3999, 37.1738; 95.3088, 36.5543; 97.2267, 35.9658; 99.1532, 35.4083; 101.088, 34.8819; 103.031, 34.3868; 104.981, 33.9229; 106.938, 33.4904; 108.902, 33.0893; 110.872, 32.7197; 112.848, 32.3817; 114.83, 32.0755; 116.817, 31.801; 118.808, 31.5583; 120.805, 31.3476; 122.804, 31.169; 124.805, 31.023; 126.807, 30.9097; 128.811, 30.829; 130.816, 30.781; 132.821, 30.7656; 134.827, 30.7829; 136.832, 30.8329; 138.835, 30.9238; 140.828, 31.1433; 142.784, 31.5652; 144.656, 32.2728; 146.31, 33.3943; 147.504, 34.9842; 148.011, 36.573; 148.056, 36.8981; 148.111, 38.026; 148.068, 38.8987; 148.006, 39.505; 147.808, 40.8878; 147.794, 40.975; 147.492, 42.8672; 147.176, 44.8477; 146.859, 46.8282; 146.541, 48.8089; 146.221, 50.7894; 145.9, 52.7698; 145.576, 54.75; 145.249, 56.7298; 144.92, 58.7091; 144.587, 60.6877; 144.25, 62.6655; 143.909, 64.6425; 143.564, 66.6186; 143.214, 68.5938; 142.86, 70.5679; 142.5, 72.5411; 142.134, 74.5131; 141.762, 76.4847; 141.382, 78.4548; 140.996, 80.4233; 140.601, 82.3901; 140.199, 84.3552; 139.788, 86.3185; 139.369, 88.2799; 138.941, 90.2393; 138.503, 92.1964; 138.057, 94.1514; 137.6, 96.1041; 137.133, 98.0545; 136.656, 100.003; 136.167, 101.948; 135.667, 103.891; 135.155, 105.831; 134.63, 107.768; 134.093, 109.699; 133.541, 111.627; 132.97, 113.551; 132.378, 115.469; 131.764, 117.379; 131.125, 119.28; 130.457, 121.171; 129.759, 123.052; 129.028, 124.92; 128.263, 126.773; 127.461, 128.611; 126.619, 130.43; 125.736, 132.229; 124.808, 134.007; 123.834, 135.762; 122.813, 137.488; 121.742, 139.182; 120.622, 140.845; 119.452, 142.474; 118.23, 144.063; 116.955, 145.61; 115.63, 147.114; 114.251, 148.57; 112.818, 149.973; 111.332, 151.319; 109.794, 152.608; 108.205, 153.831; 106.564, 154.982; 104.874, 156.062; 103.136, 157.065; 101.355, 157.985; 99.5338, 158.821; 97.6756, 159.573; 95.7831, 160.238; 93.8591, 160.818; 91.9148, 161.313; 89.9532, 161.721; 87.977, 162.043; 85.9892, 162.279; 83.9925, 162.427; 81.9899, 162.489; 79.9842, 162.462; 77.9782, 162.348; 75.9777, 162.147; 73.9924, 161.854; 72.0258, 161.47; 70.0808, 160.995; 68.1608, 160.431; 66.2686, 159.778; 64.4074, 159.038; 62.5804, 158.212; 60.7906, 157.299; 59.0448, 156.308; 57.347, 155.241; 55.6989, 154.101; 54.1028, 152.888; 52.5611, 151.605; 51.0782, 150.254; 49.6582, 148.84; 48.3035, 147.363; 47.016, 145.826; 45.7981, 144.231; 44.6569, 142.583; 43.5957, 140.883; 42.6162, 139.134; 41.72, 137.34; ];
boundaryCurve{2} = [79.64, 49.974; 81.4485, 49.1049; 83.2664, 48.2568; 85.0937, 47.4296; 86.9304, 46.6233; 88.7765, 45.838; 90.632, 45.0737; 92.4968, 44.3303; 94.3708, 43.6079; 96.2513, 42.9075; 98.1391, 42.2286; 100.034, 41.5713; 101.937, 40.9355; 103.847, 40.3213; 105.764, 39.7286; 107.688, 39.1575; 109.619, 38.6081; 111.555, 38.0812; 113.496, 37.5763; 115.442, 37.0933; 117.394, 36.6325; 119.352, 36.1936; 121.316, 35.7767; 123.285, 35.3818; 125.259, 35.0091; 127.236, 34.6591; 129.216, 34.3316; 131.199, 34.0268; 133.185, 33.7446; 135.174, 33.4851; 137.166, 33.2481; 139.161, 33.0338; 141.149, 32.85; 143.163, 32.7666; 145.164, 32.8723; 147.128, 33.2583; 148.969, 34.0549; 150.483, 35.3426; 151.524, 37.0428; 152.058, 38.974; 152.204, 40.9722; 152.11, 42.9806; 151.884, 44.9679; 151.626, 46.9564; 151.366, 48.9454; 151.106, 50.9347; 150.844, 52.9241; 150.58, 54.9136; 150.314, 56.9031; 150.045, 58.8924; 149.772, 60.8815; 149.496, 62.8701; 149.215, 64.8581; 148.929, 66.8452; 148.638, 68.8313; 148.341, 70.8164; 148.038, 72.8003; 147.728, 74.7829; 147.411, 76.7641; 147.086, 78.7438; 146.754, 80.7218; 146.413, 82.6988; 146.062, 84.6756; 145.702, 86.6503; 145.331, 88.6229; 144.95, 90.5931; 144.558, 92.5609; 144.155, 94.5262; 143.74, 96.4887; 143.312, 98.4483; 142.872, 100.405; 142.418, 102.358; 141.951, 104.308; 141.47, 106.255; 140.974, 108.198; 140.463, 110.138; 139.936, 112.074; 139.393, 114.006; 138.833, 115.934; 138.257, 117.857; 137.664, 119.773; 137.051, 121.681; 136.415, 123.584; 135.753, 125.48; 135.063, 127.367; 134.343, 129.242; 133.591, 131.104; 132.804, 132.949; 131.98, 134.776; 131.117, 136.585; 130.209, 138.375; 129.255, 140.139; 128.253, 141.877; 127.205, 143.589; 126.107, 145.268; 124.952, 146.908; 123.743, 148.509; 122.481, 150.068; 121.163, 151.582; 119.788, 153.042; 118.359, 154.449; 116.879, 155.802; 115.35, 157.097; 113.772, 158.336; 112.145, 159.516; 110.477, 160.637; 108.773, 161.698; 107.034, 162.697; 105.263, 163.633; 103.461, 164.507; 101.63, 165.316; 99.7715, 166.061; 97.8872, 166.74; 95.9789, 167.353; 94.0482, 167.9; 92.0968, 168.379; 90.1268, 168.79; 88.1448, 169.131; 86.1549, 169.398; 84.159, 169.59; 82.1592, 169.708; 80.1577, 169.751; 78.1565, 169.721; 76.1576, 169.616; 74.1632, 169.436; 72.1753, 169.183; 70.1961, 168.856; 68.2276, 168.455; 66.2718, 167.98; 64.3348, 167.439; 62.4211, 166.831; 60.5323, 166.156; 58.6701, 165.416; 56.8361, 164.612; 55.0321, 163.744; 53.2597, 162.813; 51.5205, 161.82; 49.8163, 160.765; 48.1487, 159.65; 46.5194, 158.476; 44.9302, 157.243; 43.3911, 155.955; 41.9026, 154.611; 40.4661, 153.213; 39.0832, 151.762; 37.7553, 150.259; 36.484, 148.706; ];
boundaryCurve{3} = [80.985, 46.037; 82.8579, 45.3175; 84.7356, 44.6108; 86.618, 43.9171; 88.5051, 43.2363; 90.397, 42.5684; 92.2935, 41.9134; 94.1948, 41.2713; 96.0994, 40.6427; 98.0083, 40.0273; 99.9217, 39.425; 101.839, 38.8359; 103.762, 38.26; 105.688, 37.6973; 107.619, 37.1477; 109.552, 36.6111; 111.488, 36.0877; 113.429, 35.5776; 115.372, 35.0807; 117.32, 34.5971; 119.27, 34.1267; 121.225, 33.6696; 123.181, 33.226; 125.141, 32.7958; 127.103, 32.3791; 129.069, 31.9758; 131.037, 31.586; 133.008, 31.2096; 134.978, 30.848; 136.96, 30.5272; 138.955, 30.3094; 140.958, 30.2588; 142.95, 30.4583; 144.881, 30.9875; 146.665, 31.8935; 148.217, 33.1556; 149.5, 34.6923; 150.504, 36.4267; 151.241, 38.2898; 151.714, 40.2371; 151.929, 42.2298; 151.93, 44.2333; 151.755, 46.2308; 151.445, 48.2106; 151.036, 50.1753; 150.564, 52.1286; 150.068, 54.0702; 149.566, 56.0131; 149.065, 57.956; 148.564, 59.8989; 148.062, 61.8419; 147.561, 63.7848; 147.06, 65.7277; 146.558, 67.6706; 146.057, 69.6135; 145.556, 71.5565; 145.055, 73.4994; 144.553, 75.4424; 144.052, 77.3853; 143.551, 79.3283; 143.05, 81.2712; 142.549, 83.2141; 142.047, 85.157; 141.546, 87.1; 141.045, 89.0429; 140.543, 90.9858; 140.042, 92.9287; 139.541, 94.8716; 139.039, 96.8145; 138.538, 98.7574; 138.037, 100.7; 137.535, 102.643; 137.034, 104.586; 136.533, 106.529; 136.031, 108.472; 135.53, 110.415; 135.031, 112.348; 134.528, 114.274; 134.015, 116.208; 133.488, 118.145; 132.945, 120.084; 132.383, 122.02; 131.799, 123.952; 131.203, 125.869; 130.572, 127.774; 129.908, 129.666; 129.208, 131.546; 128.475, 133.413; 127.707, 135.267; 126.904, 137.106; 126.049, 138.921; 125.138, 140.707; 124.17, 142.463; 123.147, 144.187; 122.069, 145.878; 120.938, 147.535; 119.741, 149.147; 118.473, 150.702; 117.137, 152.197; 115.736, 153.63; 114.27, 154.998; 112.743, 156.3; 111.153, 157.526; 109.505, 158.667; 107.804, 159.728; 106.054, 160.706; 104.257, 161.599; 102.423, 162.411; 100.557, 163.146; 98.6623, 163.802; 96.7413, 164.379; 94.7978, 164.879; 92.8382, 165.307; 90.8649, 165.664; 88.8797, 165.949; 86.8846, 166.163; 84.8837, 166.31; 82.8796, 166.391; 80.8741, 166.407; 78.8686, 166.357; 76.8651, 166.241; 74.8676, 166.059; 72.8781, 165.811; 70.8983, 165.496; 68.9297, 165.116; 66.9742, 164.67; 65.0332, 164.159; 63.1119, 163.583; 61.2134, 162.938; 59.3394, 162.227; 57.4918, 161.449; 55.6723, 160.606; 53.8826, 159.698; 52.1303, 158.721; 50.4219, 157.673; 48.7594, 156.554; 47.1451, 155.367; 45.5812, 154.112; 44.0697, 152.792; 42.6205, 151.402; 41.2443, 149.944; 39.9432, 148.42; 38.7197, 146.832; 37.5762, 145.185; 36.515, 143.48; ];
openCurve = [true true true ];
