boundaryCurve{1} = [87.541, 304.565; 86.9509, 302.652; 86.3607, 300.74; 85.7711, 298.827; 85.1815, 296.915; 84.5917, 295.002; 85.1308, 293.135; 85.9991, 291.296; 86.8726, 289.474; 87.7514, 287.669; 88.6354, 285.881; 89.5247, 284.11; 90.4192, 282.355; 91.3287, 280.599; 92.2803, 278.79; 93.2371, 277.001; 94.1991, 275.232; 95.1664, 273.482; 96.1388, 271.751; 97.1165, 270.041; 98.1002, 268.348; 99.1424, 266.585; 100.19, 264.845; 101.243, 263.126; 102.301, 261.43; 103.365, 259.756; 104.434, 258.104; 105.521, 256.457; 106.664, 254.757; 107.812, 253.084; 108.964, 251.437; 110.122, 249.816; 111.286, 248.221; 112.454, 246.652; 113.682, 245.039; 114.932, 243.432; 116.189, 241.855; 117.45, 240.307; 118.717, 238.79; 119.989, 237.302; 121.322, 235.782; 122.686, 234.268; 124.055, 232.788; 125.429, 231.344; 126.808, 229.936; 128.192, 228.563; 129.669, 227.142; 131.154, 225.759; 132.643, 224.417; 134.138, 223.115; 135.637, 221.854; 137.174, 220.608; 138.752, 219.379; 140.355, 218.182; 141.983, 217.019; 143.634, 215.89; 144.348, 215.418; 144.363, 215.408; 144.378, 215.398; 144.394, 215.388; 144.409, 215.378; 144.424, 215.368; 144.44, 215.358; 144.455, 215.347; 144.866, 215.078; 145.266, 214.804; 145.299, 214.78; 145.658, 214.52; 146.037, 214.22; 146.401, 213.893; 146.746, 213.534; 146.802, 213.47; 147.07, 213.134; 147.37, 212.69; 147.785, 211.914; 147.848, 211.779; 148.178, 210.991; 148.552, 209.94; 148.564, 209.905; 148.912, 208.778; 149.134, 207.994; 149.261, 207.524; 149.603, 206.196; 149.639, 206.051; 149.942, 204.812; 150.111, 204.107; 150.282, 203.39; 150.308, 203.282; 150.334, 203.174; 150.36, 203.066; 150.385, 202.958; 150.411, 202.85; 150.437, 202.741; 150.463, 202.633; 150.489, 202.525; 150.578, 202.152; 151.057, 200.185; 151.546, 198.229; 152.044, 196.282; 152.553, 194.347; 153.07, 192.421; 153.598, 190.506; 154.135, 188.602; 154.695, 186.664; 155.269, 184.725; 155.853, 182.799; 156.446, 180.885; 157.05, 178.983; 157.664, 177.094; 158.288, 175.217; 158.932, 173.318; 159.595, 171.406; 160.269, 169.507; 160.952, 167.622; 161.646, 165.751; 162.351, 163.894; 163.065, 162.05; 163.805, 160.183; 164.565, 158.306; 165.335, 156.444; 166.115, 154.599; 166.906, 152.769; 167.708, 150.954; 168.52, 149.156; 169.367, 147.32; 170.23, 145.491; 171.104, 143.68; 171.988, 141.886; 172.884, 140.11; 173.79, 138.351; 174.718, 136.588; 175.681, 134.801; 176.655, 133.035; 177.639, 131.289; 178.635, 129.563; 179.642, 127.858; 180.662, 126.169; 181.732, 124.44; 182.813, 122.734; 183.905, 121.051; 185.009, 119.39; 186.124, 117.752; 187.251, 116.136; 188.435, 114.482; 189.63, 112.854; 190.837, 111.253; 192.056, 109.677; 193.287, 108.127; 194.543, 106.588; 195.853, 105.023; 197.169, 103.493; 198.491, 101.996; 199.82, 100.534; 201.164, 99.0957; 202.574, 97.6251; 203.989, 96.1872; 205.407, 94.7821; 206.829, 93.4097; 208.276, 92.05; 209.775, 90.6786; 211.276, 89.3408; 212.78, 88.0365; 214.286, 86.7659; 215.843, 85.4875; 217.419, 84.2236; 218.995, 82.9904; 220.57, 81.7882; 222.165, 80.6005; 223.805, 79.4082; 225.442, 78.2467; 227.075, 77.1159; 228.713, 76.0112; 230.408, 74.8924; 232.094, 73.7993; 233.773, 72.732; 235.448, 71.6878; 237.182, 70.6289; 238.905, 69.5945; 240.617, 68.5846; 242.332, 67.5912; 244.094, 66.5837; 245.839, 65.595; 247.567, 64.6252; 249.298, 63.6616; 251.048, 62.689; 252.797, 61.7167; 254.547, 60.7446; 256.296, 59.7723; 258.046, 58.8003; 259.795, 57.8283; 261.545, 56.8559; 263.294, 55.8838; 263.591, 55.719; 262.675, 57.106; 261.572, 58.7763; 260.47, 60.4467; 259.367, 62.117; 258.264, 63.7872; 257.161, 65.4574; 256.059, 67.1278; 254.956, 68.7982; 253.853, 70.4684; 252.751, 72.1389; 251.648, 73.8095; 250.545, 75.4797; 249.468, 77.1243; 248.413, 78.7943; 247.368, 80.5093; 246.334, 82.2694; 245.357, 83.9908; 244.405, 85.7259; 243.463, 87.4976; 242.531, 89.306; 241.642, 91.0866; 240.78, 92.864; 239.929, 94.6736; 239.088, 96.5156; 238.268, 98.365; 237.489, 100.172; 236.718, 102.007; 235.958, 103.868; 235.206, 105.757; 234.487, 107.614; 233.789, 109.463; 233.1, 111.337; 232.421, 113.234; 231.751, 115.155; 231.113, 117.031; 230.489, 118.912; 229.873, 120.812; 229.267, 122.733; 228.669, 124.674; 228.098, 126.576; 227.542, 128.477; 226.993, 130.396; 226.454, 132.332; 225.923, 134.287; 225.409, 136.224; 224.914, 138.141; 224.428, 140.073; 223.949, 142.019; 223.48, 143.981; 223.019, 145.959; 222.571, 147.934; 222.141, 149.896; 221.729, 151.843; 221.332, 153.79; 220.944, 155.775; 220.574, 157.746; 220.224, 159.7; 219.888, 161.672; 219.566, 163.664; 219.265, 165.638; 218.983, 167.596; 218.715, 169.6; 218.467, 171.594; 218.242, 173.568; 218.037, 175.556; 217.85, 177.565; 217.688, 179.554; 217.549, 181.529; 217.43, 183.551; 217.336, 185.55; 217.268, 187.527; 217.226, 189.548; 217.212, 191.553; 217.226, 193.533; 217.269, 195.55; 217.344, 197.555; 217.449, 199.532; 217.47, 199.871; 219.006, 199.197; 220.864, 198.411; 222.724, 197.658; 224.585, 196.937; 226.448, 196.248; 228.311, 195.591; 230.229, 194.95; 232.149, 194.343; 234.069, 193.772; 235.99, 193.235; 237.911, 192.733; 239.844, 192.263; 241.808, 191.822; 243.773, 191.416; 245.738, 191.046; 247.704, 190.712; 249.671, 190.415; 251.65, 190.151; 253.638, 189.923; 255.629, 189.732; 257.624, 189.578; 259.621, 189.46; 261.62, 189.379; 263.62, 189.336; 265.621, 189.329; 267.621, 189.36; 269.62, 189.429; 271.618, 189.534; 273.614, 189.676; 275.606, 189.855; 277.595, 190.07; 279.58, 190.322; 281.56, 190.609; 283.531, 190.932; 285.485, 191.288; 287.438, 191.679; 289.391, 192.106; 291.343, 192.568; 293.295, 193.066; 295.221, 193.592; 297.125, 194.147; 299.029, 194.736; 300.931, 195.358; 302.833, 196.015; 304.734, 196.705; 304.995, 198.467; 304.888, 200.466; 304.781, 202.465; 304.674, 204.463; 304.567, 206.462; 304.46, 208.461; 304.398, 209.62; 303.6, 209.323; 301.698, 208.641; 299.795, 207.994; 297.892, 207.381; 295.987, 206.803; 294.082, 206.259; 292.158, 205.745; 290.217, 205.262; 288.268, 204.813; 286.31, 204.399; 284.346, 204.019; 282.375, 203.675; 280.398, 203.367; 278.416, 203.096; 276.43, 202.862; 274.439, 202.665; 272.445, 202.505; 270.447, 202.382; 268.448, 202.297; 266.447, 202.25; 264.446, 202.241; 262.445, 202.269; 260.445, 202.336; 258.447, 202.44; 256.451, 202.582; 254.459, 202.761; 252.47, 202.977; 250.486, 203.231; 248.506, 203.521; 246.532, 203.847; 244.565, 204.209; 242.604, 204.605; 240.651, 205.037; 238.705, 205.504; 236.783, 206.001; 234.871, 206.531; 232.959, 207.095; 231.048, 207.695; 229.138, 208.329; 227.229, 208.998; 225.372, 209.683; 223.523, 210.398; 221.675, 211.145; 219.828, 211.925; 217.982, 212.738; 216.137, 213.583; 215.782, 213.749; 215.515, 213.875; 215.248, 214; 214.981, 214.125; 214.714, 214.25; 214.446, 214.376; 214.324, 214.433; 214.179, 214.501; 213.912, 214.626; 213.834, 213.938; 213.757, 213.25; 213.739, 213.089; 213.679, 212.563; 213.601, 211.875; 213.523, 211.187; 213.513, 211.1; 213.446, 210.499; 213.368, 209.811; 213.29, 209.124; 213.289, 209.112; 213.08, 207.146; 212.898, 205.161; 212.741, 203.156; 212.611, 201.139; 212.509, 199.164; 212.431, 197.171; 212.376, 195.161; 212.346, 193.138; 212.34, 191.162; 212.356, 189.17; 212.394, 187.161; 212.454, 185.136; 212.534, 183.156; 212.634, 181.169; 212.755, 179.168; 212.896, 177.152; 213.056, 175.162; 213.233, 173.186; 213.43, 171.197; 213.647, 169.194; 213.882, 167.186; 214.129, 165.225; 214.394, 163.251; 214.677, 161.266; 214.979, 159.268; 215.293, 157.291; 215.619, 155.335; 215.963, 153.369; 216.323, 151.392; 216.7, 149.404; 217.086, 147.452; 217.484, 145.507; 217.897, 143.552; 218.327, 141.587; 218.772, 139.613; 219.229, 137.642; 219.694, 135.687; 220.168, 133.746; 220.649, 131.818; 221.148, 129.868; 221.657, 127.923; 222.173, 125.994; 222.698, 124.08; 223.243, 122.14; 223.798, 120.208; 224.361, 118.294; 224.932, 116.396; 225.528, 114.464; 226.132, 112.551; 226.744, 110.656; 227.371, 108.763; 228.019, 106.852; 228.675, 104.962; 229.34, 103.092; 230.027, 101.203; 230.731, 99.3206; 231.444, 97.4586; 232.172, 95.6053; 232.926, 93.7298; 233.689, 