boundaryCurve{1} = [87.541, 304.565; 86.9512, 302.652; 86.3618, 300.74; 85.7726, 298.827; 85.1835, 296.914; 84.5944, 295.001; 85.1434, 293.098; 86.0335, 291.214; 86.929, 289.347; 87.8298, 287.499; 88.7361, 285.668; 89.6477, 283.855; 90.5648, 282.06; 91.4872, 280.284; 92.415, 278.525; 93.3482, 276.784; 94.2867, 275.061; 95.2307, 273.356; 96.18, 271.669; 97.1348, 269.999; 98.0954, 268.347; 99.1096, 266.622; 100.139, 264.905; 101.183, 263.198; 102.243, 261.5; 103.317, 259.812; 104.406, 258.134; 105.51, 256.465; 106.629, 254.806; 107.763, 253.157; 108.911, 251.518; 110.073, 249.889; 111.25, 248.27; 112.442, 246.662; 113.648, 245.064; 114.873, 243.482; 116.118, 241.915; 117.383, 240.365; 118.667, 238.831; 119.97, 237.313; 121.292, 235.812; 122.634, 234.327; 123.994, 232.86; 125.373, 231.41; 126.77, 229.977; 128.185, 228.561; 129.62, 227.166; 131.081, 225.798; 132.566, 224.458; 134.076, 223.146; 135.61, 221.863; 137.168, 220.608; 138.749, 219.383; 140.352, 218.188; 141.979, 217.022; 143.627, 215.887; 144.363, 215.395; 144.394, 215.375; 144.424, 215.355; 144.455, 215.334; 145.269, 214.791; 145.292, 214.775; 146.04, 214.206; 146.749, 213.52; 146.797, 213.466; 147.374, 212.678; 147.849, 211.775; 148.182, 210.978; 148.547, 209.955; 149.126, 208.02; 149.638, 206.057; 150.109, 204.122; 150.338, 203.161; 150.389, 202.945; 150.441, 202.728; 150.493, 202.512; 150.579, 202.152; 151.065, 200.155; 151.56, 198.17; 152.066, 196.196; 152.581, 194.232; 153.107, 192.28; 153.642, 190.339; 154.188, 188.409; 154.743, 186.49; 155.309, 184.582; 155.884, 182.686; 156.47, 180.8; 157.065, 178.925; 157.67, 177.062; 158.286, 175.209; 158.92, 173.336; 159.574, 171.445; 160.242, 169.558; 160.924, 167.677; 161.62, 165.801; 162.331, 163.93; 163.055, 162.064; 163.793, 160.205; 164.545, 158.35; 165.311, 156.501; 166.09, 154.658; 166.884, 152.821; 167.691, 150.989; 168.512, 149.164; 169.347, 147.345; 170.199, 145.534; 171.068, 143.731; 171.954, 141.937; 172.856, 140.15; 173.774, 138.373; 174.709, 136.604; 175.66, 134.843; 176.627, 133.092; 177.611, 131.349; 178.611, 129.615; 179.627, 127.891; 180.658, 126.176; 181.707, 124.471; 182.776, 122.779; 183.865, 121.1; 184.973, 119.434; 186.101, 117.781; 187.248, 116.142; 188.414, 114.517; 189.6, 112.905; 190.804, 111.307; 192.028, 109.724; 193.27, 108.154; 194.531, 106.6; 195.816, 105.066; 197.121, 103.548; 198.446, 102.049; 199.791, 100.567; 201.155, 99.1034; 202.538, 97.658; 203.941, 96.2309; 205.362, 94.8225; 206.803, 93.4329; 208.262, 92.0628; 209.739, 90.7127; 211.234, 89.3815; 212.745, 88.0696; 214.272, 86.777; 215.816, 85.5039; 217.376, 84.2504; 218.951, 83.0168; 220.543, 81.803; 222.169, 80.5938; 223.843, 79.3784; 225.515, 78.1949; 227.182, 77.0419; 228.845, 75.9184; 230.503, 74.8229; 232.154, 73.7544; 233.799, 72.7115; 235.444, 71.6881; 237.215, 70.6074; 238.975, 69.5528; 240.724, 68.5227; 242.46, 67.5155; 244.182, 66.5297; 245.889, 65.5637; 247.58, 64.6158; 249.291, 63.6635; 251.041, 62.6913; 252.79, 61.7191; 254.54, 60.7469; 256.289, 59.7747; 258.039, 58.8027; 259.789, 57.8307; 261.538, 56.8585; 263.288, 55.8863; 263.594, 55.716; 262.684, 57.0938; 261.582, 58.7641; 260.479, 60.4344; 259.376, 62.1046; 258.273, 63.7748; 257.17, 65.445; 256.068, 67.1153; 254.965, 68.7856; 253.862, 70.456; 252.76, 72.1264; 251.657, 73.7968; 250.554, 75.4673; 249.462, 77.1442; 248.395, 78.8375; 247.353, 80.5461; 246.337, 82.2698; 245.347, 84.0082; 244.382, 85.7612; 243.443, 87.5285; 242.53, 89.3096; 241.666, 91.0464; 240.826, 92.777; 239.997, 94.538; 239.176, 96.3292; 238.366, 98.1503; 237.565, 100.001; 236.774, 101.881; 235.993, 103.789; 235.222, 105.726; 234.505, 107.575; 233.823, 109.384; 233.148, 111.215; 232.483, 113.068; 231.827, 114.944; 231.179, 116.841; 230.541, 118.761; 229.912, 120.702; 229.292, 122.664; 228.681, 124.647; 228.115, 126.534; 227.568, 128.399; 227.03, 130.282; 226.499, 132.182; 225.978, 134.098; 225.464, 136.031; 224.959, 137.981; 224.463, 139.947; 223.975, 141.929; 223.497, 143.926; 223.027, 145.939; 222.571, 147.949; 222.134, 149.943; 221.716, 151.923; 221.316, 153.888; 220.935, 155.839; 220.572, 157.775; 220.228, 159.696; 219.892, 161.668; 219.564, 163.696; 219.258, 165.706; 218.973, 167.698; 218.709, 169.672; 218.467, 171.628; 218.246, 173.566; 218.04, 175.548; 217.85, 177.594; 217.684, 179.619; 217.544, 181.623; 217.429, 183.605; 217.339, 185.566; 217.274, 187.506; 217.233, 189.556; 217.22, 191.599; 217.235, 193.616; 217.279, 195.607; 217.352, 197.572; 217.454, 199.51; 217.476, 199.873; 218.962, 199.216; 220.804, 198.434; 222.658, 197.682; 224.524, 196.96; 226.4, 196.267; 228.288, 195.605; 230.185, 194.974; 232.093, 194.373; 234.01, 193.802; 235.937, 193.262; 237.873, 192.753; 239.817, 192.276; 241.769, 191.834; 243.728, 191.428; 245.694, 191.058; 247.666, 190.723; 249.643, 190.424; 251.626, 190.161; 253.613, 189.934; 255.604, 189.743; 257.599, 189.587; 259.596, 189.468; 261.597, 189.386; 263.598, 189.343; 265.599, 189.336; 267.599, 189.367; 269.598, 189.434; 271.595, 189.538; 273.59, 189.679; 275.582, 189.856; 277.57, 190.071; 279.555, 190.322; 281.536, 190.609; 283.511, 190.934; 285.48, 191.295; 287.442, 191.689; 289.396, 192.116; 291.343, 192.576; 293.282, 193.068; 295.211, 193.593; 297.132, 194.15; 299.043, 194.74; 300.945, 195.362; 302.836, 196.016; 304.716, 196.702; 304.996, 198.449; 304.889, 200.447; 304.782, 202.446; 304.674, 204.445; 304.567, 206.443; 304.461, 208.442; 304.4, 209.6; 303.611, 209.305; 301.728, 208.627; 299.834, 207.981; 297.93, 207.368; 296.016, 206.788; 294.092, 206.241; 292.16, 205.727; 290.218, 205.246; 288.269, 204.799; 286.312, 204.385; 284.347, 204.004; 282.375, 203.657; 280.397, 203.349; 278.413, 203.077; 276.426, 202.843; 274.435, 202.646; 272.441, 202.487; 270.444, 202.365; 268.446, 202.281; 266.445, 202.234; 264.444, 202.225; 262.443, 202.253; 260.442, 202.319; 258.442, 202.425; 256.446, 202.568; 254.454, 202.747; 252.465, 202.963; 250.481, 203.215; 248.503, 203.504; 246.529, 203.828; 244.562, 204.189; 242.602, 204.586; 240.648, 205.019; 238.702, 205.488; 236.765, 205.993; 234.837, 206.53; 232.918, 207.097; 231.009, 207.695; 229.11, 208.324; 227.222, 208.983; 225.344, 209.672; 223.478, 210.392; 221.623, 211.141; 219.781, 211.92; 217.95, 212.729; 216.133, 213.567; 215.52, 213.855; 214.986, 214.105; 214.451, 214.356; 214.32, 214.417; 213.917, 214.606; 213.743, 213.06; 213.518, 211.071; 213.293, 209.082; 213.085, 207.091; 212.902, 205.098; 212.746, 203.103; 212.615, 201.107; 212.51, 199.108; 212.431, 197.109; 212.378, 195.108; 212.351, 193.112; 212.344, 191.169; 212.36, 189.21; 212.397, 187.237; 212.455, 185.248; 212.535, 183.243; 212.637, 181.224; 212.76, 179.189; 212.905, 177.138; 213.065, 175.152; 213.239, 173.209; 213.432, 171.253; 213.644, 169.286; 213.875, 167.305; 214.125, 165.313; 214.393, 163.307; 214.681, 161.289; 214.987, 159.259; 215.302, 157.281; 215.623, 155.358; 215.96, 153.425; 216.314, 151.481; 216.684, 149.526; 217.071, 147.561; 217.474, 145.586; 217.893, 143.6; 218.329, 141.604; 218.781, 139.597; 219.245, 137.6; 219.716, 135.622; 220.195, 133.658; 220.682, 131.708; 221.176, 129.773; 221.679, 127.853; 222.19, 125.947; 222.708, 124.055; 223.259, 122.094; 223.822, 120.135; 224.393, 118.195; 224.973, 116.273; 225.56, 114.369; 226.156, 112.484; 226.76, 110.617; 227.384, 108.733; 228.042, 106.792; 228.708, 104.873; 229.384, 102.976; 230.067, 101.1; 230.76, 99.2461; 231.461, 97.4141; 232.182, 95.5771; 232.949, 93.6683; 233.726, 91.7869; 234.512, 89.9326; 235.307, 88.1056; 236.11, 86.3058; 236.923, 84.5332; 237.273, 83.784; 236.315, 84.3701; 234.64, 85.4106; 232.963, 86.4738; 231.283, 87.5608; 229.603, 88.673; 227.921, 89.8116; 226.275, 90.9528; 224.677, 92.0881; 223.079, 93.2524; 221.482, 94.4468; 219.886, 95.6723; 218.291, 96.93; 216.699, 98.221; 215.203, 99.4665; 213.714, 100.74; 212.227, 102.047; 210.742, 103.387; 209.26, 104.761; 207.782, 106.171; 206.309, 107.615; 204.9, 109.037; 203.511, 110.477; 202.142, 111.936; 200.792, 113.414; 199.462, 114.909; 198.152, 116.422; 196.863, 