boundaryCurve{1} = [41.791, 267.552; 40.5253, 266.001; 39.2593, 264.449; 37.9938, 262.898; 37.365, 262.128; 38.1471, 261.493; 39.709, 260.242; 41.2828, 259.006; 42.8683, 257.784; 44.4658, 256.577; 46.075, 255.384; 47.6951, 254.206; 49.3248, 253.044; 50.965, 251.896; 52.6157, 250.764; 54.2769, 249.647; 55.9486, 248.545; 57.6301, 247.458; 59.3205, 246.387; 61.0208, 245.331; 62.7309, 244.291; 64.4508, 243.266; 66.1805, 242.256; 67.9194, 241.262; 69.6664, 240.284; 71.422, 239.322; 73.1863, 238.377; 74.9592, 237.447; 76.7408, 236.533; 78.5307, 235.636; 80.3277, 234.754; 82.1326, 233.888; 83.9452, 233.039; 85.7656, 232.206; 87.5939, 231.39; 89.4301, 230.589; 91.2737, 229.806; 93.1236, 229.039; 94.9799, 228.289; 96.8423, 227.556; 98.7111, 226.841; 100.586, 226.142; 102.469, 225.46; 104.358, 224.795; 106.252, 224.147; 108.152, 223.518; 110.058, 222.905; 111.969, 222.31; 113.888, 221.732; 115.811, 221.173; 117.738, 220.631; 119.67, 220.108; 121.606, 219.602; 123.393, 219.152; 123.415, 219.152; 123.437, 219.146; 123.459, 219.146; 123.481, 219.14; 123.503, 219.14; 123.526, 219.14; 123.549, 219.134; 124.138, 218.988; 124.717, 218.839; 125.28, 218.685; 125.487, 218.625; 125.825, 218.521; 126.346, 218.344; 126.846, 218.144; 127.312, 217.928; 127.352, 217.908; 127.744, 217.687; 128.344, 217.265; 128.908, 216.765; 128.951, 216.722; 129.445, 216.195; 129.962, 215.564; 130.239, 215.195; 130.462, 214.883; 130.954, 214.162; 131.362, 213.534; 131.441, 213.411; 131.929, 212.639; 131.966, 212.58; 132.003, 212.521; 132.04, 212.463; 132.077, 212.404; 132.115, 212.345; 132.152, 212.287; 132.189, 212.228; 132.226, 212.169; 132.432, 211.845; 133.516, 210.179; 134.634, 208.527; 135.787, 206.888; 136.974, 205.262; 138.184, 203.664; 139.412, 202.099; 140.672, 200.549; 141.963, 199.014; 143.285, 197.495; 144.62, 196.01; 145.973, 194.554; 147.355, 193.111; 148.767, 191.684; 150.207, 190.271; 151.654, 188.894; 153.115, 187.544; 154.601, 186.21; 156.114, 184.89; 157.652, 183.586; 159.194, 182.315; 160.744, 181.073; 162.319, 179.847; 163.918, 178.635; 165.541, 177.438; 167.173, 176.267; 168.8, 175.13; 170.448, 174.009; 172.119, 172.903; 173.811, 171.813; 175.524, 170.738; 177.214, 169.706; 178.923, 168.688; 180.653, 167.686; 182.404, 166.698; 184.174, 165.725; 185.939, 164.781; 187.7, 163.864; 189.478, 162.962; 191.275, 162.075; 193.09, 161.203; 194.922, 160.347; 196.745, 159.516; 198.574, 158.705; 200.411, 157.91; 202.257, 157.133; 204.111, 156.374; 205.973, 155.631; 207.839, 154.903; 209.711, 154.191; 211.587, 153.493; 213.467, 152.81; 215.355, 152.141; 217.25, 151.486; 219.147, 150.844; 221.048, 150.216; 222.951, 149.603; 224.86, 149.003; 226.782, 148.411; 228.702, 147.832; 230.622, 147.266; 232.541, 146.711; 234.459, 146.169; 236.4, 145.631; 238.337, 145.104; 240.272, 144.588; 242.204, 144.083; 244.134, 143.59; 246.091, 143.1; 248.044, 142.617; 249.991, 142.143; 251.93, 141.678; 253.862, 141.223; 255.828, 140.767; 257.792, 140.318; 259.746, 139.877; 261.69, 139.444; 263.625, 139.02; 265.609, 138.59; 267.58, 138.165; 269.537, 137.747; 271.479, 137.336; 273.415, 136.928; 275.374, 136.516; 277.334, 136.104; 279.293, 135.693; 281.253, 135.281; 283.212, 134.87; 285.172, 134.458; 287.131, 134.047; 289.091, 133.635; 291.05, 133.224; 293.01, 132.812; 294.691, 132.458; 294.445, 132.599; 292.707, 133.594; 290.969, 134.589; 289.232, 135.584; 287.494, 136.579; 285.757, 137.573; 284.019, 138.568; 282.281, 139.563; 280.544, 140.558; 278.806, 141.553; 277.068, 142.548; 275.331, 143.543; 273.603, 144.556; 271.895, 145.601; 270.208, 146.676; 268.539, 147.782; 266.891, 148.919; 265.265, 150.086; 263.66, 151.283; 262.078, 152.508; 260.518, 153.763; 258.981, 155.045; 257.467, 156.356; 255.978, 157.694; 254.513, 159.058; 253.074, 160.45; 251.661, 161.867; 250.273, 163.31; 248.912, 164.778; 247.577, 166.27; 246.271, 167.786; 244.992, 169.326; 243.742, 170.89; 242.521, 172.475; 241.328, 174.083; 240.164, 175.713; 239.031, 177.363; 237.93, 179.034; 236.859, 180.726; 235.807, 182.462; 234.808, 184.201; 233.864, 185.947; 232.952, 187.751; 232.116, 189.536; 231.314, 191.402; 230.602, 193.241; 229.943, 195.159; 229.382, 197.051; 228.898, 199.018; 228.523, 200.958; 228.254, 202.941; 228.104, 204.937; 228.087, 206.937; 228.209, 208.934; 228.447, 210.722; 228.642, 210.689; 230.619, 210.361; 232.596, 210.043; 234.575, 209.735; 236.555, 209.436; 238.536, 209.147; 240.518, 208.868; 242.5, 208.599; 244.484, 208.339; 246.473, 208.089; 248.461, 207.849; 250.451, 207.618; 252.44, 207.397; 254.431, 207.185; 256.422, 206.984; 258.414, 206.792; 260.406, 206.61; 262.402, 206.437; 264.398, 206.274; 266.394, 206.121; 268.391, 205.978; 270.388, 205.844; 272.386, 205.72; 274.385, 205.606; 276.384, 205.502; 278.384, 205.407; 280.385, 205.323; 282.386, 205.248; 284.386, 205.183; 286.388, 205.128; 288.389, 205.083; 290.391, 205.048; 292.392, 205.023; 294.394, 205.007; 296.396, 205.002; 298.397, 205.006; 300.399, 205.02; 302.402, 205.043; 304.404, 205.076; 306.406, 205.119; 308.408, 205.171; 310.408, 205.234; 312.409, 205.306; 314.409, 205.388; 316.409, 205.48; 318.409, 205.581; 320.408, 205.693; 322.407, 205.814; 324.404, 205.944; 326.4, 206.084; 328.395, 206.234; 330.391, 206.394; 332.385, 206.564; 334.38, 206.744; 336.374, 206.934; 338.368, 207.134; 340.358, 207.344; 342.347, 207.563; 344.335, 207.791; 346.323, 208.029; 348.31, 208.276; 350.296, 208.533; 352.282, 208.799; 354.267, 209.075; 354.288, 209.078; 354.01, 211.039; 353.729, 213.022; 353.448, 215.004; 353.306, 216.008; 352.326, 215.87; 350.341, 215.598; 348.354, 215.336; 346.368, 215.084; 344.38, 214.842; 342.393, 214.61; 340.404, 214.388; 338.415, 214.176; 336.424, 213.974; 334.429, 213.781; 332.435, 213.598; 330.44, 213.425; 328.445, 213.262; 326.449, 213.109; 324.453, 212.966; 322.456, 212.833; 320.458, 212.71; 318.458, 212.596; 316.458, 212.493; 314.458, 212.399; 312.458, 212.316; 310.458, 212.242; 308.457, 212.178; 306.456, 212.124; 304.454, 212.08; 302.452, 212.046; 300.449, 212.023; 298.447, 212.009; 296.445, 212.005; 294.444, 212.011; 292.442, 212.027; 290.441, 212.053; 288.439, 212.089; 286.438, 212.135; 284.437, 212.19; 282.436, 212.256; 280.436, 212.332; 278.435, 212.418; 276.435, 212.514; 274.435, 212.62; 272.437, 212.736; 270.439, 212.861; 268.442, 212.997; 266.445, 213.142; 264.449, 213.298; 262.454, 213.463; 260.459, 213.638; 258.465, 213.823; 256.473, 214.017; 254.482, 214.222; 252.493, 214.437; 250.504, 214.662; 248.515, 214.897; 246.528, 215.141; 244.541, 215.396; 242.555, 215.66; 240.573, 215.934; 238.592, 216.218; 236.613, 216.511; 234.635, 216.815; 232.657, 217.128; 230.68, 217.451; 228.705, 217.784; 226.73, 218.127; 226.022, 218.252; 225.638, 218.32; 225.254, 218.388; 224.87, 218.456; 224.758, 218.476; 224.486, 218.524; 224.103, 218.592; 223.719, 218.66; 223.335, 218.728; 223.223, 218.354; 223.175, 218.194; 223.112, 217.981; 223, 217.607; 222.888, 217.234; 222.777, 216.861; 222.665, 216.487; 222.602, 216.276; 222.553, 216.114; 222.441, 215.74; 222.059, 214.35; 221.634, 212.396; 221.329, 210.418; 221.142, 208.427; 221.072, 206.427; 221.115, 204.427; 221.265, 202.432; 221.515, 200.446; 221.859, 198.475; 222.291, 196.521; 222.803, 194.586; 223.389, 192.685; 224.036, 190.822; 224.763, 188.938; 225.541, 187.099; 226.368, 185.293; 227.265, 183.472; 228.186, 181.718; 229.154, 179.979; 230.184, 178.225; 231.242, 176.507; 232.321, 174.821; 233.43, 173.154; 234.567, 171.507; 235.733, 169.88; 236.928, 168.272; 238.148, 166.686; 239.396, 165.12; 240.67, 163.575; 241.971, 162.054; 243.298, 160.555; 244.651, 159.08; 246.03, 157.628; 247.433, 156.199; 248.859, 154.793; 250.308, 153.413; 251.78, 152.056; 253.274, 150.723; 254.792, 149.417; 256.334, 148.141; 256.882, 147.699; 255.621, 147.991; 253.675, 148.446; 251.726, 148.91; 249.775, 149.382; 247.833, 149.859; 245.892, 150.345; 243.951, 150.841; 242.01, 151.347; 240.079, 151.86; 238.148, 152.384; 236.217, 152.919; 234.286, 153.464; 232.365, 154.019; 230.445, 154.587; 228.528, 155.168; 226.615, 155.76; 224.708,