boundaryCurve{1} = [41.791, 267.552; 40.5234, 266.002; 39.2574, 264.451; 37.9916, 262.9; 37.365, 262.132; 38.1501, 261.494; 39.7131, 260.243; 41.2873, 259.006; 42.8728, 257.784; 44.4694, 256.576; 46.077, 255.383; 47.6954, 254.206; 49.3247, 253.043; 50.9647, 251.895; 52.6153, 250.762; 54.2763, 249.644; 55.9478, 248.542; 57.63, 247.455; 59.3227, 246.383; 61.0246, 245.326; 62.7356, 244.286; 64.4557, 243.261; 66.1846, 242.251; 67.9224, 241.258; 69.6689, 240.28; 71.424, 239.318; 73.1875, 238.372; 74.9595, 237.443; 76.7396, 236.529; 78.528, 235.631; 80.3244, 234.75; 82.1287, 233.885; 83.9408, 233.036; 85.7607, 232.203; 87.5881, 231.387; 89.4231, 230.587; 91.2654, 229.804; 93.115, 229.037; 94.9718, 228.287; 96.8357, 227.554; 98.7064, 226.837; 100.584, 226.137; 102.466, 225.455; 104.355, 224.79; 106.249, 224.143; 108.149, 223.513; 110.055, 222.901; 111.967, 222.306; 113.883, 221.729; 115.805, 221.17; 117.733, 220.628; 119.665, 220.105; 121.602, 219.599; 123.408, 219.144; 123.452, 219.133; 123.496, 219.122; 123.541, 219.111; 123.544, 219.11; 124.71, 218.811; 125.485, 218.596; 125.818, 218.493; 126.835, 218.121; 127.346, 217.884; 128.941, 216.694; 129.948, 215.541; 130.223, 215.175; 130.941, 214.141; 131.347, 213.518; 131.916, 212.618; 131.99, 212.5; 132.064, 212.383; 132.139, 212.266; 132.213, 212.148; 132.424, 211.818; 133.518, 210.141; 134.641, 208.484; 135.793, 206.847; 136.972, 205.231; 138.18, 203.635; 139.414, 202.06; 140.677, 200.507; 141.966, 198.976; 143.282, 197.467; 144.623, 195.98; 145.987, 194.514; 147.372, 193.069; 148.779, 191.645; 150.206, 190.242; 151.654, 188.861; 153.123, 187.502; 154.612, 186.164; 156.121, 184.849; 157.65, 183.556; 159.198, 182.286; 160.762, 181.035; 162.341, 179.805; 163.936, 178.596; 165.546, 177.407; 167.172, 176.239; 168.812, 175.092; 170.467, 173.966; 172.136, 172.862; 173.82, 171.779; 175.518, 170.717; 177.228, 169.675; 178.949, 168.653; 180.682, 167.65; 182.425, 166.666; 184.179, 165.702; 185.944, 164.757; 187.719, 163.832; 189.504, 162.927; 191.299, 162.041; 193.105, 161.176; 194.92, 160.33; 196.742, 159.501; 198.572, 158.69; 200.41, 157.896; 202.256, 157.119; 204.109, 156.359; 205.969, 155.615; 207.835, 154.887; 209.706, 154.175; 211.583, 153.479; 213.463, 152.797; 215.355, 152.128; 217.258, 151.471; 219.164, 150.827; 221.072, 150.198; 222.982, 149.583; 224.894, 148.981; 226.806, 148.392; 228.719, 147.815; 230.631, 147.251; 232.543, 146.699; 234.454, 146.159; 236.412, 145.617; 238.369, 145.086; 240.322, 144.567; 242.271, 144.058; 244.216, 143.56; 246.156, 143.072; 248.091, 142.594; 250.02, 142.125; 251.942, 141.665; 253.857, 141.213; 255.849, 140.75; 257.844, 140.294; 259.83, 139.846; 261.804, 139.407; 263.767, 138.976; 265.719, 138.553; 267.658, 138.136; 269.583, 137.726; 271.495, 137.322; 273.407, 136.919; 275.367, 136.507; 277.326, 136.096; 279.286, 135.684; 281.245, 135.272; 283.205, 134.861; 285.164, 134.449; 287.124, 134.038; 289.083, 133.626; 291.042, 133.215; 293.002, 132.803; 294.67, 132.452; 294.412, 132.6; 292.674, 133.595; 290.937, 134.59; 289.199, 135.585; 287.461, 136.579; 285.724, 137.574; 283.986, 138.569; 282.249, 139.564; 280.511, 140.559; 278.773, 141.553; 277.036, 142.548; 275.298, 143.544; 273.563, 144.562; 271.85, 145.611; 270.158, 146.69; 268.487, 147.798; 266.838, 148.937; 265.211, 150.104; 263.607, 151.3; 262.026, 152.525; 260.469, 153.777; 258.935, 155.058; 257.425, 156.365; 255.939, 157.7; 254.479, 159.062; 253.043, 160.45; 251.633, 161.863; 250.249, 163.303; 248.891, 164.768; 247.56, 166.257; 246.256, 167.772; 244.979, 169.31; 243.729, 170.873; 242.508, 172.459; 241.315, 174.068; 240.151, 175.7; 239.016, 177.354; 237.91, 179.031; 236.834, 180.729; 235.792, 182.443; 234.794, 184.179; 233.845, 185.941; 232.943, 187.728; 232.09, 189.539; 231.298, 191.377; 230.578, 193.245; 229.931, 195.138; 229.358, 197.057; 228.876, 198.999; 228.501, 200.965; 228.235, 202.948; 228.081, 204.944; 228.066, 206.944; 228.193, 208.94; 228.428, 210.717; 228.634, 210.682; 230.613, 210.354; 232.593, 210.036; 234.573, 209.727; 236.555, 209.429; 238.537, 209.14; 240.52, 208.86; 242.504, 208.591; 244.489, 208.331; 246.474, 208.081; 248.461, 207.841; 250.448, 207.61; 252.437, 207.389; 254.426, 207.178; 256.415, 206.977; 258.406, 206.786; 260.399, 206.604; 262.396, 206.431; 264.393, 206.269; 266.39, 206.116; 268.388, 205.973; 270.386, 205.839; 272.384, 205.716; 274.383, 205.602; 276.382, 205.498; 278.381, 205.403; 280.38, 205.319; 282.38, 205.244; 284.38, 205.179; 286.381, 205.124; 288.382, 205.079; 290.383, 205.043; 292.384, 205.017; 294.385, 205.001; 296.386, 204.995; 298.387, 204.998; 300.388, 205.012; 302.389, 205.035; 304.39, 205.068; 306.391, 205.11; 308.392, 205.163; 310.393, 205.225; 312.394, 205.297; 314.395, 205.379; 316.396, 205.47; 318.397, 205.572; 320.398, 205.683; 322.399, 205.804; 324.395, 205.934; 326.39, 206.074; 328.384, 206.224; 330.378, 206.384; 332.371, 206.553; 334.364, 206.733; 336.356, 206.922; 338.347, 207.121; 340.338, 207.329; 342.328, 207.548; 344.318, 207.776; 346.307, 208.014; 348.296, 208.262; 350.284, 208.52; 352.271, 208.787; 354.258, 209.065; 354.275, 209.067; 353.996, 211.033; 353.715, 213.015; 353.433, 214.997; 353.29, 216; 352.308, 215.862; 350.321, 215.59; 348.333, 215.328; 346.344, 215.075; 344.355, 214.833; 342.365, 214.601; 340.375, 214.378; 338.384, 214.166; 336.393, 213.963; 334.401, 213.77; 332.409, 213.588; 330.416, 213.415; 328.422, 213.252; 326.428, 213.099; 324.434, 212.956; 322.439, 212.823; 320.44, 212.699; 318.439, 212.586; 316.437, 212.482; 314.436, 212.389; 312.435, 212.305; 310.434, 212.231; 308.433, 212.168; 306.432, 212.114; 304.431, 212.07; 302.43, 212.036; 300.429, 212.013; 298.428, 211.999; 296.427, 211.995; 294.426, 212.001; 292.425, 212.017; 290.424, 212.043; 288.423, 212.079; 286.423, 212.125; 284.422, 212.18; 282.423, 212.246; 280.423, 212.322; 278.424, 212.407; 276.425, 212.503; 274.426, 212.608; 272.428, 212.724; 270.43, 212.849; 268.432, 212.984; 266.435, 213.13; 264.438, 213.285; 262.441, 213.45; 260.445, 213.625; 258.449, 213.811; 256.457, 214.005; 254.468, 214.21; 252.48, 214.424; 250.493, 214.648; 248.506, 214.883; 246.521, 215.127; 244.536, 215.381; 242.552, 215.645; 240.569, 215.919; 238.587, 216.203; 236.606, 216.497; 234.626, 216.8; 232.647, 217.114; 230.668, 217.438; 228.691, 217.771; 226.714, 218.115; 224.742, 218.464; 223.319, 218.716; 223.16, 218.182; 222.586, 216.264; 222.044, 214.336; 221.618, 212.382; 221.312, 210.407; 221.126, 208.416; 221.062, 206.414; 221.107, 204.414; 221.253, 202.419; 221.499, 200.434; 221.845, 198.463; 222.285, 196.509; 222.797, 194.575; 223.38, 192.661; 224.034, 190.77; 224.757, 188.904; 225.545, 187.063; 226.381, 185.244; 227.262, 183.447; 228.19, 181.674; 229.162, 179.925; 230.18, 178.2; 231.232, 176.495; 232.311, 174.809; 233.418, 173.142; 234.555, 171.496; 235.719, 169.869; 236.914, 168.26; 238.135, 166.673; 239.382, 165.108; 240.656, 163.565; 241.956, 162.045; 243.282, 160.546; 244.634, 159.071; 246.01, 157.618; 247.412, 156.19; 248.838, 154.785; 250.289, 153.404; 251.763, 152.048; 253.259, 150.719; 254.777, 149.416; 256.318, 148.139; 256.867, 147.694; 255.613, 147.984; 253.673, 148.438; 251.731, 148.9; 249.787, 149.37; 247.842, 149.849; 245.895, 150.337; 243.947, 150.834; 241.998, 151.342; 240.071, 151.853; 238.144, 152.375; 236.218, 152.908; 234.292, 153.453; 232.367, 154.009; 230.443, 154.578; 228.521, 155.16; 226.605, 155.755; 224.702, 156.358; 222.802, 156.975; 220.903, 157.606; 219.008, 158.251; 217.116, 158.91; 215.228, 159.585; 213.344, 160.276; 211.471, 160.981; 209.608, 161.699; 207.75, 162.435; 205.897, 163.187; 204.049, 163.957; 202.207, 164.745; 200.37, 165.551; 198.539, 166.375; 196.719, 167.215; 194.911, 168.075; 193.113, 168.955; 191.325, 169.855; 189.548, 170.777; 187.782, 171.718; 186.026, 172.68; 184.282, 173.662; 182.549, 174.664; 180.828, 175.687; 179.118, 176.729; 177.421, 177.792; 175.739, 178.877; 174.071, 179.985; 172.419, 181.115; 170.783, 182.267; 169.161, 183.44; 167.556, 184.636;